"Plot Title: CT_20739336"
"#","Date Time, GMT-08:00","Temp, °C (LGR S/N: 20739336, SEN S/N: 20739336)","Specific Conductance, μS/cm (LGR S/N: 20739336)","Salinity, ppt (LGR S/N: 20739336)"
1,03/06/20 12:30:10 PM,21.85,0.0,0.0123
2,03/06/20 12:30:20 PM,21.87,0.0,0.0123
3,03/06/20 12:30:30 PM,21.90,0.0,0.0123
4,03/06/20 12:30:40 PM,21.93,0.0,0.0123
5,03/06/20 12:30:50 PM,21.97,0.0,0.0123
6,03/06/20 12:31:00 PM,21.99,0.0,0.0123
7,03/06/20 12:31:10 PM,22.03,0.0,0.0123
8,03/06/20 12:31:20 PM,22.06,0.0,0.0123
9,03/06/20 12:31:30 PM,22.09,0.0,0.0123
10,03/06/20 12:31:40 PM,22.12,0.0,0.0123
11,03/06/20 12:31:50 PM,22.14,0.0,0.0123
12,03/06/20 12:32:00 PM,22.17,0.0,0.0123
13,03/06/20 12:32:10 PM,22.20,0.0,0.0123
14,03/06/20 12:32:20 PM,22.21,0.0,0.0123
15,03/06/20 12:32:30 PM,22.25,0.0,0.0123
16,03/06/20 12:32:40 PM,22.26,0.0,0.0123
17,03/06/20 12:32:50 PM,22.29,0.0,0.0123
18,03/06/20 12:33:00 PM,22.31,0.0,0.0123
19,03/06/20 12:33:10 PM,22.32,0.0,0.0123
20,03/06/20 12:33:20 PM,22.35,0.0,0.0123
21,03/06/20 12:33:30 PM,22.37,0.0,0.0123
22,03/06/20 12:33:40 PM,22.39,0.0,0.0123
23,03/06/20 12:33:50 PM,22.41,0.0,0.0123
24,03/06/20 12:34:00 PM,22.42,0.0,0.0123
25,03/06/20 12:34:10 PM,22.45,0.0,0.0123
26,03/06/20 12:34:20 PM,22.46,0.0,0.0123
27,03/06/20 12:34:30 PM,22.47,0.0,0.0123
28,03/06/20 12:34:40 PM,22.50,0.0,0.0123
29,03/06/20 12:34:50 PM,22.51,0.0,0.0123
30,03/06/20 12:35:00 PM,22.52,0.0,0.0123
31,03/06/20 12:35:10 PM,22.53,0.0,0.0123
32,03/06/20 12:35:20 PM,22.56,0.0,0.0123
33,03/06/20 12:35:30 PM,22.57,0.0,0.0123
34,03/06/20 12:35:40 PM,22.58,0.0,0.0123
35,03/06/20 12:35:50 PM,22.59,0.0,0.0123
36,03/06/20 12:36:00 PM,22.61,0.0,0.0123
37,03/06/20 12:36:10 PM,22.62,0.0,0.0123
38,03/06/20 12:36:20 PM,22.64,0.0,0.0123
39,03/06/20 12:36:30 PM,22.65,0.0,0.0123
40,03/06/20 12:36:40 PM,22.67,0.0,0.0123
41,03/06/20 12:36:50 PM,22.68,0.0,0.0123
42,03/06/20 12:37:00 PM,22.69,0.0,0.0123
43,03/06/20 12:37:10 PM,22.70,0.0,0.0123
44,03/06/20 12:37:20 PM,22.72,0.0,0.0123
45,03/06/20 12:37:30 PM,22.73,0.0,0.0123
46,03/06/20 12:37:40 PM,22.74,0.0,0.0123
47,03/06/20 12:37:50 PM,22.75,0.0,0.0123
48,03/06/20 12:38:00 PM,22.78,0.0,0.0123
49,03/06/20 12:38:10 PM,22.80,0.0,0.0123
50,03/06/20 12:38:20 PM,22.81,0.0,0.0123
51,03/06/20 12:38:30 PM,22.81,0.0,0.0123
52,03/06/20 12:38:40 PM,22.86,0.0,0.0123
53,03/06/20 12:38:50 PM,22.89,0.0,0.0123
54,03/06/20 12:39:00 PM,22.89,0.0,0.0123
55,03/06/20 12:39:10 PM,22.89,0.0,0.0123
56,03/06/20 12:39:20 PM,22.90,0.0,0.0123
57,03/06/20 12:39:30 PM,22.91,0.0,0.0123
58,03/06/20 12:39:40 PM,22.92,0.0,0.0123
59,03/06/20 12:39:50 PM,22.94,0.0,0.0123
60,03/06/20 12:40:00 PM,22.95,0.0,0.0123
61,03/06/20 12:40:10 PM,22.96,0.0,0.0123
62,03/06/20 12:40:20 PM,22.99,0.0,0.0123
63,03/06/20 12:40:30 PM,23.01,0.0,0.0123
64,03/06/20 12:40:40 PM,23.02,0.0,0.0123
65,03/06/20 12:40:50 PM,23.03,0.0,0.0123
66,03/06/20 12:41:00 PM,23.11,0.0,0.0123
67,03/06/20 12:41:10 PM,23.14,0.0,0.0123
68,03/06/20 12:41:20 PM,23.13,0.0,0.0123
69,03/06/20 12:41:30 PM,23.13,0.0,0.0123
70,03/06/20 12:41:40 PM,23.13,0.0,0.0123
71,03/06/20 12:41:50 PM,23.13,0.0,0.0123
72,03/06/20 12:42:00 PM,23.16,0.0,0.0123
73,03/06/20 12:42:10 PM,23.17,0.0,0.0123
74,03/06/20 12:42:20 PM,23.19,0.0,0.0123
75,03/06/20 12:42:30 PM,23.24,0.0,0.0123
76,03/06/20 12:42:40 PM,23.28,0.0,0.0123
77,03/06/20 12:42:50 PM,23.36,0.0,0.0123
78,03/06/20 12:43:00 PM,23.43,0.0,0.0123
79,03/06/20 12:43:10 PM,23.50,0.0,0.0123
80,03/06/20 12:43:20 PM,23.59,0.0,0.0123
81,03/06/20 12:43:30 PM,23.67,0.0,0.0123
82,03/06/20 12:43:40 PM,23.74,0.0,0.0123
83,03/06/20 12:43:50 PM,23.82,0.0,0.0123
84,03/06/20 12:44:00 PM,23.89,0.0,0.0123
85,03/06/20 12:44:10 PM,23.98,0.0,0.0123
86,03/06/20 12:44:20 PM,24.04,0.0,0.0123
87,03/06/20 12:44:30 PM,24.11,0.0,0.0123
88,03/06/20 12:44:40 PM,24.20,0.0,0.0123
89,03/06/20 12:44:50 PM,24.41,0.0,0.0123
90,03/06/20 12:45:00 PM,24.48,0.0,0.0123
91,03/06/20 12:45:10 PM,24.53,0.0,0.0123
92,03/06/20 12:45:20 PM,24.63,0.0,0.0123
93,03/06/20 12:45:30 PM,24.69,0.0,0.0123
94,03/06/20 12:45:40 PM,24.75,0.0,0.0123
95,03/06/20 12:45:50 PM,24.82,0.0,0.0123
96,03/06/20 12:46:00 PM,24.86,0.0,0.0123
97,03/06/20 12:46:10 PM,24.93,0.0,0.0123
98,03/06/20 12:46:20 PM,24.94,0.0,0.0123
99,03/06/20 12:46:30 PM,24.96,0.0,0.0123
100,03/06/20 12:46:40 PM,24.99,0.0,0.0123
101,03/06/20 12:46:50 PM,25.09,0.0,0.0123
102,03/06/20 12:47:00 PM,25.10,0.0,0.0123
103,03/06/20 12:47:10 PM,25.14,0.0,0.0123
104,03/06/20 12:47:20 PM,25.18,0.0,0.0123
105,03/06/20 12:47:30 PM,25.21,0.0,0.0123
106,03/06/20 12:47:40 PM,25.24,0.0,0.0123
107,03/06/20 12:47:50 PM,25.29,0.0,0.0123
108,03/06/20 12:48:00 PM,25.29,0.0,0.0123
109,03/06/20 12:48:10 PM,25.31,0.0,0.0123
110,03/06/20 12:48:20 PM,25.34,0.0,0.0123
111,03/06/20 12:48:30 PM,25.37,0.0,0.0123
112,03/06/20 12:48:40 PM,25.41,0.0,0.0123
113,03/06/20 12:48:50 PM,25.45,0.0,0.0123
114,03/06/20 12:49:00 PM,25.47,0.0,0.0123
115,03/06/20 12:49:10 PM,25.52,0.0,0.0123
116,03/06/20 12:49:20 PM,25.54,0.0,0.0123
117,03/06/20 12:49:30 PM,25.59,0.0,0.0123
118,03/06/20 12:49:40 PM,25.64,0.0,0.0123
119,03/06/20 12:49:50 PM,25.68,0.0,0.0123
120,03/06/20 12:50:00 PM,25.70,0.0,0.0123
121,03/06/20 12:50:10 PM,25.73,0.0,0.0123
122,03/06/20 12:50:20 PM,25.75,0.0,0.0123
123,03/06/20 12:50:30 PM,25.78,0.0,0.0123
124,03/06/20 12:50:40 PM,25.79,0.0,0.0123
125,03/06/20 12:50:50 PM,25.81,0.0,0.0123
126,03/06/20 12:51:00 PM,25.84,0.0,0.0123
127,03/06/20 12:51:10 PM,25.86,0.0,0.0123
128,03/06/20 12:51:20 PM,25.86,0.0,0.0123
129,03/06/20 12:51:30 PM,25.86,0.0,0.0123
130,03/06/20 12:51:40 PM,25.86,0.0,0.0123
131,03/06/20 12:51:50 PM,25.80,0.0,0.0123
132,03/06/20 12:52:00 PM,25.78,0.0,0.0123
133,03/06/20 12:52:10 PM,25.76,0.0,0.0123
134,03/06/20 12:52:20 PM,25.75,0.0,0.0123
135,03/06/20 12:52:30 PM,25.74,0.0,0.0123
136,03/06/20 12:52:40 PM,25.72,0.0,0.0123
137,03/06/20 12:52:50 PM,25.72,0.0,0.0123
138,03/06/20 12:53:00 PM,25.70,0.0,0.0123
139,03/06/20 12:53:10 PM,25.68,0.0,0.0123
140,03/06/20 12:53:20 PM,25.65,0.0,0.0123
141,03/06/20 12:53:30 PM,25.65,0.0,0.0123
142,03/06/20 12:53:40 PM,25.63,0.0,0.0123
143,03/06/20 12:53:50 PM,25.60,0.0,0.0123
144,03/06/20 12:54:00 PM,25.59,0.0,0.0123
145,03/06/20 12:54:10 PM,25.58,0.0,0.0123
146,03/06/20 12:54:20 PM,25.54,0.0,0.0123
147,03/06/20 12:54:30 PM,25.53,0.0,0.0123
148,03/06/20 12:54:40 PM,25.52,0.0,0.0123
149,03/06/20 12:54:50 PM,25.49,0.0,0.0123
150,03/06/20 12:55:00 PM,25.49,0.0,0.0123
151,03/06/20 12:55:10 PM,25.49,0.0,0.0123
152,03/06/20 12:55:20 PM,25.48,0.0,0.0123
153,03/06/20 12:55:30 PM,25.48,0.0,0.0123
154,03/06/20 12:55:40 PM,25.48,0.0,0.0123
155,03/06/20 12:55:50 PM,25.48,0.0,0.0123
156,03/06/20 12:56:00 PM,25.47,0.0,0.0123
157,03/06/20 12:56:10 PM,25.47,0.0,0.0123
158,03/06/20 12:56:20 PM,25.46,0.0,0.0123
159,03/06/20 12:56:30 PM,25.45,0.0,0.0123
160,03/06/20 12:56:40 PM,25.42,0.0,0.0123
161,03/06/20 12:56:50 PM,25.42,0.0,0.0123
162,03/06/20 12:57:00 PM,25.42,0.0,0.0123
163,03/06/20 12:57:10 PM,25.41,0.0,0.0123
164,03/06/20 12:57:20 PM,25.41,0.0,0.0123
165,03/06/20 12:57:30 PM,25.40,0.0,0.0123
166,03/06/20 12:57:40 PM,25.38,0.0,0.0123
167,03/06/20 12:57:50 PM,25.37,0.0,0.0123
168,03/06/20 12:58:00 PM,25.37,0.0,0.0123
169,03/06/20 12:58:10 PM,25.36,0.0,0.0123
170,03/06/20 12:58:20 PM,25.35,0.0,0.0123
171,03/06/20 12:58:30 PM,25.35,0.0,0.0123
172,03/06/20 12:58:40 PM,25.43,0.0,0.0123
173,03/06/20 12:58:50 PM,25.46,0.0,0.0123
174,03/06/20 12:59:00 PM,25.47,0.0,0.0123
175,03/06/20 12:59:10 PM,25.51,0.0,0.0123
176,03/06/20 12:59:20 PM,25.57,0.0,0.0123
177,03/06/20 12:59:30 PM,25.54,0.0,0.0123
178,03/06/20 12:59:40 PM,25.54,0.0,0.0123
179,03/06/20 12:59:50 PM,25.54,0.0,0.0123
180,03/06/20 01:00:00 PM,25.56,0.0,0.0123
181,03/06/20 01:00:10 PM,25.56,0.0,0.0123
182,03/06/20 01:00:20 PM,25.56,0.0,0.0123
183,03/06/20 01:00:30 PM,25.57,0.0,0.0123
184,03/06/20 01:00:40 PM,25.58,0.0,0.0123
185,03/06/20 01:00:50 PM,25.58,0.0,0.0123
186,03/06/20 01:01:00 PM,25.58,0.0,0.0123
187,03/06/20 01:01:10 PM,25.58,0.0,0.0123
188,03/06/20 01:01:20 PM,25.58,0.0,0.0123
189,03/06/20 01:01:30 PM,25.57,0.0,0.0123
190,03/06/20 01:01:40 PM,25.57,0.0,0.0123
191,03/06/20 01:01:50 PM,25.56,0.0,0.0123
192,03/06/20 01:02:00 PM,25.56,0.0,0.0123
193,03/06/20 01:02:10 PM,25.54,0.0,0.0123
194,03/06/20 01:02:20 PM,25.53,0.0,0.0123
195,03/06/20 01:02:30 PM,25.52,0.0,0.0123
196,03/06/20 01:02:40 PM,25.52,0.0,0.0123
197,03/06/20 01:02:50 PM,25.49,0.0,0.0123
198,03/06/20 01:03:00 PM,25.46,0.0,0.0123
199,03/06/20 01:03:10 PM,25.45,0.0,0.0123
200,03/06/20 01:03:20 PM,25.45,0.0,0.0123
201,03/06/20 01:03:30 PM,25.43,0.0,0.0123
202,03/06/20 01:03:40 PM,25.42,0.0,0.0123
203,03/06/20 01:03:50 PM,25.42,0.0,0.0123
204,03/06/20 01:04:00 PM,25.42,0.0,0.0123
205,03/06/20 01:04:10 PM,25.42,0.0,0.0123
206,03/06/20 01:04:20 PM,25.41,0.0,0.0123
207,03/06/20 01:04:30 PM,25.41,0.0,0.0123
208,03/06/20 01:04:40 PM,25.40,0.0,0.0123
209,03/06/20 01:04:50 PM,25.38,0.0,0.0123
210,03/06/20 01:05:00 PM,25.37,0.0,0.0123
211,03/06/20 01:05:10 PM,25.36,0.0,0.0123
212,03/06/20 01:05:20 PM,25.36,0.0,0.0123
213,03/06/20 01:05:30 PM,25.34,0.0,0.0123
214,03/06/20 01:05:40 PM,25.34,0.0,0.0123
215,03/06/20 01:05:50 PM,25.31,0.0,0.0123
216,03/06/20 01:06:00 PM,25.31,0.0,0.0123
217,03/06/20 01:06:10 PM,25.31,0.0,0.0123
218,03/06/20 01:06:20 PM,25.31,0.0,0.0123
219,03/06/20 01:06:30 PM,25.31,0.0,0.0123
220,03/06/20 01:06:40 PM,25.31,0.0,0.0123
221,03/06/20 01:06:50 PM,25.31,0.0,0.0123
222,03/06/20 01:07:00 PM,25.30,0.0,0.0123
223,03/06/20 01:07:10 PM,25.30,0.0,0.0123
224,03/06/20 01:07:20 PM,25.30,0.0,0.0123
225,03/06/20 01:07:30 PM,25.29,0.0,0.0123
226,03/06/20 01:07:40 PM,25.30,0.0,0.0123
227,03/06/20 01:07:50 PM,25.31,0.0,0.0123
228,03/06/20 01:08:00 PM,25.31,0.0,0.0123
229,03/06/20 01:08:10 PM,25.30,0.0,0.0123
230,03/06/20 01:08:20 PM,25.30,0.0,0.0123
231,03/06/20 01:08:30 PM,25.29,0.0,0.0123
232,03/06/20 01:08:40 PM,25.29,0.0,0.0123
233,03/06/20 01:08:50 PM,25.29,0.0,0.0123
234,03/06/20 01:09:00 PM,25.29,0.0,0.0123
235,03/06/20 01:09:10 PM,25.31,0.0,0.0123
236,03/06/20 01:09:20 PM,25.35,0.0,0.0123
237,03/06/20 01:09:30 PM,25.37,0.0,0.0123
238,03/06/20 01:09:40 PM,25.40,0.0,0.0123
239,03/06/20 01:09:50 PM,25.38,0.0,0.0123
240,03/06/20 01:10:00 PM,25.37,0.0,0.0123
241,03/06/20 01:10:10 PM,25.35,0.0,0.0123
242,03/06/20 01:10:20 PM,25.32,0.0,0.0123
243,03/06/20 01:10:30 PM,25.32,0.0,0.0123
244,03/06/20 01:10:40 PM,25.31,0.0,0.0123
245,03/06/20 01:10:50 PM,25.31,0.0,0.0123
246,03/06/20 01:11:00 PM,25.32,0.0,0.0123
247,03/06/20 01:11:10 PM,25.34,0.0,0.0123
248,03/06/20 01:11:20 PM,25.34,0.0,0.0123
249,03/06/20 01:11:30 PM,25.31,0.0,0.0123
250,03/06/20 01:11:40 PM,25.31,0.0,0.0123
251,03/06/20 01:11:50 PM,25.30,0.0,0.0123
252,03/06/20 01:12:00 PM,25.30,0.0,0.0123
253,03/06/20 01:12:10 PM,25.29,0.0,0.0123
254,03/06/20 01:12:20 PM,25.29,0.0,0.0123
255,03/06/20 01:12:30 PM,25.31,0.0,0.0123
256,03/06/20 01:12:40 PM,25.35,0.0,0.0123
257,03/06/20 01:12:50 PM,25.36,0.0,0.0123
258,03/06/20 01:13:00 PM,25.37,0.0,0.0123
259,03/06/20 01:13:10 PM,25.36,0.0,0.0123
260,03/06/20 01:13:20 PM,25.35,0.0,0.0123
261,03/06/20 01:13:30 PM,25.38,0.0,0.0123
262,03/06/20 01:13:40 PM,25.37,0.0,0.0123
263,03/06/20 01:13:50 PM,25.36,0.0,0.0123
264,03/06/20 01:14:00 PM,25.37,0.0,0.0123
265,03/06/20 01:14:10 PM,25.42,0.0,0.0123
266,03/06/20 01:14:20 PM,25.48,0.0,0.0123
267,03/06/20 01:14:30 PM,25.48,0.0,0.0123
268,03/06/20 01:14:40 PM,25.49,0.0,0.0123
269,03/06/20 01:14:50 PM,25.48,0.0,0.0123
270,03/06/20 01:15:00 PM,25.46,0.0,0.0123
271,03/06/20 01:15:10 PM,25.48,0.0,0.0123
272,03/06/20 01:15:20 PM,25.49,0.0,0.0123
273,03/06/20 01:15:30 PM,25.52,0.0,0.0123
274,03/06/20 01:15:40 PM,25.58,0.0,0.0123
275,03/06/20 01:15:50 PM,25.62,0.0,0.0123
276,03/06/20 01:16:00 PM,25.65,0.0,0.0123
277,03/06/20 01:16:10 PM,25.67,0.0,0.0123
278,03/06/20 01:16:20 PM,25.69,0.0,0.0123
279,03/06/20 01:16:30 PM,25.70,0.0,0.0123
280,03/06/20 01:16:40 PM,25.73,0.0,0.0123
281,03/06/20 01:16:50 PM,25.74,0.0,0.0123
282,03/06/20 01:17:00 PM,25.74,0.0,0.0123
283,03/06/20 01:17:10 PM,25.70,0.0,0.0123
284,03/06/20 01:17:20 PM,25.67,0.0,0.0123
285,03/06/20 01:17:30 PM,25.65,0.0,0.0123
286,03/06/20 01:17:40 PM,25.64,0.0,0.0123
287,03/06/20 01:17:50 PM,25.63,0.0,0.0123
288,03/06/20 01:18:00 PM,25.63,0.0,0.0123
289,03/06/20 01:18:10 PM,25.64,0.0,0.0123
290,03/06/20 01:18:20 PM,25.65,0.0,0.0123
291,03/06/20 01:18:30 PM,25.67,0.0,0.0123
292,03/06/20 01:18:40 PM,25.65,0.0,0.0123
293,03/06/20 01:18:50 PM,25.65,0.0,0.0123
294,03/06/20 01:19:00 PM,25.65,0.0,0.0123
295,03/06/20 01:19:10 PM,25.63,0.0,0.0123
296,03/06/20 01:19:20 PM,25.62,0.0,0.0123
297,03/06/20 01:19:30 PM,25.62,0.0,0.0123
298,03/06/20 01:19:40 PM,25.63,0.0,0.0123
299,03/06/20 01:19:50 PM,25.64,0.0,0.0123
300,03/06/20 01:20:00 PM,25.67,0.0,0.0123
301,03/06/20 01:20:10 PM,25.65,0.0,0.0123
302,03/06/20 01:20:20 PM,25.63,0.0,0.0123
303,03/06/20 01:20:30 PM,25.62,0.0,0.0123
304,03/06/20 01:20:40 PM,25.62,0.0,0.0123
305,03/06/20 01:20:50 PM,25.62,0.0,0.0123
306,03/06/20 01:21:00 PM,25.60,0.0,0.0123
307,03/06/20 01:21:10 PM,25.62,0.0,0.0123
308,03/06/20 01:21:20 PM,25.62,0.0,0.0123
309,03/06/20 01:21:30 PM,25.63,0.0,0.0123
310,03/06/20 01:21:40 PM,25.63,0.0,0.0123
311,03/06/20 01:21:50 PM,25.63,0.0,0.0123
312,03/06/20 01:22:00 PM,25.60,0.0,0.0123
313,03/06/20 01:22:10 PM,25.62,0.0,0.0123
314,03/06/20 01:22:20 PM,25.62,0.0,0.0123
315,03/06/20 01:22:30 PM,25.62,0.0,0.0123
316,03/06/20 01:22:40 PM,25.64,0.0,0.0123
317,03/06/20 01:22:50 PM,25.67,0.0,0.0123
318,03/06/20 01:23:00 PM,25.67,0.0,0.0123
319,03/06/20 01:23:10 PM,25.67,0.0,0.0123
320,03/06/20 01:23:20 PM,25.72,0.0,0.0123
321,03/06/20 01:23:30 PM,25.72,0.0,0.0123
322,03/06/20 01:23:40 PM,25.72,0.0,0.0123
323,03/06/20 01:23:50 PM,25.73,0.0,0.0123
324,03/06/20 01:24:00 PM,25.74,0.0,0.0123
325,03/06/20 01:24:10 PM,25.75,0.0,0.0123
326,03/06/20 01:24:20 PM,25.74,0.0,0.0123
327,03/06/20 01:24:30 PM,25.65,0.0,0.0123
328,03/06/20 01:24:40 PM,25.79,0.0,0.0123
329,03/06/20 01:24:50 PM,25.86,0.0,0.0123
330,03/06/20 01:25:00 PM,25.84,0.0,0.0123
331,03/06/20 01:25:10 PM,25.72,0.0,0.0123
332,03/06/20 01:25:20 PM,25.52,0.0,0.0123
333,03/06/20 01:25:30 PM,25.46,0.0,0.0123
334,03/06/20 01:25:40 PM,25.35,0.0,0.0123
335,03/06/20 01:25:50 PM,24.92,0.0,0.0123
336,03/06/20 01:26:00 PM,24.88,0.0,0.0123
337,03/06/20 01:26:10 PM,24.99,0.0,0.0123
338,03/06/20 01:26:20 PM,25.02,0.0,0.0123
339,03/06/20 01:26:30 PM,24.74,0.0,0.0123
340,03/06/20 01:26:40 PM,24.56,0.0,0.0123
341,03/06/20 01:26:50 PM,25.09,0.0,0.0123
342,03/06/20 01:27:00 PM,25.07,0.0,0.0123
343,03/06/20 01:27:10 PM,25.07,0.0,0.0123
344,03/06/20 01:27:20 PM,24.97,0.0,0.0123
345,03/06/20 01:27:30 PM,24.59,0.0,0.0123
346,03/06/20 01:27:40 PM,24.45,0.0,0.0123
347,03/06/20 01:27:50 PM,24.27,0.0,0.0123
348,03/06/20 01:28:00 PM,24.53,0.0,0.0123
349,03/06/20 01:28:10 PM,24.91,0.0,0.0123
350,03/06/20 01:28:20 PM,24.30,0.0,0.0123
351,03/06/20 01:28:30 PM,24.15,0.0,0.0123
352,03/06/20 01:28:40 PM,24.11,0.0,0.0123
353,03/06/20 01:28:50 PM,24.03,0.0,0.0123
354,03/06/20 01:29:00 PM,23.98,0.0,0.0123
355,03/06/20 01:29:10 PM,23.93,0.0,0.0123
356,03/06/20 01:29:20 PM,23.87,0.0,0.0123
357,03/06/20 01:29:30 PM,23.81,0.0,0.0123
358,03/06/20 01:29:40 PM,23.76,0.0,0.0123
359,03/06/20 01:29:50 PM,23.68,0.0,0.0123
360,03/06/20 01:30:00 PM,23.63,0.0,0.0123
361,03/06/20 01:30:10 PM,23.59,0.0,0.0123
362,03/06/20 01:30:20 PM,23.52,0.0,0.0123
363,03/06/20 01:30:30 PM,23.51,0.0,0.0123
364,03/06/20 01:30:40 PM,23.39,0.0,0.0123
365,03/06/20 01:30:50 PM,23.14,0.0,0.0123
366,03/06/20 01:31:00 PM,23.05,0.0,0.0123
367,03/06/20 01:31:10 PM,23.21,0.0,0.0123
368,03/06/20 01:31:20 PM,23.29,0.0,0.0123
369,03/06/20 01:31:30 PM,23.39,0.0,0.0123
370,03/06/20 01:31:40 PM,23.27,0.0,0.0123
371,03/06/20 01:31:50 PM,23.48,0.0,0.0123
372,03/06/20 01:32:00 PM,23.73,0.0,0.0123
373,03/06/20 01:32:10 PM,23.96,0.0,0.0123
374,03/06/20 01:32:20 PM,24.16,0.0,0.0123
375,03/06/20 01:32:30 PM,24.34,0.0,0.0123
376,03/06/20 01:32:40 PM,24.28,0.0,0.0123
377,03/06/20 01:32:50 PM,24.11,0.0,0.0123
378,03/06/20 01:33:00 PM,23.94,0.0,0.0123
379,03/06/20 01:33:10 PM,24.01,0.0,0.0123
380,03/06/20 01:33:20 PM,23.98,0.0,0.0123
381,03/06/20 01:33:30 PM,23.60,0.0,0.0123
382,03/06/20 01:33:40 PM,23.50,0.0,0.0123
383,03/06/20 01:33:50 PM,23.45,0.0,0.0123
384,03/06/20 01:34:00 PM,23.95,0.0,0.0123
385,03/06/20 01:34:10 PM,23.93,0.0,0.0123
386,03/06/20 01:34:20 PM,23.94,0.0,0.0123
387,03/06/20 01:34:30 PM,23.94,0.0,0.0123
388,03/06/20 01:34:40 PM,23.94,0.0,0.0123
389,03/06/20 01:34:50 PM,23.94,0.0,0.0123
390,03/06/20 01:35:00 PM,23.95,0.0,0.0123
391,03/06/20 01:35:10 PM,23.95,0.0,0.0123
392,03/06/20 01:35:20 PM,23.94,0.0,0.0123
393,03/06/20 01:35:30 PM,23.93,0.0,0.0123
394,03/06/20 01:35:40 PM,23.94,0.0,0.0123
395,03/06/20 01:35:50 PM,23.93,0.0,0.0123
396,03/06/20 01:36:00 PM,23.93,0.0,0.0123
397,03/06/20 01:36:10 PM,23.94,0.0,0.0123
398,03/06/20 01:36:20 PM,23.95,0.0,0.0123
399,03/06/20 01:36:30 PM,23.95,0.0,0.0123
400,03/06/20 01:36:40 PM,23.95,0.0,0.0123
401,03/06/20 01:36:50 PM,23.95,0.0,0.0123
402,03/06/20 01:37:00 PM,23.95,0.0,0.0123
403,03/06/20 01:37:10 PM,23.96,0.0,0.0123
404,03/06/20 01:37:20 PM,23.98,0.0,0.0123
405,03/06/20 01:37:30 PM,23.96,0.0,0.0123
406,03/06/20 01:37:40 PM,23.90,0.0,0.0123
407,03/06/20 01:37:50 PM,23.92,0.0,0.0123
408,03/06/20 01:38:00 PM,23.90,0.0,0.0123
409,03/06/20 01:38:10 PM,24.04,0.0,0.0123
410,03/06/20 01:38:20 PM,24.14,0.0,0.0123
411,03/06/20 01:38:30 PM,24.21,0.0,0.0123
412,03/06/20 01:38:40 PM,24.21,0.0,0.0123
413,03/06/20 01:38:50 PM,24.28,0.0,0.0123
414,03/06/20 01:39:00 PM,24.33,0.0,0.0123
415,03/06/20 01:39:10 PM,24.38,0.0,0.0123
416,03/06/20 01:39:20 PM,24.39,0.0,0.0123
417,03/06/20 01:39:30 PM,24.43,0.0,0.0123
418,03/06/20 01:39:40 PM,24.44,0.0,0.0123
419,03/06/20 01:39:50 PM,24.43,0.0,0.0123
420,03/06/20 01:40:00 PM,24.43,0.0,0.0123
421,03/06/20 01:40:10 PM,24.44,0.0,0.0123
422,03/06/20 01:40:20 PM,24.44,0.0,0.0123
423,03/06/20 01:40:30 PM,24.44,0.0,0.0123
424,03/06/20 01:40:40 PM,24.42,0.0,0.0123
425,03/06/20 01:40:50 PM,24.42,0.0,0.0123
426,03/06/20 01:41:00 PM,24.39,0.0,0.0123
427,03/06/20 01:41:10 PM,24.36,0.0,0.0123
428,03/06/20 01:41:20 PM,24.36,0.0,0.0123
429,03/06/20 01:41:30 PM,24.36,0.0,0.0123
430,03/06/20 01:41:40 PM,24.36,0.0,0.0123
431,03/06/20 01:41:50 PM,24.34,0.0,0.0123
432,03/06/20 01:42:00 PM,24.31,0.0,0.0123
433,03/06/20 01:42:10 PM,24.31,0.0,0.0123
434,03/06/20 01:42:20 PM,24.31,0.0,0.0123
435,03/06/20 01:42:30 PM,24.26,0.0,0.0123
436,03/06/20 01:42:40 PM,24.23,0.0,0.0123
437,03/06/20 01:42:50 PM,24.22,0.0,0.0123
438,03/06/20 01:43:00 PM,24.17,0.0,0.0123
439,03/06/20 01:43:10 PM,24.16,0.0,0.0123
440,03/06/20 01:43:20 PM,24.15,0.0,0.0123
441,03/06/20 01:43:30 PM,24.12,0.0,0.0123
442,03/06/20 01:43:40 PM,24.12,0.0,0.0123
443,03/06/20 01:43:50 PM,24.10,0.0,0.0123
444,03/06/20 01:44:00 PM,24.07,0.0,0.0123
445,03/06/20 01:44:10 PM,24.06,0.0,0.0123
446,03/06/20 01:44:20 PM,24.03,0.0,0.0123
447,03/06/20 01:44:30 PM,24.03,0.0,0.0123
448,03/06/20 01:44:40 PM,24.00,0.0,0.0123
449,03/06/20 01:44:50 PM,23.96,0.0,0.0123
450,03/06/20 01:45:00 PM,23.94,0.0,0.0123
451,03/06/20 01:45:10 PM,23.94,0.0,0.0123
452,03/06/20 01:45:20 PM,23.90,0.0,0.0123
453,03/06/20 01:45:30 PM,23.87,0.0,0.0123
454,03/06/20 01:45:40 PM,23.87,0.0,0.0123
455,03/06/20 01:45:50 PM,23.84,0.0,0.0123
456,03/06/20 01:46:00 PM,23.82,0.0,0.0123
457,03/06/20 01:46:10 PM,23.78,0.0,0.0123
458,03/06/20 01:46:20 PM,23.73,0.0,0.0123
459,03/06/20 01:46:30 PM,23.71,0.0,0.0123
460,03/06/20 01:46:40 PM,23.66,0.0,0.0123
461,03/06/20 01:46:50 PM,23.63,0.0,0.0123
462,03/06/20 01:47:00 PM,23.63,0.0,0.0123
463,03/06/20 01:47:10 PM,23.62,0.0,0.0123
464,03/06/20 01:47:20 PM,23.59,0.0,0.0123
465,03/06/20 01:47:30 PM,23.57,0.0,0.0123
466,03/06/20 01:47:40 PM,23.54,0.0,0.0123
467,03/06/20 01:47:50 PM,23.52,0.0,0.0123
468,03/06/20 01:48:00 PM,23.50,0.0,0.0123
469,03/06/20 01:48:10 PM,23.45,0.0,0.0123
470,03/06/20 01:48:20 PM,23.41,0.0,0.0123
471,03/06/20 01:48:30 PM,23.39,0.0,0.0123
472,03/06/20 01:48:40 PM,23.38,0.0,0.0123
473,03/06/20 01:48:50 PM,23.36,0.0,0.0123
474,03/06/20 01:49:00 PM,23.30,0.0,0.0123
475,03/06/20 01:49:10 PM,23.29,0.0,0.0123
476,03/06/20 01:49:20 PM,23.27,0.0,0.0123
477,03/06/20 01:49:30 PM,23.24,0.0,0.0123
478,03/06/20 01:49:40 PM,23.23,0.0,0.0123
479,03/06/20 01:49:50 PM,23.17,0.0,0.0123
480,03/06/20 01:50:00 PM,23.17,0.0,0.0123
481,03/06/20 01:50:10 PM,23.17,0.0,0.0123
482,03/06/20 01:50:20 PM,23.17,0.0,0.0123
483,03/06/20 01:50:30 PM,23.16,0.0,0.0123
484,03/06/20 01:50:40 PM,23.13,0.0,0.0123
485,03/06/20 01:50:50 PM,23.11,0.0,0.0123
486,03/06/20 01:51:00 PM,23.08,0.0,0.0123
487,03/06/20 01:51:10 PM,23.08,0.0,0.0123
488,03/06/20 01:51:20 PM,23.07,0.0,0.0123
489,03/06/20 01:51:30 PM,23.07,0.0,0.0123
490,03/06/20 01:51:40 PM,23.05,0.0,0.0123
491,03/06/20 01:51:50 PM,23.03,0.0,0.0123
492,03/06/20 01:52:00 PM,23.01,0.0,0.0123
493,03/06/20 01:52:10 PM,22.95,0.0,0.0123
494,03/06/20 01:52:20 PM,22.95,0.0,0.0123
495,03/06/20 01:52:30 PM,22.95,0.0,0.0123
496,03/06/20 01:52:40 PM,22.95,0.0,0.0123
497,03/06/20 01:52:50 PM,22.94,0.0,0.0123
498,03/06/20 01:53:00 PM,22.90,0.0,0.0123
499,03/06/20 01:53:10 PM,22.90,0.0,0.0123
500,03/06/20 01:53:20 PM,22.89,0.0,0.0123
501,03/06/20 01:53:30 PM,22.86,0.0,0.0123
502,03/06/20 01:53:40 PM,22.85,0.0,0.0123
503,03/06/20 01:53:50 PM,22.83,0.0,0.0123
504,03/06/20 01:54:00 PM,22.81,0.0,0.0123
505,03/06/20 01:54:10 PM,22.81,0.0,0.0123
506,03/06/20 01:54:20 PM,22.79,0.0,0.0123
507,03/06/20 01:54:30 PM,22.79,0.0,0.0123
508,03/06/20 01:54:40 PM,22.79,0.0,0.0123
509,03/06/20 01:54:50 PM,22.77,0.0,0.0123
510,03/06/20 01:55:00 PM,22.75,0.0,0.0123
511,03/06/20 01:55:10 PM,22.74,0.0,0.0123
512,03/06/20 01:55:20 PM,22.74,0.0,0.0123
513,03/06/20 01:55:30 PM,22.73,0.0,0.0123
514,03/06/20 01:55:40 PM,22.72,0.0,0.0123
515,03/06/20 01:55:50 PM,22.70,0.0,0.0123
516,03/06/20 01:56:00 PM,22.70,0.0,0.0123
517,03/06/20 01:56:10 PM,22.69,0.0,0.0123
518,03/06/20 01:56:20 PM,22.68,0.0,0.0123
519,03/06/20 01:56:30 PM,22.68,0.0,0.0123
520,03/06/20 01:56:40 PM,22.67,0.0,0.0123
521,03/06/20 01:56:50 PM,22.65,0.0,0.0123
522,03/06/20 01:57:00 PM,22.65,0.0,0.0123
523,03/06/20 01:57:10 PM,22.64,0.0,0.0123
524,03/06/20 01:57:20 PM,22.63,0.0,0.0123
525,03/06/20 01:57:30 PM,22.62,0.0,0.0123
526,03/06/20 01:57:40 PM,22.59,0.0,0.0123
527,03/06/20 01:57:50 PM,22.59,0.0,0.0123
528,03/06/20 01:58:00 PM,22.59,0.0,0.0123
529,03/06/20 01:58:10 PM,22.53,0.0,0.0123
530,03/06/20 01:58:20 PM,22.51,0.0,0.0123
531,03/06/20 01:58:30 PM,22.51,0.0,0.0123
532,03/06/20 01:58:40 PM,22.54,0.0,0.0123
533,03/06/20 01:58:50 PM,22.58,0.0,0.0123
534,03/06/20 01:59:00 PM,22.61,0.0,0.0123
535,03/06/20 01:59:10 PM,22.63,0.0,0.0123
536,03/06/20 01:59:20 PM,22.68,0.0,0.0123
537,03/06/20 01:59:30 PM,22.67,0.0,0.0123
538,03/06/20 01:59:40 PM,22.65,0.0,0.0123
539,03/06/20 01:59:50 PM,22.67,0.0,0.0123
540,03/06/20 02:00:00 PM,22.68,0.0,0.0123
541,03/06/20 02:00:10 PM,22.70,0.0,0.0123
542,03/06/20 02:00:20 PM,22.72,0.0,0.0123
543,03/06/20 02:00:30 PM,22.75,0.0,0.0123
544,03/06/20 02:00:40 PM,22.79,0.0,0.0123
545,03/06/20 02:00:50 PM,22.80,0.0,0.0123
546,03/06/20 02:01:00 PM,22.81,0.0,0.0123
547,03/06/20 02:01:10 PM,22.81,0.0,0.0123
548,03/06/20 02:01:20 PM,22.81,0.0,0.0123
549,03/06/20 02:01:30 PM,22.83,0.0,0.0123
550,03/06/20 02:01:40 PM,22.83,0.0,0.0123
551,03/06/20 02:01:50 PM,22.81,0.0,0.0123
552,03/06/20 02:02:00 PM,22.81,0.0,0.0123
553,03/06/20 02:02:10 PM,22.84,0.0,0.0123
554,03/06/20 02:02:20 PM,22.84,0.0,0.0123
555,03/06/20 02:02:30 PM,22.84,0.0,0.0123
556,03/06/20 02:02:40 PM,22.83,0.0,0.0123
557,03/06/20 02:02:50 PM,22.83,0.0,0.0123
558,03/06/20 02:03:00 PM,22.83,0.0,0.0123
559,03/06/20 02:03:10 PM,22.81,0.0,0.0123
560,03/06/20 02:03:20 PM,22.81,0.0,0.0123
561,03/06/20 02:03:30 PM,22.79,0.0,0.0123
562,03/06/20 02:03:40 PM,22.75,0.0,0.0123
563,03/06/20 02:03:50 PM,22.74,0.0,0.0123
564,03/06/20 02:04:00 PM,22.74,0.0,0.0123
565,03/06/20 02:04:10 PM,22.70,0.0,0.0123
566,03/06/20 02:04:20 PM,22.73,0.0,0.0123
567,03/06/20 02:04:30 PM,22.68,0.0,0.0123
568,03/06/20 02:04:40 PM,22.69,0.0,0.0123
569,03/06/20 02:04:50 PM,22.65,0.0,0.0123
570,03/06/20 02:05:00 PM,22.63,0.0,0.0123
571,03/06/20 02:05:10 PM,22.59,0.0,0.0123
572,03/06/20 02:05:20 PM,22.57,0.0,0.0123
573,03/06/20 02:05:30 PM,22.58,0.0,0.0123
574,03/06/20 02:05:40 PM,22.58,0.0,0.0123
575,03/06/20 02:05:50 PM,22.53,0.0,0.0123
576,03/06/20 02:06:00 PM,22.53,0.0,0.0123
577,03/06/20 02:06:10 PM,22.50,0.0,0.0123
578,03/06/20 02:06:20 PM,22.46,0.0,0.0123
579,03/06/20 02:06:30 PM,22.45,0.0,0.0123
580,03/06/20 02:06:40 PM,22.46,0.0,0.0123
581,03/06/20 02:06:50 PM,22.43,0.0,0.0123
582,03/06/20 02:07:00 PM,22.42,0.0,0.0123
583,03/06/20 02:07:10 PM,22.46,0.0,0.0123
584,03/06/20 02:07:20 PM,22.46,0.0,0.0123
585,03/06/20 02:07:30 PM,22.43,0.0,0.0123
586,03/06/20 02:07:40 PM,22.47,0.0,0.0123
587,03/06/20 02:07:50 PM,22.46,0.0,0.0123
588,03/06/20 02:08:00 PM,22.42,0.0,0.0123
589,03/06/20 02:08:10 PM,22.43,0.0,0.0123
590,03/06/20 02:08:20 PM,22.45,0.0,0.0123
591,03/06/20 02:08:30 PM,22.45,0.0,0.0123
592,03/06/20 02:08:40 PM,22.46,0.0,0.0123
593,03/06/20 02:08:50 PM,22.46,0.0,0.0123
594,03/06/20 02:09:00 PM,22.46,0.0,0.0123
595,03/06/20 02:09:10 PM,22.45,0.0,0.0123
596,03/06/20 02:09:20 PM,22.42,0.0,0.0123
597,03/06/20 02:09:30 PM,22.41,0.0,0.0123
598,03/06/20 02:09:40 PM,22.39,0.0,0.0123
599,03/06/20 02:09:50 PM,22.40,0.0,0.0123
600,03/06/20 02:10:00 PM,22.41,0.0,0.0123
601,03/06/20 02:10:10 PM,22.40,0.0,0.0123
602,03/06/20 02:10:20 PM,22.39,0.0,0.0123
603,03/06/20 02:10:30 PM,22.40,0.0,0.0123
604,03/06/20 02:10:40 PM,22.40,0.0,0.0123
605,03/06/20 02:10:50 PM,22.41,0.0,0.0123
606,03/06/20 02:11:00 PM,22.42,0.0,0.0123
607,03/06/20 02:11:10 PM,22.46,0.0,0.0123
608,03/06/20 02:11:20 PM,22.50,0.0,0.0123
609,03/06/20 02:11:30 PM,22.52,0.0,0.0123
610,03/06/20 02:11:40 PM,22.51,0.0,0.0123
611,03/06/20 02:11:50 PM,22.52,0.0,0.0123
612,03/06/20 02:12:00 PM,22.42,0.0,0.0123
613,03/06/20 02:12:10 PM,22.40,0.0,0.0123
614,03/06/20 02:12:20 PM,22.35,0.0,0.0123
615,03/06/20 02:12:30 PM,22.34,0.0,0.0123
616,03/06/20 02:12:40 PM,22.37,0.0,0.0123
617,03/06/20 02:12:50 PM,22.40,0.0,0.0123
618,03/06/20 02:13:00 PM,22.40,0.0,0.0123
619,03/06/20 02:13:10 PM,22.40,0.0,0.0123
620,03/06/20 02:13:20 PM,22.40,0.0,0.0123
621,03/06/20 02:13:30 PM,22.42,0.0,0.0123
622,03/06/20 02:13:40 PM,22.51,0.0,0.0123
623,03/06/20 02:13:50 PM,22.53,0.0,0.0123
624,03/06/20 02:14:00 PM,22.58,0.0,0.0123
625,03/06/20 02:14:10 PM,22.63,0.0,0.0123
626,03/06/20 02:14:20 PM,22.70,0.0,0.0123
627,03/06/20 02:14:30 PM,22.69,0.0,0.0123
628,03/06/20 02:14:40 PM,22.65,0.0,0.0123
629,03/06/20 02:14:50 PM,22.57,0.0,0.0123
630,03/06/20 02:15:00 PM,22.62,0.0,0.0123
631,03/06/20 02:15:10 PM,22.80,0.0,0.0123
632,03/06/20 02:15:20 PM,23.01,0.0,0.0123
633,03/06/20 02:15:30 PM,23.32,0.0,0.0123
634,03/06/20 02:15:40 PM,23.38,0.0,0.0123
635,03/06/20 02:15:50 PM,23.25,0.0,0.0123
636,03/06/20 02:16:00 PM,23.33,0.0,0.0123
637,03/06/20 02:16:10 PM,23.33,0.0,0.0123
638,03/06/20 02:16:20 PM,23.79,0.0,0.0123
639,03/06/20 02:16:30 PM,23.81,0.0,0.0123
640,03/06/20 02:16:40 PM,23.88,0.0,0.0123
641,03/06/20 02:16:50 PM,23.95,0.0,0.0123
642,03/06/20 02:17:00 PM,24.07,0.0,0.0123
643,03/06/20 02:17:10 PM,24.37,0.0,0.0123
644,03/06/20 02:17:20 PM,24.50,0.0,0.0123
645,03/06/20 02:17:30 PM,24.59,0.0,0.0123
646,03/06/20 02:17:40 PM,24.59,0.0,0.0123
647,03/06/20 02:17:50 PM,24.67,0.0,0.0123
648,03/06/20 02:18:00 PM,24.32,0.0,0.0123
649,03/06/20 02:18:10 PM,24.15,0.0,0.0123
650,03/06/20 02:18:20 PM,24.01,0.0,0.0123
651,03/06/20 02:18:30 PM,23.98,0.0,0.0123
652,03/06/20 02:18:40 PM,23.84,0.0,0.0123
653,03/06/20 02:18:50 PM,23.82,0.0,0.0123
654,03/06/20 02:19:00 PM,23.81,0.0,0.0123
655,03/06/20 02:19:10 PM,23.81,0.0,0.0123
656,03/06/20 02:19:20 PM,23.78,0.0,0.0123
657,03/06/20 02:19:30 PM,23.79,0.0,0.0123
658,03/06/20 02:19:40 PM,23.79,0.0,0.0123
659,03/06/20 02:19:50 PM,23.71,0.0,0.0123
660,03/06/20 02:20:00 PM,23.52,0.0,0.0123
661,03/06/20 02:20:10 PM,23.51,0.0,0.0123
662,03/06/20 02:20:20 PM,23.44,0.0,0.0123
663,03/06/20 02:20:30 PM,23.50,0.0,0.0123
664,03/06/20 02:20:40 PM,23.45,0.0,0.0123
665,03/06/20 02:20:50 PM,23.46,0.0,0.0123
666,03/06/20 02:21:00 PM,23.48,0.0,0.0123
667,03/06/20 02:21:10 PM,23.43,0.0,0.0123
668,03/06/20 02:21:20 PM,23.38,0.0,0.0123
669,03/06/20 02:21:30 PM,23.36,0.0,0.0123
670,03/06/20 02:21:40 PM,23.29,0.0,0.0123
671,03/06/20 02:21:50 PM,23.29,0.0,0.0123
672,03/06/20 02:22:00 PM,23.43,0.0,0.0123
673,03/06/20 02:22:10 PM,23.44,0.0,0.0123
674,03/06/20 02:22:20 PM,23.46,0.0,0.0123
675,03/06/20 02:22:30 PM,23.39,0.0,0.0123
676,03/06/20 02:22:40 PM,23.50,0.0,0.0123
677,03/06/20 02:22:50 PM,23.49,0.0,0.0123
678,03/06/20 02:23:00 PM,23.49,0.0,0.0123
679,03/06/20 02:23:10 PM,23.49,0.0,0.0123
680,03/06/20 02:23:20 PM,23.56,0.0,0.0123
681,03/06/20 02:23:30 PM,23.62,0.0,0.0123
682,03/06/20 02:23:40 PM,23.61,0.0,0.0123
683,03/06/20 02:23:50 PM,23.62,0.0,0.0123
684,03/06/20 02:24:00 PM,23.60,0.0,0.0123
685,03/06/20 02:24:10 PM,23.76,0.0,0.0123
686,03/06/20 02:24:20 PM,23.78,0.0,0.0123
687,03/06/20 02:24:30 PM,23.81,0.0,0.0123
688,03/06/20 02:24:40 PM,23.87,0.0,0.0123
689,03/06/20 02:24:50 PM,23.96,0.0,0.0123
690,03/06/20 02:25:00 PM,23.94,0.0,0.0123
691,03/06/20 02:25:10 PM,23.84,0.0,0.0123
692,03/06/20 02:25:20 PM,23.90,0.0,0.0123
693,03/06/20 02:25:30 PM,23.99,0.0,0.0123
694,03/06/20 02:25:40 PM,24.01,0.0,0.0123
695,03/06/20 02:25:50 PM,23.99,0.0,0.0123
696,03/06/20 02:26:00 PM,23.88,0.0,0.0123
697,03/06/20 02:26:10 PM,23.78,0.0,0.0123
698,03/06/20 02:26:20 PM,23.73,0.0,0.0123
699,03/06/20 02:26:30 PM,23.77,0.0,0.0123
700,03/06/20 02:26:40 PM,23.89,0.0,0.0123
701,03/06/20 02:26:50 PM,23.83,0.0,0.0123
702,03/06/20 02:27:00 PM,23.72,0.0,0.0123
703,03/06/20 02:27:10 PM,23.51,0.0,0.0123
704,03/06/20 02:27:20 PM,23.51,0.0,0.0123
705,03/06/20 02:27:30 PM,23.71,0.0,0.0123
706,03/06/20 02:27:40 PM,23.84,0.0,0.0123
707,03/06/20 02:27:50 PM,23.90,0.0,0.0123
708,03/06/20 02:28:00 PM,23.95,0.0,0.0123
709,03/06/20 02:28:10 PM,23.98,0.0,0.0123
710,03/06/20 02:28:20 PM,24.01,0.0,0.0123
711,03/06/20 02:28:30 PM,24.01,0.0,0.0123
712,03/06/20 02:28:40 PM,24.04,0.0,0.0123
713,03/06/20 02:28:50 PM,24.04,0.0,0.0123
714,03/06/20 02:29:00 PM,24.05,0.0,0.0123
715,03/06/20 02:29:10 PM,24.06,0.0,0.0123
716,03/06/20 02:29:20 PM,24.04,0.0,0.0123
717,03/06/20 02:29:30 PM,24.05,0.0,0.0123
718,03/06/20 02:29:40 PM,24.04,0.0,0.0123
719,03/06/20 02:29:50 PM,23.70,0.0,0.0123
720,03/06/20 02:30:00 PM,23.52,0.0,0.0123
721,03/06/20 02:30:10 PM,23.21,0.0,0.0123
722,03/06/20 02:30:20 PM,23.10,0.0,0.0123
723,03/06/20 02:30:30 PM,23.22,0.0,0.0123
724,03/06/20 02:30:40 PM,23.24,0.0,0.0123
725,03/06/20 02:30:50 PM,22.85,0.0,0.0123
726,03/06/20 02:31:00 PM,22.96,0.0,0.0123
727,03/06/20 02:31:10 PM,23.82,0.0,0.0123
728,03/06/20 02:31:20 PM,24.17,0.0,0.0123
729,03/06/20 02:31:30 PM,23.94,0.0,0.0123
730,03/06/20 02:31:40 PM,23.73,0.0,0.0123
731,03/06/20 02:31:50 PM,23.76,0.0,0.0123
732,03/06/20 02:32:00 PM,23.68,0.0,0.0123
733,03/06/20 02:32:10 PM,23.67,0.0,0.0123
734,03/06/20 02:32:20 PM,23.85,0.0,0.0123
735,03/06/20 02:32:30 PM,23.77,0.0,0.0123
736,03/06/20 02:32:40 PM,23.81,0.0,0.0123
737,03/06/20 02:32:50 PM,23.98,0.0,0.0123
738,03/06/20 02:33:00 PM,23.50,0.0,0.0123
739,03/06/20 02:33:10 PM,22.89,0.0,0.0123
740,03/06/20 02:33:20 PM,22.40,0.0,0.0123
741,03/06/20 02:33:30 PM,22.29,0.0,0.0123
742,03/06/20 02:33:40 PM,22.18,0.0,0.0123
743,03/06/20 02:33:50 PM,22.37,0.0,0.0123
744,03/06/20 02:34:00 PM,22.15,0.0,0.0123
745,03/06/20 02:34:10 PM,22.09,0.0,0.0123
746,03/06/20 02:34:20 PM,22.01,0.0,0.0123
747,03/06/20 02:34:30 PM,21.99,0.0,0.0123
748,03/06/20 02:34:40 PM,21.99,0.0,0.0123
749,03/06/20 02:34:50 PM,22.19,0.0,0.0123
750,03/06/20 02:35:00 PM,22.37,0.0,0.0123
751,03/06/20 02:35:10 PM,22.17,0.0,0.0123
752,03/06/20 02:35:20 PM,21.97,0.0,0.0123
753,03/06/20 02:35:30 PM,21.90,0.0,0.0123
754,03/06/20 02:35:40 PM,21.87,0.0,0.0123
755,03/06/20 02:35:50 PM,21.83,0.0,0.0123
756,03/06/20 02:36:00 PM,21.70,0.0,0.0123
757,03/06/20 02:36:10 PM,21.48,0.0,0.0123
758,03/06/20 02:36:20 PM,21.36,0.0,0.0123
759,03/06/20 02:36:30 PM,21.31,0.0,0.0123
760,03/06/20 02:36:40 PM,21.19,0.0,0.0123
761,03/06/20 02:36:50 PM,20.90,0.0,0.0123
762,03/06/20 02:37:00 PM,18.33,49818.4,32.6042
763,03/06/20 02:37:10 PM,18.20,49874.6,32.6454
764,03/06/20 02:37:20 PM,18.18,49807.1,32.5959
765,03/06/20 02:37:30 PM,18.14,49841.0,32.6208
766,03/06/20 02:37:40 PM,18.08,49868.6,32.6411
767,03/06/20 02:37:50 PM,18.05,49830.9,32.6134
768,03/06/20 02:38:00 PM,18.05,49802.9,32.5928
769,03/06/20 02:38:10 PM,18.06,49796.7,32.5882
770,03/06/20 02:38:20 PM,18.05,49877.7,32.6477
771,03/06/20 02:38:30 PM,18.04,49837.1,32.6179
772,03/06/20 02:38:40 PM,17.98,49921.2,32.6796
773,03/06/20 02:38:50 PM,17.93,49881.8,32.6507
774,03/06/20 02:39:00 PM,17.97,49838.3,32.6188
775,03/06/20 02:39:10 PM,17.93,49858.4,32.6335
776,03/06/20 02:39:20 PM,17.92,49930.2,32.6863
777,03/06/20 02:39:30 PM,17.91,49884.9,32.6530
778,03/06/20 02:39:40 PM,17.91,49875.5,32.6461
779,03/06/20 02:39:50 PM,17.89,49967.5,32.7137
780,03/06/20 02:40:00 PM,17.88,49894.1,32.6598
781,03/06/20 02:40:10 PM,17.88,49945.7,32.6976
782,03/06/20 02:40:20 PM,17.87,49872.3,32.6438
783,03/06/20 02:40:30 PM,17.87,49886.4,32.6541
784,03/06/20 02:40:40 PM,17.84,49914.4,32.6747
785,03/06/20 02:40:50 PM,17.87,49947.2,32.6987
786,03/06/20 02:41:00 PM,17.84,49900.4,32.6644
787,03/06/20 02:41:10 PM,17.86,49930.0,32.6861
788,03/06/20 02:41:20 PM,17.86,49883.2,32.6518
789,03/06/20 02:41:30 PM,17.81,49900.4,32.6644
790,03/06/20 02:41:40 PM,17.73,49955.0,32.7045
791,03/06/20 02:41:50 PM,17.76,49917.6,32.6770
792,03/06/20 02:42:00 PM,17.26,49967.6,32.7137
793,03/06/20 02:42:10 PM,16.71,50007.6,32.7431
794,03/06/20 02:42:20 PM,16.61,50008.4,32.7437
795,03/06/20 02:42:30 PM,16.68,50077.8,32.7946
796,03/06/20 02:42:40 PM,16.71,50016.7,32.7498
797,03/06/20 02:42:50 PM,16.82,50028.3,32.7583
798,03/06/20 02:43:00 PM,16.66,50053.9,32.7771
799,03/06/20 02:43:10 PM,16.63,50110.4,32.8186
800,03/06/20 02:43:20 PM,16.62,49997.3,32.7355
801,03/06/20 02:43:30 PM,16.45,50090.3,32.8038
802,03/06/20 02:43:40 PM,16.40,50100.2,32.8111
803,03/06/20 02:43:50 PM,16.53,50120.5,32.8260
804,03/06/20 02:44:00 PM,16.29,50108.6,32.8172
805,03/06/20 02:44:10 PM,16.47,50155.3,32.8516
806,03/06/20 02:44:20 PM,16.36,50099.0,32.8102
807,03/06/20 02:44:30 PM,16.29,50136.1,32.8374
808,03/06/20 02:44:40 PM,16.28,50147.3,32.8457
809,03/06/20 02:44:50 PM,16.42,50165.2,32.8588
810,03/06/20 02:45:00 PM,16.41,50162.7,32.8570
811,03/06/20 02:45:10 PM,16.29,50172.9,32.8645
812,03/06/20 02:45:20 PM,16.35,50142.4,32.8421
813,03/06/20 02:45:30 PM,16.36,50204.9,32.8880
814,03/06/20 02:45:40 PM,16.34,50195.1,32.8808
815,03/06/20 02:45:50 PM,16.35,50059.8,32.7814
816,03/06/20 02:46:00 PM,16.34,50176.5,32.8672
817,03/06/20 02:46:10 PM,16.34,50236.5,32.9112
818,03/06/20 02:46:20 PM,16.34,50176.5,32.8672
819,03/06/20 02:46:30 PM,16.34,50176.5,32.8672
820,03/06/20 02:46:40 PM,16.34,50158.1,32.8537
821,03/06/20 02:46:50 PM,16.30,48050.0,31.3104
822,03/06/20 02:47:00 PM,16.31,50182.6,32.8716
823,03/06/20 02:47:10 PM,16.34,49979.4,32.7224
824,03/06/20 02:47:20 PM,16.33,49672.3,32.4970
825,03/06/20 02:47:30 PM,16.27,48520.8,31.6540
826,03/06/20 02:47:40 PM,16.28,50156.5,32.8524
827,03/06/20 02:47:50 PM,16.31,48386.6,31.5561
828,03/06/20 02:48:00 PM,16.33,49263.8,32.1975
829,03/06/20 02:48:10 PM,16.25,50213.1,32.8941
830,03/06/20 02:48:20 PM,16.27,50227.5,32.9046
831,03/06/20 02:48:30 PM,16.27,50172.4,32.8641
832,03/06/20 02:48:40 PM,16.27,50186.1,32.8742
833,03/06/20 02:48:50 PM,16.27,50199.9,32.8843
834,03/06/20 02:49:00 PM,16.27,50181.5,32.8708
835,03/06/20 02:49:10 PM,16.25,50190.2,32.8772
836,03/06/20 02:49:20 PM,16.27,50223.0,32.9013
837,03/06/20 02:49:30 PM,16.29,50214.2,32.8949
838,03/06/20 02:49:40 PM,16.29,50214.2,32.8949
839,03/06/20 02:49:50 PM,16.29,50223.5,32.9017
840,03/06/20 02:50:00 PM,16.28,50179.4,32.8693
841,03/06/20 02:50:10 PM,16.33,50206.3,32.8890
842,03/06/20 02:50:20 PM,16.34,50162.8,32.8571
843,03/06/20 02:50:30 PM,16.36,50154.1,32.8507
844,03/06/20 02:50:40 PM,16.35,50137.7,32.8387
845,03/06/20 02:50:50 PM,16.36,50177.2,32.8676
846,03/06/20 02:51:00 PM,16.34,50158.1,32.8537
847,03/06/20 02:51:10 PM,16.33,50201.6,32.8856
848,03/06/20 02:51:20 PM,16.30,50175.4,32.8664
849,03/06/20 02:51:30 PM,16.33,50169.4,32.8619
850,03/06/20 02:51:40 PM,16.33,50151.0,32.8484
851,03/06/20 02:51:50 PM,16.34,50126.0,32.8301
852,03/06/20 02:52:00 PM,16.31,50159.6,32.8548
853,03/06/20 02:52:10 PM,16.30,50184.6,32.8731
854,03/06/20 02:52:20 PM,16.33,50105.1,32.8147
855,03/06/20 02:52:30 PM,16.35,50179.2,32.8691
856,03/06/20 02:52:40 PM,16.35,50151.6,32.8489
857,03/06/20 02:52:50 PM,16.35,50091.8,32.8049
858,03/06/20 02:53:00 PM,16.34,50218.0,32.8976
859,03/06/20 02:53:10 PM,16.35,50174.5,32.8657
860,03/06/20 02:53:20 PM,16.36,50163.3,32.8575
861,03/06/20 02:53:30 PM,16.36,50135.7,32.8372
862,03/06/20 02:53:40 PM,16.38,50168.6,32.8613
863,03/06/20 02:53:50 PM,16.38,50177.8,32.8681
864,03/06/20 02:54:00 PM,16.38,50168.6,32.8613
865,03/06/20 02:54:10 PM,16.38,50191.6,32.8783
866,03/06/20 02:54:20 PM,16.38,50150.2,32.8478
867,03/06/20 02:54:30 PM,16.38,50159.4,32.8546
868,03/06/20 02:54:40 PM,16.39,50148.2,32.8464
869,03/06/20 02:54:50 PM,16.42,50151.5,32.8488
870,03/06/20 02:55:00 PM,16.40,50164.6,32.8584
871,03/06/20 02:55:10 PM,16.41,50139.5,32.8400
872,03/06/20 02:55:20 PM,16.41,50079.8,32.7961
873,03/06/20 02:55:30 PM,16.41,50079.8,32.7961
874,03/06/20 02:55:40 PM,16.41,50066.1,32.7860
875,03/06/20 02:55:50 PM,16.47,50077.1,32.7941
876,03/06/20 02:56:00 PM,16.49,49967.6,32.7137
877,03/06/20 02:56:10 PM,16.46,49813.7,32.6007
878,03/06/20 02:56:20 PM,16.46,50060.7,32.7821
879,03/06/20 02:56:30 PM,16.45,49943.5,32.6960
880,03/06/20 02:56:40 PM,16.45,49738.4,32.5455
881,03/06/20 02:56:50 PM,16.46,49768.2,32.5674
882,03/06/20 02:57:00 PM,16.46,50028.6,32.7585
883,03/06/20 02:57:10 PM,16.47,49903.0,32.6663
884,03/06/20 02:57:20 PM,16.47,49861.9,32.6361
885,03/06/20 02:57:30 PM,16.47,49971.6,32.7166
886,03/06/20 02:57:40 PM,16.46,49804.6,32.5941
887,03/06/20 02:57:50 PM,16.41,50038.5,32.7658
888,03/06/20 02:58:00 PM,16.41,49965.2,32.7119
889,03/06/20 02:58:10 PM,16.44,49577.5,32.4274
890,03/06/20 02:58:20 PM,16.42,49000.7,32.0050
891,03/06/20 02:58:30 PM,16.45,47673.3,31.0358
892,03/06/20 02:58:40 PM,16.46,48173.1,31.4002
893,03/06/20 02:58:50 PM,16.46,48943.7,31.9633
894,03/06/20 02:59:00 PM,16.47,47563.6,30.9559
895,03/06/20 02:59:10 PM,16.47,46737.0,30.3549
896,03/06/20 02:59:20 PM,16.47,45979.0,29.8053
897,03/06/20 02:59:30 PM,16.49,49853.3,32.6298
898,03/06/20 02:59:40 PM,16.50,49924.3,32.6820
899,03/06/20 02:59:50 PM,16.50,50016.1,32.7493
900,03/06/20 03:00:00 PM,16.50,50016.1,32.7493
901,03/06/20 03:00:10 PM,16.50,49974.8,32.7190
902,03/06/20 03:00:20 PM,16.50,49933.5,32.6887
903,03/06/20 03:00:30 PM,16.50,49947.3,32.6988
904,03/06/20 03:00:40 PM,16.49,49972.1,32.7171
905,03/06/20 03:00:50 PM,16.49,49857.9,32.6332
906,03/06/20 03:01:00 PM,16.49,49803.1,32.5930
907,03/06/20 03:01:10 PM,16.50,49833.1,32.6150
908,03/06/20 03:01:20 PM,16.50,49929.0,32.6854
909,03/06/20 03:01:30 PM,16.52,49806.3,32.5953
910,03/06/20 03:01:40 PM,16.52,50025.9,32.7566
911,03/06/20 03:01:50 PM,16.51,50009.5,32.7445
912,03/06/20 03:02:00 PM,16.50,50075.7,32.7931
913,03/06/20 03:02:10 PM,16.53,50083.8,32.7990
914,03/06/20 03:02:20 PM,16.53,50056.1,32.7787
915,03/06/20 03:02:30 PM,16.53,49859.1,32.6341
916,03/06/20 03:02:40 PM,16.55,50033.8,32.7623
917,03/06/20 03:02:50 PM,16.53,49859.1,32.6341
918,03/06/20 03:03:00 PM,16.55,49891.7,32.6580
919,03/06/20 03:03:10 PM,16.55,49836.9,32.6178
920,03/06/20 03:03:20 PM,16.55,49754.7,32.5575
921,03/06/20 03:03:30 PM,16.55,49723.0,32.5342
922,03/06/20 03:03:40 PM,16.55,49768.4,32.5675
923,03/06/20 03:03:50 PM,16.55,49682.1,32.5042
924,03/06/20 03:04:00 PM,16.55,49641.2,32.4742
925,03/06/20 03:04:10 PM,16.55,49321.2,32.2396
926,03/06/20 03:04:20 PM,16.53,49379.1,32.2820
927,03/06/20 03:04:30 PM,16.55,49227.1,32.1707
928,03/06/20 03:04:40 PM,16.53,49208.9,32.1573
929,03/06/20 03:04:50 PM,16.53,49231.2,32.1737
930,03/06/20 03:05:00 PM,16.55,49169.1,32.1282
931,03/06/20 03:05:10 PM,16.52,49724.4,32.5352
932,03/06/20 03:05:20 PM,16.53,49754.2,32.5571
933,03/06/20 03:05:30 PM,16.53,49672.4,32.4971
934,03/06/20 03:05:40 PM,16.53,49667.9,32.4937
935,03/06/20 03:05:50 PM,16.53,49627.1,32.4638
936,03/06/20 03:06:00 PM,16.53,49627.1,32.4638
937,03/06/20 03:06:10 PM,16.53,49667.9,32.4937
938,03/06/20 03:06:20 PM,16.53,49681.5,32.5038
939,03/06/20 03:06:30 PM,16.53,49654.3,32.4838
940,03/06/20 03:06:40 PM,16.55,49618.6,32.4576
941,03/06/20 03:06:50 PM,16.53,49613.5,32.4539
942,03/06/20 03:07:00 PM,16.53,49677.0,32.5005
943,03/06/20 03:07:10 PM,16.52,49728.9,32.5385
944,03/06/20 03:07:20 PM,16.53,49690.6,32.5104
945,03/06/20 03:07:30 PM,16.52,49715.3,32.5286
946,03/06/20 03:07:40 PM,16.53,49690.6,32.5104
947,03/06/20 03:07:50 PM,16.53,49699.6,32.5170
948,03/06/20 03:08:00 PM,16.51,49753.7,32.5567
949,03/06/20 03:08:10 PM,16.52,49710.7,32.5252
950,03/06/20 03:08:20 PM,16.52,49738.0,32.5452
951,03/06/20 03:08:30 PM,16.52,49710.7,32.5252
952,03/06/20 03:08:40 PM,16.52,49665.4,32.4919
953,03/06/20 03:08:50 PM,16.52,49656.3,32.4853
954,03/06/20 03:09:00 PM,16.52,49747.1,32.5519
955,03/06/20 03:09:10 PM,16.55,49700.2,32.5174
956,03/06/20 03:09:20 PM,16.53,49708.8,32.5237
957,03/06/20 03:09:30 PM,16.53,49708.8,32.5237
958,03/06/20 03:09:40 PM,16.55,49709.3,32.5242
959,03/06/20 03:09:50 PM,16.56,49689.1,32.5093
960,03/06/20 03:10:00 PM,16.55,49682.1,32.5042
961,03/06/20 03:10:10 PM,16.56,49630.1,32.4661
962,03/06/20 03:10:20 PM,16.56,49684.6,32.5060
963,03/06/20 03:10:30 PM,16.56,49698.2,32.5160
964,03/06/20 03:10:40 PM,16.56,49684.6,32.5060
965,03/06/20 03:10:50 PM,16.56,49684.6,32.5060
966,03/06/20 03:11:00 PM,16.55,49709.3,32.5242
967,03/06/20 03:11:10 PM,16.56,49725.5,32.5360
968,03/06/20 03:11:20 PM,16.55,49668.4,32.4942
969,03/06/20 03:11:30 PM,16.55,49650.2,32.4808
970,03/06/20 03:11:40 PM,16.56,49707.3,32.5227
971,03/06/20 03:11:50 PM,16.56,49720.9,32.5327
972,03/06/20 03:12:00 PM,16.55,49691.1,32.5108
973,03/06/20 03:12:10 PM,16.56,49680.1,32.5027
974,03/06/20 03:12:20 PM,16.56,49734.6,32.5427
975,03/06/20 03:12:30 PM,16.55,49732.0,32.5408
976,03/06/20 03:12:40 PM,16.57,49732.6,32.5412
977,03/06/20 03:12:50 PM,16.57,49691.7,32.5112
978,03/06/20 03:13:00 PM,16.57,49705.4,32.5213
979,03/06/20 03:13:10 PM,16.57,49746.2,32.5512
980,03/06/20 03:13:20 PM,16.57,49678.0,32.5012
981,03/06/20 03:13:30 PM,16.58,49694.3,32.5131
982,03/06/20 03:13:40 PM,16.61,49656.6,32.4855
983,03/06/20 03:13:50 PM,16.58,49717.0,32.5298
984,03/06/20 03:14:00 PM,16.58,49648.9,32.4798
985,03/06/20 03:14:10 PM,16.58,49717.0,32.5298
986,03/06/20 03:14:20 PM,16.58,49608.0,32.4499
987,03/06/20 03:14:30 PM,16.57,49673.5,32.4979
988,03/06/20 03:14:40 PM,16.60,49640.3,32.4736
989,03/06/20 03:14:50 PM,16.60,49649.5,32.4803
990,03/06/20 03:15:00 PM,16.60,49649.5,32.4803
991,03/06/20 03:15:10 PM,16.60,49649.5,32.4803
992,03/06/20 03:15:20 PM,16.60,49622.2,32.4602
993,03/06/20 03:15:30 PM,16.60,49622.2,32.4602
994,03/06/20 03:15:40 PM,16.60,49663.0,32.4902
995,03/06/20 03:15:50 PM,16.60,49676.7,32.5002
996,03/06/20 03:16:00 PM,16.60,49635.8,32.4702
997,03/06/20 03:16:10 PM,16.60,49649.5,32.4803
998,03/06/20 03:16:20 PM,16.60,49649.5,32.4803
999,03/06/20 03:16:30 PM,16.60,49608.6,32.4503
1000,03/06/20 03:16:40 PM,16.60,49576.9,32.4270
1001,03/06/20 03:16:50 PM,16.61,49593.1,32.4389
1002,03/06/20 03:17:00 PM,16.58,49599.0,32.4432
1003,03/06/20 03:17:10 PM,16.56,49612.1,32.4528
1004,03/06/20 03:17:20 PM,16.55,49645.7,32.4775
1005,03/06/20 03:17:30 PM,16.58,49635.2,32.4698
1006,03/06/20 03:17:40 PM,16.60,49672.2,32.4969
1007,03/06/20 03:17:50 PM,16.61,49633.8,32.4688
1008,03/06/20 03:18:00 PM,16.60,49626.8,32.4636
1009,03/06/20 03:18:10 PM,16.60,49613.1,32.4536
1010,03/06/20 03:18:20 PM,16.60,49585.9,32.4337
1011,03/06/20 03:18:30 PM,16.58,49648.9,32.4798
1012,03/06/20 03:18:40 PM,16.58,49662.4,32.4898
1013,03/06/20 03:18:50 PM,16.57,49564.8,32.4181
1014,03/06/20 03:19:00 PM,16.57,49673.5,32.4979
1015,03/06/20 03:19:10 PM,16.57,49660.0,32.4880
1016,03/06/20 03:19:20 PM,16.57,49660.0,32.4880
1017,03/06/20 03:19:30 PM,16.57,49641.8,32.4746
1018,03/06/20 03:19:40 PM,16.58,49562.8,32.4167
1019,03/06/20 03:19:50 PM,16.57,49587.4,32.4347
1020,03/06/20 03:20:00 PM,16.57,49614.6,32.4547
1021,03/06/20 03:20:10 PM,16.58,49644.3,32.4764
1022,03/06/20 03:20:20 PM,16.57,49605.5,32.4480
1023,03/06/20 03:20:30 PM,16.58,49576.3,32.4266
1024,03/06/20 03:20:40 PM,16.57,49587.4,32.4347
1025,03/06/20 03:20:50 PM,16.57,49601.0,32.4447
1026,03/06/20 03:21:00 PM,16.57,49601.0,32.4447
1027,03/06/20 03:21:10 PM,16.57,49610.1,32.4513
1028,03/06/20 03:21:20 PM,16.57,49601.0,32.4447
1029,03/06/20 03:21:30 PM,16.56,49621.1,32.4595
1030,03/06/20 03:21:40 PM,16.57,49664.5,32.4913
1031,03/06/20 03:21:50 PM,16.57,49637.3,32.4713
1032,03/06/20 03:22:00 PM,16.57,49596.5,32.4414
1033,03/06/20 03:22:10 PM,16.57,49605.5,32.4480
1034,03/06/20 03:22:20 PM,16.58,49585.5,32.4333
1035,03/06/20 03:22:30 PM,16.58,49626.2,32.4632
1036,03/06/20 03:22:40 PM,16.57,49596.5,32.4414
1037,03/06/20 03:22:50 PM,16.58,49585.5,32.4333
1038,03/06/20 03:23:00 PM,16.58,49594.5,32.4399
1039,03/06/20 03:23:10 PM,16.58,49567.3,32.4200
1040,03/06/20 03:23:20 PM,16.58,49594.5,32.4399
1041,03/06/20 03:23:30 PM,16.58,49621.7,32.4599
1042,03/06/20 03:23:40 PM,16.57,49619.1,32.4580
1043,03/06/20 03:23:50 PM,16.57,49605.5,32.4480
1044,03/06/20 03:24:00 PM,16.57,49660.0,32.4880
1045,03/06/20 03:24:10 PM,16.57,49605.5,32.4480
1046,03/06/20 03:24:20 PM,16.57,49632.8,32.4680
1047,03/06/20 03:24:30 PM,16.57,49564.8,32.4181
1048,03/06/20 03:24:40 PM,16.57,49564.8,32.4181
1049,03/06/20 03:24:50 PM,16.56,49616.6,32.4561
1050,03/06/20 03:25:00 PM,16.57,49632.8,32.4680
1051,03/06/20 03:25:10 PM,16.57,49546.7,32.4049
1052,03/06/20 03:25:20 PM,16.57,49587.4,32.4347
1053,03/06/20 03:25:30 PM,16.56,49584.9,32.4329
1054,03/06/20 03:25:40 PM,16.57,49601.0,32.4447
1055,03/06/20 03:25:50 PM,16.57,49628.1,32.4646
1056,03/06/20 03:26:00 PM,16.57,49560.3,32.4148
1057,03/06/20 03:26:10 PM,16.57,49601.0,32.4447
1058,03/06/20 03:26:20 PM,16.57,49601.0,32.4447
1059,03/06/20 03:26:30 PM,16.58,49522.1,32.3869
1060,03/06/20 03:26:40 PM,16.57,49573.8,32.4248
1061,03/06/20 03:26:50 PM,16.57,49596.5,32.4414
1062,03/06/20 03:27:00 PM,16.58,49571.8,32.4233
1063,03/06/20 03:27:10 PM,16.58,49504.1,32.3736
1064,03/06/20 03:27:20 PM,16.58,49558.3,32.4134
1065,03/06/20 03:27:30 PM,16.57,49578.3,32.4281
1066,03/06/20 03:27:40 PM,16.57,49528.7,32.3917
1067,03/06/20 03:27:50 PM,16.57,49555.7,32.4115
1068,03/06/20 03:28:00 PM,16.57,49610.1,32.4513
1069,03/06/20 03:28:10 PM,16.57,49619.1,32.4580
1070,03/06/20 03:28:20 PM,16.57,49578.3,32.4281
1071,03/06/20 03:28:30 PM,16.58,49567.3,32.4200
1072,03/06/20 03:28:40 PM,16.58,49540.2,32.4001
1073,03/06/20 03:28:50 PM,16.58,49567.3,32.4200
1074,03/06/20 03:29:00 PM,16.58,49513.1,32.3803
1075,03/06/20 03:29:10 PM,16.58,49553.7,32.4101
1076,03/06/20 03:29:20 PM,16.60,49558.7,32.4137
1077,03/06/20 03:29:30 PM,16.60,49531.7,32.3939
1078,03/06/20 03:29:40 PM,16.60,49567.9,32.4204
1079,03/06/20 03:29:50 PM,16.60,49554.2,32.4104
1080,03/06/20 03:30:00 PM,16.58,49576.3,32.4266
1081,03/06/20 03:30:10 PM,16.58,49617.1,32.4565
1082,03/06/20 03:30:20 PM,16.58,49644.3,32.4764
1083,03/06/20 03:30:30 PM,16.60,49595.0,32.4403
1084,03/06/20 03:30:40 PM,16.58,49603.5,32.4466
1085,03/06/20 03:30:50 PM,16.61,49556.9,32.4123
1086,03/06/20 03:31:00 PM,16.60,49581.4,32.4304
1087,03/06/20 03:31:10 PM,16.61,49516.1,32.3825
1088,03/06/20 03:31:20 PM,16.60,49567.9,32.4204
1089,03/06/20 03:31:30 PM,16.60,49622.2,32.4602
1090,03/06/20 03:31:40 PM,16.60,49590.5,32.4370
1091,03/06/20 03:31:50 PM,16.61,49611.1,32.4521
1092,03/06/20 03:32:00 PM,16.60,49549.7,32.4071
1093,03/06/20 03:32:10 PM,16.60,49549.7,32.4071
1094,03/06/20 03:32:20 PM,16.58,49612.5,32.4532
1095,03/06/20 03:32:30 PM,16.60,49563.4,32.4171
1096,03/06/20 03:32:40 PM,16.60,49563.4,32.4171
1097,03/06/20 03:32:50 PM,16.60,49563.4,32.4171
1098,03/06/20 03:33:00 PM,16.60,49563.4,32.4171
1099,03/06/20 03:33:10 PM,16.60,49576.9,32.4270
1100,03/06/20 03:33:20 PM,16.60,49549.7,32.4071
1101,03/06/20 03:33:30 PM,16.61,49507.1,32.3759
1102,03/06/20 03:33:40 PM,16.61,49547.7,32.4056
1103,03/06/20 03:33:50 PM,16.61,49574.9,32.4256
1104,03/06/20 03:34:00 PM,16.58,49680.6,32.5031
1105,03/06/20 03:34:10 PM,16.60,49585.9,32.4337
1106,03/06/20 03:34:20 PM,16.60,49585.9,32.4337
1107,03/06/20 03:34:30 PM,16.60,49572.4,32.4237
1108,03/06/20 03:34:40 PM,16.60,49585.9,32.4337
1109,03/06/20 03:34:50 PM,16.60,49572.4,32.4237
1110,03/06/20 03:35:00 PM,16.61,49615.7,32.4555
1111,03/06/20 03:35:10 PM,16.62,49572.9,32.4241
1112,03/06/20 03:35:20 PM,16.62,49572.9,32.4241
1113,03/06/20 03:35:30 PM,16.62,49572.9,32.4241
1114,03/06/20 03:35:40 PM,16.61,49583.9,32.4322
1115,03/06/20 03:35:50 PM,16.62,49545.8,32.4043
1116,03/06/20 03:36:00 PM,16.62,49545.8,32.4043
1117,03/06/20 03:36:10 PM,16.63,49748.2,32.5527
1118,03/06/20 03:36:20 PM,16.63,49761.8,32.5627
1119,03/06/20 03:36:30 PM,16.63,49720.8,32.5326
1120,03/06/20 03:36:40 PM,16.62,49772.9,32.5708
1121,03/06/20 03:36:50 PM,16.61,49756.6,32.5588
1122,03/06/20 03:37:00 PM,16.61,49784.0,32.5789
1123,03/06/20 03:37:10 PM,16.61,49489.1,32.3626
1124,03/06/20 03:37:20 PM,16.61,49434.9,32.3230
1125,03/06/20 03:37:30 PM,16.62,49423.9,32.3149
1126,03/06/20 03:37:40 PM,16.62,49329.4,32.2456
1127,03/06/20 03:37:50 PM,16.63,49771.0,32.5694
1128,03/06/20 03:38:00 PM,16.66,49806.2,32.5952
1129,03/06/20 03:38:10 PM,16.66,49737.8,32.5450
1130,03/06/20 03:38:20 PM,16.64,49705.2,32.5211
1131,03/06/20 03:38:30 PM,16.66,49633.0,32.4682
1132,03/06/20 03:38:40 PM,16.66,49642.2,32.4749
1133,03/06/20 03:38:50 PM,16.66,49678.6,32.5016
1134,03/06/20 03:39:00 PM,16.67,49644.8,32.4768
1135,03/06/20 03:39:10 PM,16.66,49642.2,32.4749
1136,03/06/20 03:39:20 PM,16.66,49628.5,32.4649
1137,03/06/20 03:39:30 PM,16.67,49576.7,32.4269
1138,03/06/20 03:39:40 PM,16.67,49590.3,32.4369
1139,03/06/20 03:39:50 PM,16.67,49599.3,32.4435
1140,03/06/20 03:40:00 PM,16.68,49574.7,32.4254
1141,03/06/20 03:40:10 PM,16.67,49572.2,32.4236
1142,03/06/20 03:40:20 PM,16.67,49572.2,32.4236
1143,03/06/20 03:40:30 PM,16.67,49572.2,32.4236
1144,03/06/20 03:40:40 PM,16.67,49544.9,32.4036
1145,03/06/20 03:40:50 PM,16.67,49694.8,32.5135
1146,03/06/20 03:41:00 PM,16.67,49667.5,32.4935
1147,03/06/20 03:41:10 PM,16.68,49665.5,32.4920
1148,03/06/20 03:41:20 PM,16.68,49624.6,32.4620
1149,03/06/20 03:41:30 PM,16.67,49649.3,32.4801
1150,03/06/20 03:41:40 PM,16.67,49622.0,32.4601
1151,03/06/20 03:41:50 PM,16.67,49594.8,32.4402
1152,03/06/20 03:42:00 PM,16.67,49635.6,32.4701
1153,03/06/20 03:42:10 PM,16.67,49662.9,32.4901
1154,03/06/20 03:42:20 PM,16.67,49635.6,32.4701
1155,03/06/20 03:42:30 PM,16.67,49603.9,32.4468
1156,03/06/20 03:42:40 PM,16.67,49635.6,32.4701
1157,03/06/20 03:42:50 PM,16.67,49594.8,32.4402
1158,03/06/20 03:43:00 PM,16.67,49603.9,32.4468
1159,03/06/20 03:43:10 PM,16.67,49644.8,32.4768
1160,03/06/20 03:43:20 PM,16.68,49633.7,32.4687
1161,03/06/20 03:43:30 PM,16.68,49624.6,32.4620
1162,03/06/20 03:43:40 PM,16.68,49647.4,32.4787
1163,03/06/20 03:43:50 PM,16.68,49592.8,32.4387
1164,03/06/20 03:44:00 PM,16.68,49647.4,32.4787
1165,03/06/20 03:44:10 PM,16.68,49606.5,32.4487
1166,03/06/20 03:44:20 PM,16.68,49647.4,32.4787
1167,03/06/20 03:44:30 PM,16.68,49620.1,32.4587
1168,03/06/20 03:44:40 PM,16.68,49647.4,32.4787
1169,03/06/20 03:44:50 PM,16.68,49579.3,32.4288
1170,03/06/20 03:45:00 PM,16.69,49622.7,32.4606
1171,03/06/20 03:45:10 PM,16.68,49615.6,32.4554
1172,03/06/20 03:45:20 PM,16.68,49642.9,32.4754
1173,03/06/20 03:45:30 PM,16.69,49631.8,32.4673
1174,03/06/20 03:45:40 PM,16.69,49590.9,32.4373
1175,03/06/20 03:45:50 PM,16.69,49559.2,32.4140
1176,03/06/20 03:46:00 PM,16.69,49590.9,32.4373
1177,03/06/20 03:46:10 PM,16.69,49627.2,32.4639
1178,03/06/20 03:46:20 PM,16.69,49604.6,32.4473
1179,03/06/20 03:46:30 PM,16.71,49596.1,32.4411
1180,03/06/20 03:46:40 PM,16.69,49627.2,32.4639
1181,03/06/20 03:46:50 PM,16.69,49590.9,32.4373
1182,03/06/20 03:47:00 PM,16.69,49627.2,32.4639
1183,03/06/20 03:47:10 PM,16.69,49627.2,32.4639
1184,03/06/20 03:47:20 PM,16.69,49645.4,32.4773
1185,03/06/20 03:47:30 PM,16.71,49605.1,32.4477
1186,03/06/20 03:47:40 PM,16.69,49627.2,32.4639
1187,03/06/20 03:47:50 PM,16.69,49590.9,32.4373
1188,03/06/20 03:48:00 PM,16.69,49613.6,32.4539
1189,03/06/20 03:48:10 PM,16.71,49618.8,32.4577
1190,03/06/20 03:48:20 PM,16.71,49618.8,32.4577
1191,03/06/20 03:48:30 PM,16.71,49537.1,32.3979
1192,03/06/20 03:48:40 PM,16.71,49573.4,32.4245
1193,03/06/20 03:48:50 PM,16.69,49545.5,32.4040
1194,03/06/20 03:49:00 PM,16.71,49564.4,32.4179
1195,03/06/20 03:49:10 PM,16.69,49559.2,32.4140
1196,03/06/20 03:49:20 PM,16.69,49586.4,32.4340
1197,03/06/20 03:49:30 PM,16.71,49478.4,32.3548
1198,03/06/20 03:49:40 PM,16.69,49595.4,32.4406
1199,03/06/20 03:49:50 PM,16.69,49568.3,32.4207
1200,03/06/20 03:50:00 PM,16.69,49636.3,32.4706
1201,03/06/20 03:50:10 PM,16.71,49537.1,32.3979
1202,03/06/20 03:50:20 PM,16.69,49609.1,32.4506
1203,03/06/20 03:50:30 PM,16.69,49568.3,32.4207
1204,03/06/20 03:50:40 PM,16.69,49527.5,32.3908
1205,03/06/20 03:50:50 PM,16.69,49541.0,32.4007
1206,03/06/20 03:51:00 PM,16.68,49633.7,32.4687
1207,03/06/20 03:51:10 PM,16.68,49565.7,32.4188
1208,03/06/20 03:51:20 PM,16.68,49565.7,32.4188
1209,03/06/20 03:51:30 PM,16.67,49576.7,32.4269
1210,03/06/20 03:51:40 PM,16.67,49603.9,32.4468
1211,03/06/20 03:51:50 PM,16.67,49535.9,32.3970
1212,03/06/20 03:52:00 PM,16.68,49538.5,32.3989
1213,03/06/20 03:52:10 PM,16.67,49576.7,32.4269
1214,03/06/20 03:52:20 PM,16.67,49576.7,32.4269
1215,03/06/20 03:52:30 PM,16.68,49588.3,32.4354
1216,03/06/20 03:52:40 PM,16.68,49606.5,32.4487
1217,03/06/20 03:52:50 PM,16.68,49588.3,32.4354
1218,03/06/20 03:53:00 PM,16.67,49558.6,32.4136
1219,03/06/20 03:53:10 PM,16.67,49599.3,32.4435
1220,03/06/20 03:53:20 PM,16.67,49590.3,32.4369
1221,03/06/20 03:53:30 PM,16.67,49613.0,32.4535
1222,03/06/20 03:53:40 PM,16.68,49615.6,32.4554
1223,03/06/20 03:53:50 PM,16.67,49572.2,32.4236
1224,03/06/20 03:54:00 PM,16.67,49572.2,32.4236
1225,03/06/20 03:54:10 PM,16.68,49583.8,32.4321
1226,03/06/20 03:54:20 PM,16.68,49602.0,32.4454
1227,03/06/20 03:54:30 PM,16.68,49574.7,32.4254
1228,03/06/20 03:54:40 PM,16.67,49594.8,32.4402
1229,03/06/20 03:54:50 PM,16.68,49561.2,32.4155
1230,03/06/20 03:55:00 PM,16.67,49526.9,32.3904
1231,03/06/20 03:55:10 PM,16.68,49574.7,32.4254
1232,03/06/20 03:55:20 PM,16.67,49594.8,32.4402
1233,03/06/20 03:55:30 PM,16.67,49526.9,32.3904
1234,03/06/20 03:55:40 PM,16.68,49529.4,32.3922
1235,03/06/20 03:55:50 PM,16.67,49540.4,32.4003
1236,03/06/20 03:56:00 PM,16.67,49567.6,32.4202
1237,03/06/20 03:56:10 PM,16.68,49570.2,32.4221
1238,03/06/20 03:56:20 PM,16.68,49547.5,32.4055
1239,03/06/20 03:56:30 PM,16.68,49529.4,32.3922
1240,03/06/20 03:56:40 PM,16.68,49543.0,32.4022
1241,03/06/20 03:56:50 PM,16.67,49554.1,32.4103
1242,03/06/20 03:57:00 PM,16.67,49513.3,32.3804
1243,03/06/20 03:57:10 PM,16.64,49591.6,32.4378
1244,03/06/20 03:57:20 PM,16.62,49554.8,32.4109
1245,03/06/20 03:57:30 PM,16.62,49582.0,32.4308
1246,03/06/20 03:57:40 PM,16.61,49565.9,32.4190
1247,03/06/20 03:57:50 PM,16.58,49576.3,32.4266
1248,03/06/20 03:58:00 PM,16.58,49522.1,32.3869
1249,03/06/20 03:58:10 PM,16.58,49531.2,32.3935
1250,03/06/20 03:58:20 PM,16.57,49560.3,32.4148
1251,03/06/20 03:58:30 PM,16.57,49569.3,32.4215
1252,03/06/20 03:58:40 PM,16.58,49522.1,32.3869
1253,03/06/20 03:58:50 PM,16.57,49582.8,32.4314
1254,03/06/20 03:59:00 PM,16.57,49596.5,32.4414
1255,03/06/20 03:59:10 PM,16.57,49582.8,32.4314
1256,03/06/20 03:59:20 PM,16.56,49517.1,32.3832
1257,03/06/20 03:59:30 PM,16.55,49564.3,32.4178
1258,03/06/20 03:59:40 PM,16.56,49499.0,32.3699
1259,03/06/20 03:59:50 PM,16.55,49604.9,32.4476
1260,03/06/20 04:00:00 PM,16.56,49553.2,32.4097
1261,03/06/20 04:00:10 PM,16.56,49539.7,32.3998
1262,03/06/20 04:00:20 PM,16.55,49523.6,32.3880
1263,03/06/20 04:00:30 PM,16.56,49553.2,32.4097
1264,03/06/20 04:00:40 PM,16.52,49597.4,32.4421
1265,03/06/20 04:00:50 PM,16.51,49572.3,32.4237
1266,03/06/20 04:01:00 PM,16.50,49592.4,32.4384
1267,03/06/20 04:01:10 PM,16.50,49606.0,32.4484
1268,03/06/20 04:01:20 PM,16.50,49524.6,32.3887
1269,03/06/20 04:01:30 PM,16.51,49554.2,32.4104
1270,03/06/20 04:01:40 PM,16.51,49527.1,32.3905
1271,03/06/20 04:01:50 PM,16.51,49554.2,32.4104
1272,03/06/20 04:02:00 PM,16.51,49527.1,32.3905
1273,03/06/20 04:02:10 PM,16.51,49554.2,32.4104
1274,03/06/20 04:02:20 PM,16.51,49567.8,32.4204
1275,03/06/20 04:02:30 PM,16.50,49587.9,32.4351
1276,03/06/20 04:02:40 PM,16.51,49513.5,32.3806
1277,03/06/20 04:02:50 PM,16.51,49540.7,32.4005
1278,03/06/20 04:03:00 PM,16.51,49549.7,32.4071
1279,03/06/20 04:03:10 PM,16.51,49513.5,32.3806
1280,03/06/20 04:03:20 PM,16.51,49576.8,32.4270
1281,03/06/20 04:03:30 PM,16.50,49533.6,32.3953
1282,03/06/20 04:03:40 PM,16.51,49576.8,32.4270
1283,03/06/20 04:03:50 PM,16.51,49549.7,32.4071
1284,03/06/20 04:04:00 PM,16.51,49513.5,32.3806
1285,03/06/20 04:04:10 PM,16.51,49482.0,32.3575
1286,03/06/20 04:04:20 PM,16.51,49549.7,32.4071
1287,03/06/20 04:04:30 PM,16.51,49549.7,32.4071
1288,03/06/20 04:04:40 PM,16.51,49549.7,32.4071
1289,03/06/20 04:04:50 PM,16.51,49549.7,32.4071
1290,03/06/20 04:05:00 PM,16.51,49549.7,32.4071
1291,03/06/20 04:05:10 PM,16.51,49522.6,32.3872
1292,03/06/20 04:05:20 PM,16.51,49509.0,32.3773
1293,03/06/20 04:05:30 PM,16.50,49560.8,32.4152
1294,03/06/20 04:05:40 PM,16.51,49563.3,32.4170
1295,03/06/20 04:05:50 PM,16.51,49536.1,32.3972
1296,03/06/20 04:06:00 PM,16.50,49547.2,32.4053
1297,03/06/20 04:06:10 PM,16.51,49509.0,32.3773
1298,03/06/20 04:06:20 PM,16.52,49498.0,32.3692
1299,03/06/20 04:06:30 PM,16.51,49509.0,32.3773
1300,03/06/20 04:06:40 PM,16.51,49482.0,32.3575
1301,03/06/20 04:06:50 PM,16.51,49509.0,32.3773
1302,03/06/20 04:07:00 PM,16.52,49538.7,32.3990
1303,03/06/20 04:07:10 PM,16.51,49522.6,32.3872
1304,03/06/20 04:07:20 PM,16.51,49509.0,32.3773
1305,03/06/20 04:07:30 PM,16.51,49563.3,32.4170
1306,03/06/20 04:07:40 PM,16.51,49558.8,32.4137
1307,03/06/20 04:07:50 PM,16.51,49531.6,32.3938
1308,03/06/20 04:08:00 PM,16.51,49572.3,32.4237
1309,03/06/20 04:08:10 PM,16.51,49482.0,32.3575
1310,03/06/20 04:08:20 PM,16.51,49504.6,32.3740
1311,03/06/20 04:08:30 PM,16.50,49466.0,32.3457
1312,03/06/20 04:08:40 PM,16.50,49515.7,32.3821
1313,03/06/20 04:08:50 PM,16.50,49569.8,32.4218
1314,03/06/20 04:09:00 PM,16.50,49502.1,32.3722
1315,03/06/20 04:09:10 PM,16.49,49513.1,32.3803
1316,03/06/20 04:09:20 PM,16.49,49486.1,32.3605
1317,03/06/20 04:09:30 PM,16.49,49513.1,32.3803
1318,03/06/20 04:09:40 PM,16.49,49486.1,32.3605
1319,03/06/20 04:09:50 PM,16.49,49499.6,32.3703
1320,03/06/20 04:10:00 PM,16.47,49521.6,32.3865
1321,03/06/20 04:10:10 PM,16.49,49486.1,32.3605
1322,03/06/20 04:10:20 PM,16.47,49521.6,32.3865
1323,03/06/20 04:10:30 PM,16.47,49548.8,32.4064
1324,03/06/20 04:10:40 PM,16.49,49567.3,32.4200
1325,03/06/20 04:10:50 PM,16.49,49486.1,32.3605
1326,03/06/20 04:11:00 PM,16.49,49499.6,32.3703
1327,03/06/20 04:11:10 PM,16.49,49499.6,32.3703
1328,03/06/20 04:11:20 PM,16.49,49499.6,32.3703
1329,03/06/20 04:11:30 PM,16.47,49494.6,32.3667
1330,03/06/20 04:11:40 PM,16.49,49499.6,32.3703
1331,03/06/20 04:11:50 PM,16.47,49562.3,32.4163
1332,03/06/20 04:12:00 PM,16.47,49584.9,32.4329
1333,03/06/20 04:12:10 PM,16.47,49467.7,32.3470
1334,03/06/20 04:12:20 PM,16.47,49508.2,32.3767
1335,03/06/20 04:12:30 PM,16.47,49508.2,32.3767
1336,03/06/20 04:12:40 PM,16.47,49481.2,32.3568
1337,03/06/20 04:12:50 PM,16.47,49508.2,32.3767
1338,03/06/20 04:13:00 PM,16.47,49517.2,32.3833
1339,03/06/20 04:13:10 PM,16.47,49517.2,32.3833
1340,03/06/20 04:13:20 PM,16.46,49568.8,32.4211
1341,03/06/20 04:13:30 PM,16.46,49541.8,32.4013
1342,03/06/20 04:13:40 PM,16.46,49555.3,32.4112
1343,03/06/20 04:13:50 PM,16.47,49517.2,32.3833
1344,03/06/20 04:14:00 PM,16.47,49508.2,32.3767
1345,03/06/20 04:14:10 PM,16.47,49490.2,32.3635
1346,03/06/20 04:14:20 PM,16.47,49530.7,32.3932
1347,03/06/20 04:14:30 PM,16.47,49503.7,32.3733
1348,03/06/20 04:14:40 PM,16.47,49503.7,32.3733
1349,03/06/20 04:14:50 PM,16.47,49503.7,32.3733
1350,03/06/20 04:15:00 PM,16.47,49490.2,32.3635
1351,03/06/20 04:15:10 PM,16.47,49517.2,32.3833
1352,03/06/20 04:15:20 PM,16.46,49528.3,32.3914
1353,03/06/20 04:15:30 PM,16.47,49526.2,32.3898
1354,03/06/20 04:15:40 PM,16.46,49514.7,32.3814
1355,03/06/20 04:15:50 PM,16.47,49553.2,32.4097
1356,03/06/20 04:16:00 PM,16.47,49449.6,32.3337
1357,03/06/20 04:16:10 PM,16.47,49499.1,32.3700
1358,03/06/20 04:16:20 PM,16.47,49490.2,32.3635
1359,03/06/20 04:16:30 PM,16.46,49510.2,32.3781
1360,03/06/20 04:16:40 PM,16.47,49526.2,32.3898
1361,03/06/20 04:16:50 PM,16.47,49526.2,32.3898
1362,03/06/20 04:17:00 PM,16.46,49537.2,32.3979
1363,03/06/20 04:17:10 PM,16.46,49510.2,32.3781
1364,03/06/20 04:17:20 PM,16.46,49510.2,32.3781
1365,03/06/20 04:17:30 PM,16.46,49523.8,32.3881
1366,03/06/20 04:17:40 PM,16.46,49528.3,32.3914
1367,03/06/20 04:17:50 PM,16.47,49512.7,32.3800
1368,03/06/20 04:18:00 PM,16.46,49501.3,32.3716
1369,03/06/20 04:18:10 PM,16.46,49496.7,32.3683
1370,03/06/20 04:18:20 PM,16.46,49523.8,32.3881
1371,03/06/20 04:18:30 PM,16.46,49456.2,32.3386
1372,03/06/20 04:18:40 PM,16.46,49483.1,32.3583
1373,03/06/20 04:18:50 PM,16.46,49510.2,32.3781
1374,03/06/20 04:19:00 PM,16.46,49537.2,32.3979
1375,03/06/20 04:19:10 PM,16.46,49523.8,32.3881
1376,03/06/20 04:19:20 PM,16.47,49472.1,32.3502
1377,03/06/20 04:19:30 PM,16.46,49483.1,32.3583
1378,03/06/20 04:19:40 PM,16.47,49458.6,32.3403
1379,03/06/20 04:19:50 PM,16.46,49523.8,32.3881
1380,03/06/20 04:20:00 PM,16.46,49537.2,32.3979
1381,03/06/20 04:20:10 PM,16.47,49458.6,32.3403
1382,03/06/20 04:20:20 PM,16.46,49483.1,32.3583
1383,03/06/20 04:20:30 PM,16.47,49508.2,32.3767
1384,03/06/20 04:20:40 PM,16.46,49465.2,32.3451
1385,03/06/20 04:20:50 PM,16.46,49537.2,32.3979
1386,03/06/20 04:21:00 PM,16.47,49481.2,32.3568
1387,03/06/20 04:21:10 PM,16.47,49481.2,32.3568
1388,03/06/20 04:21:20 PM,16.47,49472.1,32.3502
1389,03/06/20 04:21:30 PM,16.47,49481.2,32.3568
1390,03/06/20 04:21:40 PM,16.47,49508.2,32.3767
1391,03/06/20 04:21:50 PM,16.47,49508.2,32.3767
1392,03/06/20 04:22:00 PM,16.47,49548.8,32.4064
1393,03/06/20 04:22:10 PM,16.46,49519.2,32.3848
1394,03/06/20 04:22:20 PM,16.47,49445.2,32.3305
1395,03/06/20 04:22:30 PM,16.47,49494.6,32.3667
1396,03/06/20 04:22:40 PM,16.47,49454.1,32.3370
1397,03/06/20 04:22:50 PM,16.46,49478.7,32.3551
1398,03/06/20 04:23:00 PM,16.47,49494.6,32.3667
1399,03/06/20 04:23:10 PM,16.47,49494.6,32.3667
1400,03/06/20 04:23:20 PM,16.46,49465.2,32.3451
1401,03/06/20 04:23:30 PM,16.47,49445.2,32.3305
1402,03/06/20 04:23:40 PM,16.47,49454.1,32.3370
1403,03/06/20 04:23:50 PM,16.47,49359.9,32.2680
1404,03/06/20 04:24:00 PM,16.47,49413.7,32.3074
1405,03/06/20 04:24:10 PM,16.47,49386.7,32.2876
1406,03/06/20 04:24:20 PM,16.46,49492.2,32.3649
1407,03/06/20 04:24:30 PM,16.47,49481.2,32.3568
1408,03/06/20 04:24:40 PM,16.47,49508.2,32.3767
1409,03/06/20 04:24:50 PM,16.46,49478.7,32.3551
1410,03/06/20 04:25:00 PM,16.47,49454.1,32.3370
1411,03/06/20 04:25:10 PM,16.47,49481.2,32.3568
1412,03/06/20 04:25:20 PM,16.47,49440.7,32.3272
1413,03/06/20 04:25:30 PM,16.46,49474.2,32.3517
1414,03/06/20 04:25:40 PM,16.47,49436.1,32.3238
1415,03/06/20 04:25:50 PM,16.47,49422.7,32.3140
1416,03/06/20 04:26:00 PM,16.47,49436.1,32.3238
1417,03/06/20 04:26:10 PM,16.47,49463.2,32.3437
1418,03/06/20 04:26:20 PM,16.47,49395.8,32.2943
1419,03/06/20 04:26:30 PM,16.47,49476.6,32.3535
1420,03/06/20 04:26:40 PM,16.47,49517.2,32.3833
1421,03/06/20 04:26:50 PM,16.47,49422.7,32.3140
1422,03/06/20 04:27:00 PM,16.47,49476.6,32.3535
1423,03/06/20 04:27:10 PM,16.47,49409.2,32.3041
1424,03/06/20 04:27:20 PM,16.47,49476.6,32.3535
1425,03/06/20 04:27:30 PM,16.47,49490.2,32.3635
1426,03/06/20 04:27:40 PM,16.49,49414.1,32.3077
1427,03/06/20 04:27:50 PM,16.47,49472.1,32.3502
1428,03/06/20 04:28:00 PM,16.49,49468.1,32.3473
1429,03/06/20 04:28:10 PM,16.49,49468.1,32.3473
1430,03/06/20 04:28:20 PM,16.49,49414.1,32.3077
1431,03/06/20 04:28:30 PM,16.47,49449.6,32.3337
1432,03/06/20 04:28:40 PM,16.49,49441.1,32.3275
1433,03/06/20 04:28:50 PM,16.49,49450.0,32.3340
1434,03/06/20 04:29:00 PM,16.47,49499.1,32.3700
1435,03/06/20 04:29:10 PM,16.49,49450.0,32.3340
1436,03/06/20 04:29:20 PM,16.47,49422.7,32.3140
1437,03/06/20 04:29:30 PM,16.49,49423.1,32.3143
1438,03/06/20 04:29:40 PM,16.47,49463.2,32.3437
1439,03/06/20 04:29:50 PM,16.47,49472.1,32.3502
1440,03/06/20 04:30:00 PM,16.49,49414.1,32.3077
1441,03/06/20 04:30:10 PM,16.49,49414.1,32.3077
1442,03/06/20 04:30:20 PM,16.49,49436.6,32.3242
1443,03/06/20 04:30:30 PM,16.47,49499.1,32.3700
1444,03/06/20 04:30:40 PM,16.47,49377.8,32.2811
1445,03/06/20 04:30:50 PM,16.47,49458.6,32.3403
1446,03/06/20 04:31:00 PM,16.47,49445.2,32.3305
1447,03/06/20 04:31:10 PM,16.49,49436.6,32.3242
1448,03/06/20 04:31:20 PM,16.49,49450.0,32.3340
1449,03/06/20 04:31:30 PM,16.49,49409.6,32.3044
1450,03/06/20 04:31:40 PM,16.49,49409.6,32.3044
1451,03/06/20 04:31:50 PM,16.49,49409.6,32.3044
1452,03/06/20 04:32:00 PM,16.47,49404.7,32.3008
1453,03/06/20 04:32:10 PM,16.49,49409.6,32.3044
1454,03/06/20 04:32:20 PM,16.49,49423.1,32.3143
1455,03/06/20 04:32:30 PM,16.49,49486.1,32.3605
1456,03/06/20 04:32:40 PM,16.50,49344.7,32.2569
1457,03/06/20 04:32:50 PM,16.49,49459.1,32.3407
1458,03/06/20 04:33:00 PM,16.49,49423.1,32.3143
1459,03/06/20 04:33:10 PM,16.49,49432.1,32.3209
1460,03/06/20 04:33:20 PM,16.49,49423.1,32.3143
1461,03/06/20 04:33:30 PM,16.49,49396.1,32.2945
1462,03/06/20 04:33:40 PM,16.49,49382.7,32.2847
1463,03/06/20 04:33:50 PM,16.49,49445.6,32.3308
1464,03/06/20 04:34:00 PM,16.49,49396.1,32.2945
1465,03/06/20 04:34:10 PM,16.49,49405.2,32.3011
1466,03/06/20 04:34:20 PM,16.49,49405.2,32.3011
1467,03/06/20 04:34:30 PM,16.50,49407.6,32.3029
1468,03/06/20 04:34:40 PM,16.49,49432.1,32.3209
1469,03/06/20 04:34:50 PM,16.49,49378.1,32.2813
1470,03/06/20 04:35:00 PM,16.49,49418.6,32.3110
1471,03/06/20 04:35:10 PM,16.49,49418.6,32.3110
1472,03/06/20 04:35:20 PM,16.49,49391.7,32.2913
1473,03/06/20 04:35:30 PM,16.49,49378.1,32.2813
1474,03/06/20 04:35:40 PM,16.49,49405.2,32.3011
1475,03/06/20 04:35:50 PM,16.47,49481.2,32.3568
1476,03/06/20 04:36:00 PM,16.49,49391.7,32.2913
1477,03/06/20 04:36:10 PM,16.49,49391.7,32.2913
1478,03/06/20 04:36:20 PM,16.49,49418.6,32.3110
1479,03/06/20 04:36:30 PM,16.47,49454.1,32.3370
1480,03/06/20 04:36:40 PM,16.47,49454.1,32.3370
1481,03/06/20 04:36:50 PM,16.49,49414.1,32.3077
1482,03/06/20 04:37:00 PM,16.49,49414.1,32.3077
1483,03/06/20 04:37:10 PM,16.49,49432.1,32.3209
1484,03/06/20 04:37:20 PM,16.47,49386.7,32.2876
1485,03/06/20 04:37:30 PM,16.47,49454.1,32.3370
1486,03/06/20 04:37:40 PM,16.49,49387.2,32.2880
1487,03/06/20 04:37:50 PM,16.49,49414.1,32.3077
1488,03/06/20 04:38:00 PM,16.49,49414.1,32.3077
1489,03/06/20 04:38:10 PM,16.49,49441.1,32.3275
1490,03/06/20 04:38:20 PM,16.49,49378.1,32.2813
1491,03/06/20 04:38:30 PM,16.49,49414.1,32.3077
1492,03/06/20 04:38:40 PM,16.49,49351.2,32.2616
1493,03/06/20 04:38:50 PM,16.47,49409.2,32.3041
1494,03/06/20 04:39:00 PM,16.49,49400.6,32.2978
1495,03/06/20 04:39:10 PM,16.47,49449.6,32.3337
1496,03/06/20 04:39:20 PM,16.49,49414.1,32.3077
1497,03/06/20 04:39:30 PM,16.47,49395.8,32.2943
1498,03/06/20 04:39:40 PM,16.49,49387.2,32.2880
1499,03/06/20 04:39:50 PM,16.49,49400.6,32.2978
1500,03/06/20 04:40:00 PM,16.47,49436.1,32.3238
1501,03/06/20 04:40:10 PM,16.47,49436.1,32.3238
1502,03/06/20 04:40:20 PM,16.47,49463.2,32.3437
1503,03/06/20 04:40:30 PM,16.47,49463.2,32.3437
1504,03/06/20 04:40:40 PM,16.47,49395.8,32.2943
1505,03/06/20 04:40:50 PM,16.47,49436.1,32.3238
1506,03/06/20 04:41:00 PM,16.49,49414.1,32.3077
1507,03/06/20 04:41:10 PM,16.49,49373.7,32.2781
1508,03/06/20 04:41:20 PM,16.49,49333.4,32.2485
1509,03/06/20 04:41:30 PM,16.47,49409.2,32.3041
1510,03/06/20 04:41:40 PM,16.47,49436.1,32.3238
1511,03/06/20 04:41:50 PM,16.47,49422.7,32.3140
1512,03/06/20 04:42:00 PM,16.47,49395.8,32.2943
1513,03/06/20 04:42:10 PM,16.47,49382.3,32.2844
1514,03/06/20 04:42:20 PM,16.47,49445.2,32.3305
1515,03/06/20 04:42:30 PM,16.47,49445.2,32.3305
1516,03/06/20 04:42:40 PM,16.47,49472.1,32.3502
1517,03/06/20 04:42:50 PM,16.46,49420.2,32.3122
1518,03/06/20 04:43:00 PM,16.46,49420.2,32.3122
1519,03/06/20 04:43:10 PM,16.47,49382.3,32.2844
1520,03/06/20 04:43:20 PM,16.46,49429.2,32.3187
1521,03/06/20 04:43:30 PM,16.47,49418.2,32.3107
1522,03/06/20 04:43:40 PM,16.47,49431.6,32.3205
1523,03/06/20 04:43:50 PM,16.47,49391.2,32.2909
1524,03/06/20 04:44:00 PM,16.46,49388.8,32.2892
1525,03/06/20 04:44:10 PM,16.46,49402.3,32.2990
1526,03/06/20 04:44:20 PM,16.47,49409.2,32.3041
1527,03/06/20 04:44:30 PM,16.47,49377.8,32.2811
1528,03/06/20 04:44:40 PM,16.47,49391.2,32.2909
1529,03/06/20 04:44:50 PM,16.49,49396.1,32.2945
1530,03/06/20 04:45:00 PM,16.46,49402.3,32.2990
1531,03/06/20 04:45:10 PM,16.46,49375.3,32.2793
1532,03/06/20 04:45:20 PM,16.46,49388.8,32.2892
1533,03/06/20 04:45:30 PM,16.46,49348.4,32.2596
1534,03/06/20 04:45:40 PM,16.46,49348.4,32.2596
1535,03/06/20 04:45:50 PM,16.46,49388.8,32.2892
1536,03/06/20 04:46:00 PM,16.46,49402.3,32.2990
1537,03/06/20 04:46:10 PM,16.46,49375.3,32.2793
1538,03/06/20 04:46:20 PM,16.46,49375.3,32.2793
1539,03/06/20 04:46:30 PM,16.46,49388.8,32.2892
1540,03/06/20 04:46:40 PM,16.46,49361.9,32.2694
1541,03/06/20 04:46:50 PM,16.46,49402.3,32.2990
1542,03/06/20 04:47:00 PM,16.46,49361.9,32.2694
1543,03/06/20 04:47:10 PM,16.46,49438.2,32.3254
1544,03/06/20 04:47:20 PM,16.46,49357.5,32.2662
1545,03/06/20 04:47:30 PM,16.46,49411.2,32.3056
1546,03/06/20 04:47:40 PM,16.46,49375.3,32.2793
1547,03/06/20 04:47:50 PM,16.46,49348.4,32.2596
1548,03/06/20 04:48:00 PM,16.45,49422.2,32.3136
1549,03/06/20 04:48:10 PM,16.45,49346.1,32.2579
1550,03/06/20 04:48:20 PM,16.45,49422.2,32.3136
1551,03/06/20 04:48:30 PM,16.46,49357.5,32.2662
1552,03/06/20 04:48:40 PM,16.44,49330.2,32.2462
1553,03/06/20 04:48:50 PM,16.44,49397.4,32.2954
1554,03/06/20 04:49:00 PM,16.42,49392.5,32.2919
1555,03/06/20 04:49:10 PM,16.42,49379.1,32.2821
1556,03/06/20 04:49:20 PM,16.42,49392.5,32.2919
1557,03/06/20 04:49:30 PM,16.42,49379.1,32.2821
1558,03/06/20 04:49:40 PM,16.44,49330.2,32.2462
1559,03/06/20 04:49:50 PM,16.42,49325.4,32.2427
1560,03/06/20 04:50:00 PM,16.42,49365.7,32.2722
1561,03/06/20 04:50:10 PM,16.42,49419.4,32.3116
1562,03/06/20 04:50:20 PM,16.42,49392.5,32.2919
1563,03/06/20 04:50:30 PM,16.42,49374.6,32.2788
1564,03/06/20 04:50:40 PM,16.41,49314.0,32.2343
1565,03/06/20 04:50:50 PM,16.41,49412.6,32.3066
1566,03/06/20 04:51:00 PM,16.41,49466.4,32.3460
1567,03/06/20 04:51:10 PM,16.41,49439.4,32.3263
1568,03/06/20 04:51:20 PM,16.42,49455.3,32.3379
1569,03/06/20 04:51:30 PM,16.42,49428.4,32.3182
1570,03/06/20 04:51:40 PM,16.42,49428.4,32.3182
1571,03/06/20 04:51:50 PM,16.42,49441.9,32.3280
1572,03/06/20 04:52:00 PM,16.42,49468.9,32.3479
1573,03/06/20 04:52:10 PM,16.42,49468.9,32.3479
1574,03/06/20 04:52:20 PM,16.41,49412.6,32.3066
1575,03/06/20 04:52:30 PM,16.41,49488.9,32.3625
1576,03/06/20 04:52:40 PM,16.41,49439.4,32.3263
1577,03/06/20 04:52:50 PM,16.41,49439.4,32.3263
1578,03/06/20 04:53:00 PM,16.41,49452.9,32.3361
1579,03/06/20 04:53:10 PM,16.40,49437.1,32.3246
1580,03/06/20 04:53:20 PM,16.40,49374.3,32.2785
1581,03/06/20 04:53:30 PM,16.39,49407.7,32.3030
1582,03/06/20 04:53:40 PM,16.38,49459.2,32.3407
1583,03/06/20 04:53:50 PM,16.38,49405.3,32.3012
1584,03/06/20 04:54:00 PM,16.38,49445.7,32.3309
1585,03/06/20 04:54:10 PM,16.39,49407.7,32.3030
1586,03/06/20 04:54:20 PM,16.36,49494.7,32.3668
1587,03/06/20 04:54:30 PM,16.38,49445.7,32.3309
1588,03/06/20 04:54:40 PM,16.38,49418.8,32.3111
1589,03/06/20 04:54:50 PM,16.38,49405.3,32.3012
1590,03/06/20 04:55:00 PM,16.38,49418.8,32.3111
1591,03/06/20 04:55:10 PM,16.36,49400.5,32.2977
1592,03/06/20 04:55:20 PM,16.36,49440.8,32.3273
1593,03/06/20 04:55:30 PM,16.36,49414.0,32.3076
1594,03/06/20 04:55:40 PM,16.35,49425.0,32.3157
1595,03/06/20 04:55:50 PM,16.36,49454.3,32.3372
1596,03/06/20 04:56:00 PM,16.36,49454.3,32.3372
1597,03/06/20 04:56:10 PM,16.36,49400.5,32.2977
1598,03/06/20 04:56:20 PM,16.36,49414.0,32.3076
1599,03/06/20 04:56:30 PM,16.36,49454.3,32.3372
1600,03/06/20 04:56:40 PM,16.36,49440.8,32.3273
1601,03/06/20 04:56:50 PM,16.36,49440.8,32.3273
1602,03/06/20 04:57:00 PM,16.35,49425.0,32.3157
1603,03/06/20 04:57:10 PM,16.35,49398.0,32.2959
1604,03/06/20 04:57:20 PM,16.35,49425.0,32.3157
1605,03/06/20 04:57:30 PM,16.36,49436.3,32.3240
1606,03/06/20 04:57:40 PM,16.35,49501.3,32.3716
1607,03/06/20 04:57:50 PM,16.35,49492.4,32.3651
1608,03/06/20 04:58:00 PM,16.35,49384.7,32.2861
1609,03/06/20 04:58:10 PM,16.34,49409.1,32.3040
1610,03/06/20 04:58:20 PM,16.34,49422.6,32.3139
1611,03/06/20 04:58:30 PM,16.34,49409.1,32.3040
1612,03/06/20 04:58:40 PM,16.34,49368.8,32.2745
1613,03/06/20 04:58:50 PM,16.34,49422.6,32.3139
1614,03/06/20 04:59:00 PM,16.34,49395.7,32.2942
1615,03/06/20 04:59:10 PM,16.34,49458.4,32.3402
1616,03/06/20 04:59:20 PM,16.34,49422.6,32.3139
1617,03/06/20 04:59:30 PM,16.34,49431.5,32.3205
1618,03/06/20 04:59:40 PM,16.34,49449.5,32.3336
1619,03/06/20 04:59:50 PM,16.35,49411.5,32.3058
1620,03/06/20 05:00:00 PM,16.34,49449.5,32.3336
1621,03/06/20 05:00:10 PM,16.34,49395.7,32.2942
1622,03/06/20 05:00:20 PM,16.33,49415.7,32.3089
1623,03/06/20 05:00:30 PM,16.34,49404.7,32.3008
1624,03/06/20 05:00:40 PM,16.33,49442.6,32.3286
1625,03/06/20 05:00:50 PM,16.34,49395.7,32.2942
1626,03/06/20 05:01:00 PM,16.33,49496.5,32.3681
1627,03/06/20 05:01:10 PM,16.31,49437.8,32.3251
1628,03/06/20 05:01:20 PM,16.31,49464.7,32.3448
1629,03/06/20 05:01:30 PM,16.31,49428.9,32.3185
1630,03/06/20 05:01:40 PM,16.31,49428.9,32.3185
1631,03/06/20 05:01:50 PM,16.31,49410.9,32.3054
1632,03/06/20 05:02:00 PM,16.30,49448.9,32.3332
1633,03/06/20 05:02:10 PM,16.29,49451.0,32.3347
1634,03/06/20 05:02:20 PM,16.30,49413.0,32.3069
1635,03/06/20 05:02:30 PM,16.29,49433.0,32.3216
1636,03/06/20 05:02:40 PM,16.28,49435.1,32.3231
1637,03/06/20 05:02:50 PM,16.28,49421.7,32.3133
1638,03/06/20 05:03:00 PM,16.25,49441.4,32.3277
1639,03/06/20 05:03:10 PM,16.24,49425.7,32.3162
1640,03/06/20 05:03:20 PM,16.22,49421.0,32.3127
1641,03/06/20 05:03:30 PM,16.20,49461.0,32.3421
1642,03/06/20 05:03:40 PM,16.19,49445.2,32.3305
1643,03/06/20 05:03:50 PM,16.19,49454.2,32.3371
1644,03/06/20 05:04:00 PM,16.19,49405.0,32.3010
1645,03/06/20 05:04:10 PM,16.18,49416.0,32.3091
1646,03/06/20 05:04:20 PM,16.18,49416.0,32.3091
1647,03/06/20 05:04:30 PM,16.17,49494.2,32.3664
1648,03/06/20 05:04:40 PM,16.17,49404.8,32.3009
1649,03/06/20 05:04:50 PM,16.17,49454.0,32.3369
1650,03/06/20 05:05:00 PM,16.16,49438.2,32.3253
1651,03/06/20 05:05:10 PM,16.17,49386.9,32.2878
1652,03/06/20 05:05:20 PM,16.16,49478.5,32.3549
1653,03/06/20 05:05:30 PM,16.16,49451.6,32.3352
1654,03/06/20 05:05:40 PM,16.16,49465.0,32.3450
1655,03/06/20 05:05:50 PM,16.16,49438.2,32.3253
1656,03/06/20 05:06:00 PM,16.16,49411.4,32.3057
1657,03/06/20 05:06:10 PM,16.16,49398.0,32.2959
1658,03/06/20 05:06:20 PM,16.16,49438.2,32.3253
1659,03/06/20 05:06:30 PM,16.13,49444.7,32.3301
1660,03/06/20 05:06:40 PM,16.12,49442.3,32.3284
1661,03/06/20 05:06:50 PM,16.13,49431.3,32.3203
1662,03/06/20 05:07:00 PM,16.12,49442.3,32.3284
1663,03/06/20 05:07:10 PM,16.12,49442.3,32.3284
1664,03/06/20 05:07:20 PM,16.12,49469.2,32.3481
1665,03/06/20 05:07:30 PM,16.12,49455.8,32.3382
1666,03/06/20 05:07:40 PM,16.11,49417.7,32.3103
1667,03/06/20 05:07:50 PM,16.11,49426.7,32.3169
1668,03/06/20 05:08:00 PM,16.09,49462.2,32.3429
1669,03/06/20 05:08:10 PM,16.11,49466.9,32.3464
1670,03/06/20 05:08:20 PM,16.11,49404.3,32.3005
1671,03/06/20 05:08:30 PM,16.09,49475.6,32.3528
1672,03/06/20 05:08:40 PM,16.09,49466.7,32.3463
1673,03/06/20 05:08:50 PM,16.09,49466.7,32.3463
1674,03/06/20 05:09:00 PM,16.11,49390.9,32.2907
1675,03/06/20 05:09:10 PM,16.09,49448.9,32.3332
1676,03/06/20 05:09:20 PM,16.11,49466.9,32.3464
1677,03/06/20 05:09:30 PM,16.08,49450.9,32.3347
1678,03/06/20 05:09:40 PM,16.07,49471.1,32.3494
1679,03/06/20 05:09:50 PM,16.06,49459.8,32.3412
1680,03/06/20 05:10:00 PM,16.06,49446.4,32.3313
1681,03/06/20 05:10:10 PM,16.05,49457.5,32.3395
1682,03/06/20 05:10:20 PM,16.05,49444.1,32.3297
1683,03/06/20 05:10:30 PM,16.05,49417.3,32.3100
1684,03/06/20 05:10:40 PM,16.06,49482.2,32.3576
1685,03/06/20 05:10:50 PM,16.06,49406.2,32.3019
1686,03/06/20 05:11:00 PM,16.06,49419.7,32.3118
1687,03/06/20 05:11:10 PM,16.06,49459.8,32.3412
1688,03/06/20 05:11:20 PM,16.05,49417.3,32.3100
1689,03/06/20 05:11:30 PM,16.06,49459.8,32.3412
1690,03/06/20 05:11:40 PM,16.05,49470.9,32.3493
1691,03/06/20 05:11:50 PM,16.05,49404.0,32.3003
1692,03/06/20 05:12:00 PM,16.03,49453.0,32.3362
1693,03/06/20 05:12:10 PM,16.03,49453.0,32.3362
1694,03/06/20 05:12:20 PM,16.03,49439.5,32.3263
1695,03/06/20 05:12:30 PM,16.03,49479.7,32.3558
1696,03/06/20 05:12:40 PM,16.03,49453.0,32.3362
1697,03/06/20 05:12:50 PM,16.03,49515.5,32.3820
1698,03/06/20 05:13:00 PM,16.03,49426.2,32.3165
1699,03/06/20 05:13:10 PM,16.03,49453.0,32.3362
1700,03/06/20 05:13:20 PM,16.03,49453.0,32.3362
1701,03/06/20 05:13:30 PM,16.02,49423.9,32.3149
1702,03/06/20 05:13:40 PM,16.03,49493.1,32.3656
1703,03/06/20 05:13:50 PM,16.03,49466.3,32.3460
1704,03/06/20 05:14:00 PM,16.03,49475.2,32.3525
1705,03/06/20 05:14:10 PM,16.03,49426.2,32.3165
1706,03/06/20 05:14:20 PM,16.03,49412.8,32.3068
1707,03/06/20 05:14:30 PM,16.02,49464.1,32.3443
1708,03/06/20 05:14:40 PM,16.01,49399.4,32.2969
1709,03/06/20 05:14:50 PM,16.01,49448.4,32.3328
1710,03/06/20 05:15:00 PM,16.01,49448.4,32.3328
1711,03/06/20 05:15:10 PM,16.00,49432.8,32.3214
1712,03/06/20 05:15:20 PM,16.00,49419.4,32.3116
1713,03/06/20 05:15:30 PM,16.00,49432.8,32.3214
1714,03/06/20 05:15:40 PM,16.01,49421.7,32.3132
1715,03/06/20 05:15:50 PM,16.01,49435.0,32.3230
1716,03/06/20 05:16:00 PM,16.01,49435.0,32.3230
1717,03/06/20 05:16:10 PM,16.00,49392.7,32.2920
1718,03/06/20 05:16:20 PM,15.98,49521.9,32.3867
1719,03/06/20 05:16:30 PM,16.00,49446.1,32.3312
1720,03/06/20 05:16:40 PM,15.98,49481.7,32.3573
1721,03/06/20 05:16:50 PM,16.00,49472.8,32.3507
1722,03/06/20 05:17:00 PM,15.98,49428.3,32.3181
1723,03/06/20 05:17:10 PM,15.98,49530.8,32.3933
1724,03/06/20 05:17:20 PM,16.00,49432.8,32.3214
1725,03/06/20 05:17:30 PM,16.00,49446.1,32.3312
1726,03/06/20 05:17:40 PM,16.00,49446.1,32.3312
1727,03/06/20 05:17:50 PM,16.00,49455.0,32.3377
1728,03/06/20 05:18:00 PM,16.00,49459.5,32.3410
1729,03/06/20 05:18:10 PM,15.98,49468.4,32.3475
1730,03/06/20 05:18:20 PM,15.98,49455.0,32.3377
1731,03/06/20 05:18:30 PM,15.97,49479.5,32.3556
1732,03/06/20 05:18:40 PM,15.97,49492.8,32.3654
1733,03/06/20 05:18:50 PM,15.97,49426.0,32.3164
1734,03/06/20 05:19:00 PM,15.97,49466.1,32.3458
1735,03/06/20 05:19:10 PM,15.97,49506.2,32.3752
1736,03/06/20 05:19:20 PM,15.97,49452.8,32.3360
1737,03/06/20 05:19:30 PM,15.97,49452.8,32.3360
1738,03/06/20 05:19:40 PM,15.97,49452.8,32.3360
1739,03/06/20 05:19:50 PM,15.97,49479.5,32.3556
1740,03/06/20 05:20:00 PM,15.97,49412.7,32.3066
1741,03/06/20 05:20:10 PM,15.97,49452.8,32.3360
1742,03/06/20 05:20:20 PM,15.97,49488.4,32.3621
1743,03/06/20 05:20:30 PM,15.97,49426.0,32.3164
1744,03/06/20 05:20:40 PM,15.97,49439.4,32.3262
1745,03/06/20 05:20:50 PM,15.97,49466.1,32.3458
1746,03/06/20 05:21:00 PM,15.97,49452.8,32.3360
1747,03/06/20 05:21:10 PM,15.97,49466.1,32.3458
1748,03/06/20 05:21:20 PM,15.97,49439.4,32.3262
1749,03/06/20 05:21:30 PM,15.97,49385.9,32.2870
1750,03/06/20 05:21:40 PM,15.97,49399.3,32.2968
1751,03/06/20 05:21:50 PM,15.97,49439.4,32.3262
1752,03/06/20 05:22:00 PM,15.97,49466.1,32.3458
1753,03/06/20 05:22:10 PM,15.98,49455.0,32.3377
1754,03/06/20 05:22:20 PM,15.97,49399.3,32.2968
1755,03/06/20 05:22:30 PM,15.97,49466.1,32.3458
1756,03/06/20 05:22:40 PM,15.97,49412.7,32.3066
1757,03/06/20 05:22:50 PM,15.97,49439.4,32.3262
1758,03/06/20 05:23:00 PM,15.97,49439.4,32.3262
1759,03/06/20 05:23:10 PM,15.97,49461.7,32.3426
1760,03/06/20 05:23:20 PM,15.97,49488.4,32.3621
1761,03/06/20 05:23:30 PM,15.97,49448.3,32.3328
1762,03/06/20 05:23:40 PM,15.97,49461.7,32.3426
1763,03/06/20 05:23:50 PM,15.97,49488.4,32.3621
1764,03/06/20 05:24:00 PM,15.97,49488.4,32.3621
1765,03/06/20 05:24:10 PM,15.97,49461.7,32.3426
1766,03/06/20 05:24:20 PM,15.98,49437.2,32.3246
1767,03/06/20 05:24:30 PM,15.97,49515.1,32.3817
1768,03/06/20 05:24:40 PM,15.97,49461.7,32.3426
1769,03/06/20 05:24:50 PM,15.97,49448.3,32.3328
1770,03/06/20 05:25:00 PM,15.97,49448.3,32.3328
1771,03/06/20 05:25:10 PM,15.97,49501.8,32.3719
1772,03/06/20 05:25:20 PM,15.96,49472.8,32.3507
1773,03/06/20 05:25:30 PM,15.96,49432.7,32.3213
1774,03/06/20 05:25:40 PM,15.97,49412.7,32.3066
1775,03/06/20 05:25:50 PM,15.96,49459.4,32.3409
1776,03/06/20 05:26:00 PM,15.97,49475.0,32.3523
1777,03/06/20 05:26:10 PM,15.96,49432.7,32.3213
1778,03/06/20 05:26:20 PM,15.96,49432.7,32.3213
1779,03/06/20 05:26:30 PM,15.95,49430.4,32.3197
1780,03/06/20 05:26:40 PM,15.95,49443.8,32.3295
1781,03/06/20 05:26:50 PM,15.96,49397.0,32.2952
1782,03/06/20 05:27:00 PM,15.95,49457.2,32.3393
1783,03/06/20 05:27:10 PM,15.95,49430.4,32.3197
1784,03/06/20 05:27:20 PM,15.96,49383.7,32.2854
1785,03/06/20 05:27:30 PM,15.95,49483.9,32.3589
1786,03/06/20 05:27:40 PM,15.96,49432.7,32.3213
1787,03/06/20 05:27:50 PM,15.95,49421.5,32.3131
1788,03/06/20 05:28:00 PM,15.96,49423.8,32.3148
1789,03/06/20 05:28:10 PM,15.96,49459.4,32.3409
1790,03/06/20 05:28:20 PM,15.96,49432.7,32.3213
1791,03/06/20 05:28:30 PM,15.96,49432.7,32.3213
1792,03/06/20 05:28:40 PM,15.95,49483.9,32.3589
1793,03/06/20 05:28:50 PM,15.96,49419.3,32.3115
1794,03/06/20 05:29:00 PM,15.95,49430.4,32.3197
1795,03/06/20 05:29:10 PM,15.96,49432.7,32.3213
1796,03/06/20 05:29:20 PM,15.96,49419.3,32.3115
1797,03/06/20 05:29:30 PM,15.96,49459.4,32.3409
1798,03/06/20 05:29:40 PM,15.95,49483.9,32.3589
1799,03/06/20 05:29:50 PM,15.95,49470.5,32.3491
1800,03/06/20 05:30:00 PM,15.95,49443.8,32.3295
1801,03/06/20 05:30:10 PM,15.95,49430.4,32.3197
1802,03/06/20 05:30:20 PM,15.96,49405.9,32.3017
1803,03/06/20 05:30:30 PM,15.95,49417.1,32.3099
1804,03/06/20 05:30:40 PM,15.95,49457.2,32.3393
1805,03/06/20 05:30:50 PM,15.94,49441.5,32.3278
1806,03/06/20 05:31:00 PM,15.95,49443.8,32.3295
1807,03/06/20 05:31:10 PM,15.95,49417.1,32.3099
1808,03/06/20 05:31:20 PM,15.94,49468.3,32.3474
1809,03/06/20 05:31:30 PM,15.95,49403.7,32.3001
1810,03/06/20 05:31:40 PM,15.94,49468.3,32.3474
1811,03/06/20 05:31:50 PM,15.94,49441.5,32.3278
1812,03/06/20 05:32:00 PM,15.94,49428.2,32.3180
1813,03/06/20 05:32:10 PM,15.94,49468.3,32.3474
1814,03/06/20 05:32:20 PM,15.95,49439.3,32.3262
1815,03/06/20 05:32:30 PM,15.94,49441.5,32.3278
1816,03/06/20 05:32:40 PM,15.94,49468.3,32.3474
1817,03/06/20 05:32:50 PM,15.94,49441.5,32.3278
1818,03/06/20 05:33:00 PM,15.95,49417.1,32.3099
1819,03/06/20 05:33:10 PM,15.94,49361.4,32.2691
1820,03/06/20 05:33:20 PM,15.94,49450.5,32.3343
1821,03/06/20 05:33:30 PM,15.94,49463.8,32.3441
1822,03/06/20 05:33:40 PM,15.94,49450.5,32.3343
1823,03/06/20 05:33:50 PM,15.94,49441.5,32.3278
1824,03/06/20 05:34:00 PM,15.94,49401.4,32.2984
1825,03/06/20 05:34:10 PM,15.95,49452.7,32.3360
1826,03/06/20 05:34:20 PM,15.95,49390.3,32.2903
1827,03/06/20 05:34:30 PM,15.94,49437.1,32.3245
1828,03/06/20 05:34:40 PM,15.95,49417.1,32.3099
1829,03/06/20 05:34:50 PM,15.94,49450.5,32.3343
1830,03/06/20 05:35:00 PM,15.94,49401.4,32.2984
1831,03/06/20 05:35:10 PM,15.95,49417.1,32.3099
1832,03/06/20 05:35:20 PM,15.94,49437.1,32.3245
1833,03/06/20 05:35:30 PM,15.94,49450.5,32.3343
1834,03/06/20 05:35:40 PM,15.95,49439.3,32.3262
1835,03/06/20 05:35:50 PM,15.95,49390.3,32.2903
1836,03/06/20 05:36:00 PM,15.94,49428.2,32.3180
1837,03/06/20 05:36:10 PM,15.94,49410.3,32.3049
1838,03/06/20 05:36:20 PM,15.95,49426.0,32.3164
1839,03/06/20 05:36:30 PM,15.95,49452.7,32.3360
1840,03/06/20 05:36:40 PM,15.94,49410.3,32.3049
1841,03/06/20 05:36:50 PM,15.94,49477.2,32.3539
1842,03/06/20 05:37:00 PM,15.94,49450.5,32.3343
1843,03/06/20 05:37:10 PM,15.95,49399.2,32.2968
1844,03/06/20 05:37:20 PM,15.94,49477.2,32.3539
1845,03/06/20 05:37:30 PM,15.95,49412.6,32.3066
1846,03/06/20 05:37:40 PM,15.94,49410.3,32.3049
1847,03/06/20 05:37:50 PM,15.94,49463.8,32.3441
1848,03/06/20 05:38:00 PM,15.94,49437.1,32.3245
1849,03/06/20 05:38:10 PM,15.95,49452.7,32.3360
1850,03/06/20 05:38:20 PM,15.95,49426.0,32.3164
1851,03/06/20 05:38:30 PM,15.95,49412.6,32.3066
1852,03/06/20 05:38:40 PM,15.95,49372.6,32.2773
1853,03/06/20 05:38:50 PM,15.95,49439.3,32.3262
1854,03/06/20 05:39:00 PM,15.95,49385.9,32.2870
1855,03/06/20 05:39:10 PM,15.95,49385.9,32.2870
1856,03/06/20 05:39:20 PM,15.95,49359.2,32.2675
1857,03/06/20 05:39:30 PM,15.94,49437.1,32.3245
1858,03/06/20 05:39:40 PM,15.95,49372.6,32.2773
1859,03/06/20 05:39:50 PM,15.95,49434.9,32.3229
1860,03/06/20 05:40:00 PM,15.95,49426.0,32.3164
1861,03/06/20 05:40:10 PM,15.95,49359.2,32.2675
1862,03/06/20 05:40:20 PM,15.95,49426.0,32.3164
1863,03/06/20 05:40:30 PM,15.95,49426.0,32.3164
1864,03/06/20 05:40:40 PM,15.95,49385.9,32.2870
1865,03/06/20 05:40:50 PM,15.95,49412.6,32.3066
1866,03/06/20 05:41:00 PM,15.96,49401.5,32.2984
1867,03/06/20 05:41:10 PM,15.96,49437.1,32.3246
1868,03/06/20 05:41:20 PM,15.97,49412.7,32.3066
1869,03/06/20 05:41:30 PM,15.96,49414.9,32.3082
1870,03/06/20 05:41:40 PM,15.96,49388.1,32.2887
1871,03/06/20 05:41:50 PM,15.97,49350.4,32.2610
1872,03/06/20 05:42:00 PM,15.97,49363.6,32.2707
1873,03/06/20 05:42:10 PM,15.97,49390.4,32.2903
1874,03/06/20 05:42:20 PM,15.97,49399.3,32.2968
1875,03/06/20 05:42:30 PM,15.96,49450.5,32.3344
1876,03/06/20 05:42:40 PM,15.96,49401.5,32.2984
1877,03/06/20 05:42:50 PM,15.97,49372.6,32.2773
1878,03/06/20 05:43:00 PM,15.96,49410.4,32.3050
1879,03/06/20 05:43:10 PM,15.97,49399.3,32.2968
1880,03/06/20 05:43:20 PM,15.96,49450.5,32.3344
1881,03/06/20 05:43:30 PM,15.96,49437.1,32.3246
1882,03/06/20 05:43:40 PM,15.97,49399.3,32.2968
1883,03/06/20 05:43:50 PM,15.96,49361.5,32.2691
1884,03/06/20 05:44:00 PM,15.96,49374.7,32.2789
1885,03/06/20 05:44:10 PM,15.96,49423.8,32.3148
1886,03/06/20 05:44:20 PM,15.96,49410.4,32.3050
1887,03/06/20 05:44:30 PM,15.96,49410.4,32.3050
1888,03/06/20 05:44:40 PM,15.96,49423.8,32.3148
1889,03/06/20 05:44:50 PM,15.96,49437.1,32.3246
1890,03/06/20 05:45:00 PM,15.96,49383.7,32.2854
1891,03/06/20 05:45:10 PM,15.96,49361.5,32.2691
1892,03/06/20 05:45:20 PM,15.95,49408.1,32.3033
1893,03/06/20 05:45:30 PM,15.96,49321.5,32.2399
1894,03/06/20 05:45:40 PM,15.96,49374.7,32.2789
1895,03/06/20 05:45:50 PM,15.96,49383.7,32.2854
1896,03/06/20 05:46:00 PM,15.96,49370.3,32.2756
1897,03/06/20 05:46:10 PM,15.96,49437.1,32.3246
1898,03/06/20 05:46:20 PM,15.96,49361.5,32.2691
1899,03/06/20 05:46:30 PM,15.95,49408.1,32.3033
1900,03/06/20 05:46:40 PM,15.96,49361.5,32.2691
1901,03/06/20 05:46:50 PM,15.95,49448.3,32.3327
1902,03/06/20 05:47:00 PM,15.95,49381.4,32.2837
1903,03/06/20 05:47:10 PM,15.95,49381.4,32.2837
1904,03/06/20 05:47:20 PM,15.95,49394.8,32.2935
1905,03/06/20 05:47:30 PM,15.96,49357.0,32.2659
1906,03/06/20 05:47:40 PM,15.95,49394.8,32.2935
1907,03/06/20 05:47:50 PM,15.95,49408.1,32.3033
1908,03/06/20 05:48:00 PM,15.95,49368.1,32.2740
1909,03/06/20 05:48:10 PM,15.96,49383.7,32.2854
1910,03/06/20 05:48:20 PM,15.95,49434.9,32.3229
1911,03/06/20 05:48:30 PM,15.96,49423.8,32.3148
1912,03/06/20 05:48:40 PM,15.95,49381.4,32.2837
1913,03/06/20 05:48:50 PM,15.96,49343.7,32.2561
1914,03/06/20 05:49:00 PM,15.95,49381.4,32.2837
1915,03/06/20 05:49:10 PM,15.95,49408.1,32.3033
1916,03/06/20 05:49:20 PM,15.95,49368.1,32.2740
1917,03/06/20 05:49:30 PM,15.96,49405.9,32.3017
1918,03/06/20 05:49:40 PM,15.95,49408.1,32.3033
1919,03/06/20 05:49:50 PM,15.95,49394.8,32.2935
1920,03/06/20 05:50:00 PM,15.95,49341.4,32.2544
1921,03/06/20 05:50:10 PM,15.95,49417.1,32.3099
1922,03/06/20 05:50:20 PM,15.95,49394.8,32.2935
1923,03/06/20 05:50:30 PM,15.95,49381.4,32.2837
1924,03/06/20 05:50:40 PM,15.95,49368.1,32.2740
1925,03/06/20 05:50:50 PM,15.95,49332.6,32.2480
1926,03/06/20 05:51:00 PM,15.95,49381.4,32.2837
1927,03/06/20 05:51:10 PM,15.95,49417.1,32.3099
1928,03/06/20 05:51:20 PM,15.95,49341.4,32.2544
1929,03/06/20 05:51:30 PM,15.95,49341.4,32.2544
1930,03/06/20 05:51:40 PM,15.95,49381.4,32.2837
1931,03/06/20 05:51:50 PM,15.95,49354.8,32.2642
1932,03/06/20 05:52:00 PM,15.95,49408.1,32.3033
1933,03/06/20 05:52:10 PM,15.95,49368.1,32.2740
1934,03/06/20 05:52:20 PM,15.95,49354.8,32.2642
1935,03/06/20 05:52:30 PM,15.95,49328.2,32.2447
1936,03/06/20 05:52:40 PM,15.95,49403.7,32.3001
1937,03/06/20 05:52:50 PM,15.95,49394.8,32.2935
1938,03/06/20 05:53:00 PM,15.95,49354.8,32.2642
1939,03/06/20 05:53:10 PM,15.95,49376.9,32.2805
1940,03/06/20 05:53:20 PM,15.95,49403.7,32.3001
1941,03/06/20 05:53:30 PM,15.95,49368.1,32.2740
1942,03/06/20 05:53:40 PM,15.95,49354.8,32.2642
1943,03/06/20 05:53:50 PM,15.95,49368.1,32.2740
1944,03/06/20 05:54:00 PM,15.95,49368.1,32.2740
1945,03/06/20 05:54:10 PM,15.95,49368.1,32.2740
1946,03/06/20 05:54:20 PM,15.94,49414.8,32.3082
1947,03/06/20 05:54:30 PM,15.95,49403.7,32.3001
1948,03/06/20 05:54:40 PM,15.95,49417.1,32.3099
1949,03/06/20 05:54:50 PM,15.95,49430.4,32.3197
1950,03/06/20 05:55:00 PM,15.95,49376.9,32.2805
1951,03/06/20 05:55:10 PM,15.95,49403.7,32.3001
1952,03/06/20 05:55:20 PM,15.95,49354.8,32.2642
1953,03/06/20 05:55:30 PM,15.95,49376.9,32.2805
1954,03/06/20 05:55:40 PM,15.95,49390.3,32.2903
1955,03/06/20 05:55:50 PM,15.95,49354.8,32.2642
1956,03/06/20 05:56:00 PM,15.95,49439.3,32.3262
1957,03/06/20 05:56:10 PM,15.95,49403.7,32.3001
1958,03/06/20 05:56:20 PM,15.94,49374.8,32.2789
1959,03/06/20 05:56:30 PM,15.95,49403.7,32.3001
1960,03/06/20 05:56:40 PM,15.95,49354.8,32.2642
1961,03/06/20 05:56:50 PM,15.95,49354.8,32.2642
1962,03/06/20 05:57:00 PM,15.95,49354.8,32.2642
1963,03/06/20 05:57:10 PM,15.95,49328.2,32.2447
1964,03/06/20 05:57:20 PM,15.95,49350.3,32.2610
1965,03/06/20 05:57:30 PM,15.94,49388.0,32.2886
1966,03/06/20 05:57:40 PM,15.95,49363.7,32.2708
1967,03/06/20 05:57:50 PM,15.95,49430.4,32.3197
1968,03/06/20 05:58:00 PM,15.95,49363.7,32.2708
1969,03/06/20 05:58:10 PM,15.95,49363.7,32.2708
1970,03/06/20 05:58:20 PM,15.95,49337.1,32.2512
1971,03/06/20 05:58:30 PM,15.95,49363.7,32.2708
1972,03/06/20 05:58:40 PM,15.95,49363.7,32.2708
1973,03/06/20 05:58:50 PM,15.95,49363.7,32.2708
1974,03/06/20 05:59:00 PM,15.95,49363.7,32.2708
1975,03/06/20 05:59:10 PM,15.95,49363.7,32.2708
1976,03/06/20 05:59:20 PM,15.95,49337.1,32.2512
1977,03/06/20 05:59:30 PM,15.94,49334.8,32.2496
1978,03/06/20 05:59:40 PM,15.94,49414.8,32.3082
1979,03/06/20 05:59:50 PM,15.95,49363.7,32.2708
1980,03/06/20 06:00:00 PM,15.95,49426.0,32.3164
1981,03/06/20 06:00:10 PM,15.94,49423.7,32.3147
1982,03/06/20 06:00:20 PM,15.95,49363.7,32.2708
1983,03/06/20 06:00:30 PM,15.95,49363.7,32.2708
1984,03/06/20 06:00:40 PM,15.95,49399.2,32.2968
1985,03/06/20 06:00:50 PM,15.95,49390.3,32.2903
1986,03/06/20 06:01:00 PM,15.95,49376.9,32.2805
1987,03/06/20 06:01:10 PM,15.95,49314.9,32.2350
1988,03/06/20 06:01:20 PM,15.95,49363.7,32.2708
1989,03/06/20 06:01:30 PM,15.94,49374.8,32.2789
1990,03/06/20 06:01:40 PM,15.95,49314.9,32.2350
1991,03/06/20 06:01:50 PM,15.95,49363.7,32.2708
1992,03/06/20 06:02:00 PM,15.95,49399.2,32.2968
1993,03/06/20 06:02:10 PM,15.95,49363.7,32.2708
1994,03/06/20 06:02:20 PM,15.94,49374.8,32.2789
1995,03/06/20 06:02:30 PM,15.95,49323.7,32.2414
1996,03/06/20 06:02:40 PM,15.95,49363.7,32.2708
1997,03/06/20 06:02:50 PM,15.95,49350.3,32.2610
1998,03/06/20 06:03:00 PM,15.95,49310.4,32.2317
1999,03/06/20 06:03:10 PM,15.95,49372.6,32.2773
2000,03/06/20 06:03:20 PM,15.95,49350.3,32.2610
2001,03/06/20 06:03:30 PM,15.95,49385.9,32.2870
2002,03/06/20 06:03:40 PM,15.95,49350.3,32.2610
2003,03/06/20 06:03:50 PM,15.95,49385.9,32.2870
2004,03/06/20 06:04:00 PM,15.95,49350.3,32.2610
2005,03/06/20 06:04:10 PM,15.95,49372.6,32.2773
2006,03/06/20 06:04:20 PM,15.94,49361.4,32.2691
2007,03/06/20 06:04:30 PM,15.94,49370.3,32.2756
2008,03/06/20 06:04:40 PM,15.94,49321.5,32.2399
2009,03/06/20 06:04:50 PM,15.94,49348.2,32.2594
2010,03/06/20 06:05:00 PM,15.94,49397.0,32.2951
2011,03/06/20 06:05:10 PM,15.94,49383.7,32.2854
2012,03/06/20 06:05:20 PM,15.94,49370.3,32.2756
2013,03/06/20 06:05:30 PM,15.95,49385.9,32.2870
2014,03/06/20 06:05:40 PM,15.94,49361.4,32.2691
2015,03/06/20 06:05:50 PM,15.95,49350.3,32.2610
2016,03/06/20 06:06:00 PM,15.94,49397.0,32.2951
2017,03/06/20 06:06:10 PM,15.95,49323.7,32.2414
2018,03/06/20 06:06:20 PM,15.94,49370.3,32.2756
2019,03/06/20 06:06:30 PM,15.94,49308.2,32.2301
2020,03/06/20 06:06:40 PM,15.94,49370.3,32.2756
2021,03/06/20 06:06:50 PM,15.95,49434.9,32.3229
2022,03/06/20 06:07:00 PM,15.94,49334.8,32.2496
2023,03/06/20 06:07:10 PM,15.94,49348.2,32.2594
2024,03/06/20 06:07:20 PM,15.94,49370.3,32.2756
2025,03/06/20 06:07:30 PM,15.94,49383.7,32.2854
2026,03/06/20 06:07:40 PM,15.94,49348.2,32.2594
2027,03/06/20 06:07:50 PM,15.94,49348.2,32.2594
2028,03/06/20 06:08:00 PM,15.94,49383.7,32.2854
2029,03/06/20 06:08:10 PM,15.94,49348.2,32.2594
2030,03/06/20 06:08:20 PM,15.95,49337.1,32.2512
2031,03/06/20 06:08:30 PM,15.94,49348.2,32.2594
2032,03/06/20 06:08:40 PM,15.95,49372.6,32.2773
2033,03/06/20 06:08:50 PM,15.94,49357.0,32.2658
2034,03/06/20 06:09:00 PM,15.95,49310.4,32.2317
2035,03/06/20 06:09:10 PM,15.94,49321.5,32.2399
2036,03/06/20 06:09:20 PM,15.94,49321.5,32.2399
2037,03/06/20 06:09:30 PM,15.94,49321.5,32.2399
2038,03/06/20 06:09:40 PM,15.94,49281.7,32.2106
2039,03/06/20 06:09:50 PM,15.94,49321.5,32.2399
2040,03/06/20 06:10:00 PM,15.94,49348.2,32.2594
2041,03/06/20 06:10:10 PM,15.94,49330.3,32.2463
2042,03/06/20 06:10:20 PM,15.94,49330.3,32.2463
2043,03/06/20 06:10:30 PM,15.94,49321.5,32.2399
2044,03/06/20 06:10:40 PM,15.94,49343.7,32.2561
2045,03/06/20 06:10:50 PM,15.94,49294.9,32.2204
2046,03/06/20 06:11:00 PM,15.94,49330.3,32.2463
2047,03/06/20 06:11:10 PM,15.94,49343.7,32.2561
2048,03/06/20 06:11:20 PM,15.95,49372.6,32.2773
2049,03/06/20 06:11:30 PM,15.94,49357.0,32.2658
2050,03/06/20 06:11:40 PM,15.94,49294.9,32.2204
2051,03/06/20 06:11:50 PM,15.94,49392.5,32.2919
2052,03/06/20 06:12:00 PM,15.95,49345.9,32.2577
2053,03/06/20 06:12:10 PM,15.96,49294.9,32.2204
2054,03/06/20 06:12:20 PM,15.95,49319.2,32.2382
2055,03/06/20 06:12:30 PM,15.95,49359.2,32.2675
2056,03/06/20 06:12:40 PM,15.95,49297.1,32.2219
2057,03/06/20 06:12:50 PM,15.95,49381.4,32.2837
2058,03/06/20 06:13:00 PM,15.94,49383.7,32.2854
2059,03/06/20 06:13:10 PM,15.95,49332.6,32.2480
2060,03/06/20 06:13:20 PM,15.96,49321.5,32.2399
2061,03/06/20 06:13:30 PM,15.95,49319.2,32.2382
2062,03/06/20 06:13:40 PM,15.95,49306.0,32.2285
2063,03/06/20 06:13:50 PM,15.95,49354.8,32.2642
2064,03/06/20 06:14:00 PM,15.95,49345.9,32.2577
2065,03/06/20 06:14:10 PM,15.95,49319.2,32.2382
2066,03/06/20 06:14:20 PM,15.95,49372.6,32.2773
2067,03/06/20 06:14:30 PM,15.95,49319.2,32.2382
2068,03/06/20 06:14:40 PM,15.95,49306.0,32.2285
2069,03/06/20 06:14:50 PM,15.96,49343.7,32.2561
2070,03/06/20 06:15:00 PM,15.96,49334.8,32.2496
2071,03/06/20 06:15:10 PM,15.96,49343.7,32.2561
2072,03/06/20 06:15:20 PM,15.95,49306.0,32.2285
2073,03/06/20 06:15:30 PM,15.96,49330.3,32.2463
2074,03/06/20 06:15:40 PM,15.95,49408.1,32.3033
2075,03/06/20 06:15:50 PM,15.95,49332.6,32.2480
2076,03/06/20 06:16:00 PM,15.95,49332.6,32.2480
2077,03/06/20 06:16:10 PM,15.95,49341.4,32.2544
2078,03/06/20 06:16:20 PM,15.96,49343.7,32.2561
2079,03/06/20 06:16:30 PM,15.96,49343.7,32.2561
2080,03/06/20 06:16:40 PM,15.95,49341.4,32.2544
2081,03/06/20 06:16:50 PM,15.96,49321.5,32.2399
2082,03/06/20 06:17:00 PM,15.95,49354.8,32.2642
2083,03/06/20 06:17:10 PM,15.96,49294.9,32.2204
2084,03/06/20 06:17:20 PM,15.95,49368.1,32.2740
2085,03/06/20 06:17:30 PM,15.96,49330.3,32.2463
2086,03/06/20 06:17:40 PM,15.95,49354.8,32.2642
2087,03/06/20 06:17:50 PM,15.95,49354.8,32.2642
2088,03/06/20 06:18:00 PM,15.96,49330.3,32.2463
2089,03/06/20 06:18:10 PM,15.96,49383.7,32.2854
2090,03/06/20 06:18:20 PM,15.97,49332.6,32.2480
2091,03/06/20 06:18:30 PM,15.96,49308.1,32.2301
2092,03/06/20 06:18:40 PM,15.97,49306.0,32.2285
2093,03/06/20 06:18:50 PM,15.96,49308.1,32.2301
2094,03/06/20 06:19:00 PM,15.96,49343.7,32.2561
2095,03/06/20 06:19:10 PM,15.96,49357.0,32.2659
2096,03/06/20 06:19:20 PM,15.97,49306.0,32.2285
2097,03/06/20 06:19:30 PM,15.97,49319.2,32.2382
2098,03/06/20 06:19:40 PM,15.97,49332.6,32.2480
2099,03/06/20 06:19:50 PM,15.96,49357.0,32.2659
2100,03/06/20 06:20:00 PM,15.97,49345.9,32.2578
2101,03/06/20 06:20:10 PM,15.97,49292.7,32.2188
2102,03/06/20 06:20:20 PM,15.97,49354.7,32.2642
2103,03/06/20 06:20:30 PM,15.97,49306.0,32.2285
2104,03/06/20 06:20:40 PM,15.97,49345.9,32.2578
2105,03/06/20 06:20:50 PM,15.97,49381.5,32.2838
2106,03/06/20 06:21:00 PM,15.97,49332.6,32.2480
2107,03/06/20 06:21:10 PM,15.97,49345.9,32.2578
2108,03/06/20 06:21:20 PM,15.97,49292.7,32.2188
2109,03/06/20 06:21:30 PM,15.97,49341.5,32.2545
2110,03/06/20 06:21:40 PM,15.97,49319.2,32.2382
2111,03/06/20 06:21:50 PM,15.97,49279.4,32.2090
2112,03/06/20 06:22:00 PM,15.97,49292.7,32.2188
2113,03/06/20 06:22:10 PM,15.97,49354.7,32.2642
2114,03/06/20 06:22:20 PM,15.97,49306.0,32.2285
2115,03/06/20 06:22:30 PM,15.97,49319.2,32.2382
2116,03/06/20 06:22:40 PM,15.97,49306.0,32.2285
2117,03/06/20 06:22:50 PM,15.97,49354.7,32.2642
2118,03/06/20 06:23:00 PM,15.97,49292.7,32.2188
2119,03/06/20 06:23:10 PM,15.97,49368.1,32.2740
2120,03/06/20 06:23:20 PM,15.97,49292.7,32.2188
2121,03/06/20 06:23:30 PM,15.98,49294.9,32.2203
2122,03/06/20 06:23:40 PM,15.98,49294.9,32.2203
2123,03/06/20 06:23:50 PM,15.98,49281.6,32.2106
2124,03/06/20 06:24:00 PM,15.97,49341.5,32.2545
2125,03/06/20 06:24:10 PM,15.97,49306.0,32.2285
2126,03/06/20 06:24:20 PM,15.98,49330.4,32.2464
2127,03/06/20 06:24:30 PM,15.97,49319.2,32.2382
2128,03/06/20 06:24:40 PM,15.98,49308.1,32.2300
2129,03/06/20 06:24:50 PM,15.97,49292.7,32.2188
2130,03/06/20 06:25:00 PM,15.98,49330.4,32.2464
2131,03/06/20 06:25:10 PM,15.98,49268.3,32.2009
2132,03/06/20 06:25:20 PM,16.00,49286.0,32.2138
2133,03/06/20 06:25:30 PM,15.98,49343.6,32.2561
2134,03/06/20 06:25:40 PM,16.00,49348.2,32.2594
2135,03/06/20 06:25:50 PM,16.00,49321.5,32.2398
2136,03/06/20 06:26:00 PM,15.98,49281.6,32.2106
2137,03/06/20 06:26:10 PM,16.00,49321.5,32.2398
2138,03/06/20 06:26:20 PM,16.00,49334.8,32.2496
2139,03/06/20 06:26:30 PM,16.00,49294.9,32.2203
2140,03/06/20 06:26:40 PM,16.00,49286.0,32.2138
2141,03/06/20 06:26:50 PM,16.00,49321.5,32.2398
2142,03/06/20 06:27:00 PM,16.00,49294.9,32.2203
2143,03/06/20 06:27:10 PM,16.00,49281.6,32.2106
2144,03/06/20 06:27:20 PM,16.00,49334.8,32.2496
2145,03/06/20 06:27:30 PM,16.00,49308.2,32.2301
2146,03/06/20 06:27:40 PM,16.01,49283.8,32.2122
2147,03/06/20 06:27:50 PM,16.01,49310.4,32.2317
2148,03/06/20 06:28:00 PM,16.00,49281.6,32.2106
2149,03/06/20 06:28:10 PM,16.00,49268.3,32.2009
2150,03/06/20 06:28:20 PM,16.01,49310.4,32.2317
2151,03/06/20 06:28:30 PM,16.00,49281.6,32.2106
2152,03/06/20 06:28:40 PM,16.01,49283.8,32.2122
2153,03/06/20 06:28:50 PM,16.01,49283.8,32.2122
2154,03/06/20 06:29:00 PM,16.00,49294.9,32.2203
2155,03/06/20 06:29:10 PM,16.01,49297.2,32.2220
2156,03/06/20 06:29:20 PM,16.01,49244.0,32.1831
2157,03/06/20 06:29:30 PM,16.01,49319.3,32.2382
2158,03/06/20 06:29:40 PM,16.01,49283.8,32.2122
2159,03/06/20 06:29:50 PM,16.02,49308.2,32.2301
2160,03/06/20 06:30:00 PM,16.02,49299.3,32.2236
2161,03/06/20 06:30:10 PM,16.02,49272.7,32.2041
2162,03/06/20 06:30:20 PM,16.01,49346.0,32.2578
2163,03/06/20 06:30:30 PM,16.02,49286.1,32.2139
2164,03/06/20 06:30:40 PM,16.03,49323.8,32.2415
2165,03/06/20 06:30:50 PM,16.03,49275.0,32.2058
2166,03/06/20 06:31:00 PM,16.03,49283.9,32.2123
2167,03/06/20 06:31:10 PM,16.02,49334.9,32.2497
2168,03/06/20 06:31:20 PM,16.02,49308.2,32.2301
2169,03/06/20 06:31:30 PM,16.02,49321.6,32.2399
2170,03/06/20 06:31:40 PM,16.03,49283.9,32.2123
2171,03/06/20 06:31:50 PM,16.02,49295.0,32.2204
2172,03/06/20 06:32:00 PM,16.03,49283.9,32.2123
2173,03/06/20 06:32:10 PM,16.03,49297.1,32.2220
2174,03/06/20 06:32:20 PM,16.03,49283.9,32.2123
2175,03/06/20 06:32:30 PM,16.03,49310.5,32.2318
2176,03/06/20 06:32:40 PM,16.02,49259.5,32.1944
2177,03/06/20 06:32:50 PM,16.03,49332.7,32.2481
2178,03/06/20 06:33:00 PM,16.02,49295.0,32.2204
2179,03/06/20 06:33:10 PM,16.03,49323.8,32.2415
2180,03/06/20 06:33:20 PM,16.03,49257.2,32.1927
2181,03/06/20 06:33:30 PM,16.03,49323.8,32.2415
2182,03/06/20 06:33:40 PM,16.02,49321.6,32.2399
2183,03/06/20 06:33:50 PM,16.02,49334.9,32.2497
2184,03/06/20 06:34:00 PM,16.03,49270.6,32.2025
2185,03/06/20 06:34:10 PM,16.03,49257.2,32.1927
2186,03/06/20 06:34:20 PM,16.02,49281.6,32.2106
2187,03/06/20 06:34:30 PM,16.02,49321.6,32.2399
2188,03/06/20 06:34:40 PM,16.01,49266.1,32.1993
2189,03/06/20 06:34:50 PM,16.01,49279.3,32.2090
2190,03/06/20 06:35:00 PM,16.01,49257.2,32.1927
2191,03/06/20 06:35:10 PM,16.01,49257.2,32.1927
2192,03/06/20 06:35:20 PM,16.02,49295.0,32.2204
2193,03/06/20 06:35:30 PM,16.02,49281.6,32.2106
2194,03/06/20 06:35:40 PM,16.02,49321.6,32.2399
2195,03/06/20 06:35:50 PM,16.02,49255.0,32.1912
2196,03/06/20 06:36:00 PM,16.02,49281.6,32.2106
2197,03/06/20 06:36:10 PM,16.02,49268.3,32.2009
2198,03/06/20 06:36:20 PM,16.02,49295.0,32.2204
2199,03/06/20 06:36:30 PM,16.02,49255.0,32.1912
2200,03/06/20 06:36:40 PM,16.01,49257.2,32.1927
2201,03/06/20 06:36:50 PM,16.01,49306.1,32.2285
2202,03/06/20 06:37:00 PM,16.01,49266.1,32.1993
2203,03/06/20 06:37:10 PM,16.01,49266.1,32.1993
2204,03/06/20 06:37:20 PM,16.01,49266.1,32.1993
2205,03/06/20 06:37:30 PM,16.01,49230.6,32.1733
2206,03/06/20 06:37:40 PM,16.00,49277.2,32.2074
2207,03/06/20 06:37:50 PM,16.01,49279.3,32.2090
2208,03/06/20 06:38:00 PM,15.98,49325.9,32.2431
2209,03/06/20 06:38:10 PM,15.98,49277.2,32.2074
2210,03/06/20 06:38:20 PM,15.98,49263.8,32.1976
2211,03/06/20 06:38:30 PM,15.98,49312.6,32.2333
2212,03/06/20 06:38:40 PM,15.98,49277.2,32.2074
2213,03/06/20 06:38:50 PM,15.97,49248.4,32.1863
2214,03/06/20 06:39:00 PM,15.97,49248.4,32.1863
2215,03/06/20 06:39:10 PM,15.97,49221.8,32.1668
2216,03/06/20 06:39:20 PM,15.97,49248.4,32.1863
2217,03/06/20 06:39:30 PM,15.97,49261.7,32.1960
2218,03/06/20 06:39:40 PM,15.97,49221.8,32.1668
2219,03/06/20 06:39:50 PM,15.97,49274.9,32.2057
2220,03/06/20 06:40:00 PM,15.96,49272.7,32.2041
2221,03/06/20 06:40:10 PM,15.96,49299.4,32.2236
2222,03/06/20 06:40:20 PM,15.97,49235.0,32.1765
2223,03/06/20 06:40:30 PM,15.97,49274.9,32.2057
2224,03/06/20 06:40:40 PM,15.97,49297.1,32.2219
2225,03/06/20 06:40:50 PM,15.97,49274.9,32.2057
2226,03/06/20 06:41:00 PM,15.95,49208.7,32.1572
2227,03/06/20 06:41:10 PM,15.95,49243.9,32.1830
2228,03/06/20 06:41:20 PM,15.95,49283.8,32.2122
2229,03/06/20 06:41:30 PM,15.95,49319.2,32.2382
2230,03/06/20 06:41:40 PM,15.95,49243.9,32.1830
2231,03/06/20 06:41:50 PM,15.95,49243.9,32.1830
2232,03/06/20 06:42:00 PM,15.95,49243.9,32.1830
2233,03/06/20 06:42:10 PM,15.95,49283.8,32.2122
2234,03/06/20 06:42:20 PM,15.95,49235.2,32.1766
2235,03/06/20 06:42:30 PM,15.95,49243.9,32.1830
2236,03/06/20 06:42:40 PM,15.95,49257.2,32.1927
2237,03/06/20 06:42:50 PM,15.95,49257.2,32.1927
2238,03/06/20 06:43:00 PM,15.95,49319.2,32.2382
2239,03/06/20 06:43:10 PM,15.95,49257.2,32.1927
2240,03/06/20 06:43:20 PM,15.95,49283.8,32.2122
2241,03/06/20 06:43:30 PM,15.95,49221.9,32.1669
2242,03/06/20 06:43:40 PM,15.95,49257.2,32.1927
2243,03/06/20 06:43:50 PM,15.95,49292.7,32.2188
2244,03/06/20 06:44:00 PM,15.95,49270.6,32.2025
2245,03/06/20 06:44:10 PM,15.95,49221.9,32.1669
2246,03/06/20 06:44:20 PM,15.95,49270.6,32.2025
2247,03/06/20 06:44:30 PM,15.95,49292.7,32.2188
2248,03/06/20 06:44:40 PM,15.95,49257.2,32.1927
2249,03/06/20 06:44:50 PM,15.94,49303.8,32.2269
2250,03/06/20 06:45:00 PM,15.94,49343.7,32.2561
2251,03/06/20 06:45:10 PM,15.94,49268.3,32.2009
2252,03/06/20 06:45:20 PM,15.94,49241.8,32.1814
2253,03/06/20 06:45:30 PM,15.94,49281.7,32.2106
2254,03/06/20 06:45:40 PM,15.94,49294.9,32.2204
2255,03/06/20 06:45:50 PM,15.94,49317.1,32.2366
2256,03/06/20 06:46:00 PM,15.95,49292.7,32.2188
2257,03/06/20 06:46:10 PM,15.94,49241.8,32.1814
2258,03/06/20 06:46:20 PM,15.95,49279.4,32.2090
2259,03/06/20 06:46:30 PM,15.94,49268.3,32.2009
2260,03/06/20 06:46:40 PM,15.94,49281.7,32.2106
2261,03/06/20 06:46:50 PM,15.95,49279.4,32.2090
2262,03/06/20 06:47:00 PM,15.95,49270.6,32.2025
2263,03/06/20 06:47:10 PM,15.95,49279.4,32.2090
2264,03/06/20 06:47:20 PM,15.95,49230.7,32.1733
2265,03/06/20 06:47:30 PM,15.95,49243.9,32.1830
2266,03/06/20 06:47:40 PM,15.95,49279.4,32.2090
2267,03/06/20 06:47:50 PM,15.95,49257.2,32.1927
2268,03/06/20 06:48:00 PM,15.95,49279.4,32.2090
2269,03/06/20 06:48:10 PM,15.94,49281.7,32.2106
2270,03/06/20 06:48:20 PM,15.95,49279.4,32.2090
2271,03/06/20 06:48:30 PM,15.94,49255.0,32.1911
2272,03/06/20 06:48:40 PM,15.95,49257.2,32.1927
2273,03/06/20 06:48:50 PM,15.95,49230.7,32.1733
2274,03/06/20 06:49:00 PM,15.95,49292.7,32.2188
2275,03/06/20 06:49:10 PM,15.95,49257.2,32.1927
2276,03/06/20 06:49:20 PM,15.95,49266.1,32.1993
2277,03/06/20 06:49:30 PM,15.95,49230.7,32.1733
2278,03/06/20 06:49:40 PM,15.95,49243.9,32.1830
2279,03/06/20 06:49:50 PM,15.95,49292.7,32.2188
2280,03/06/20 06:50:00 PM,15.95,49266.1,32.1993
2281,03/06/20 06:50:10 PM,15.96,49294.9,32.2204
2282,03/06/20 06:50:20 PM,15.96,49215.2,32.1620
2283,03/06/20 06:50:30 PM,15.96,49281.7,32.2106
2284,03/06/20 06:50:40 PM,15.95,49266.1,32.1993
2285,03/06/20 06:50:50 PM,15.96,49268.3,32.2009
2286,03/06/20 06:51:00 PM,15.96,49219.6,32.1652
2287,03/06/20 06:51:10 PM,15.96,49268.3,32.2009
2288,03/06/20 06:51:20 PM,15.96,49232.9,32.1749
2289,03/06/20 06:51:30 PM,15.97,49283.8,32.2122
2290,03/06/20 06:51:40 PM,15.97,49244.0,32.1830
2291,03/06/20 06:51:50 PM,15.97,49257.2,32.1927
2292,03/06/20 06:52:00 PM,15.97,49257.2,32.1927
2293,03/06/20 06:52:10 PM,15.97,49257.2,32.1927
2294,03/06/20 06:52:20 PM,15.97,49257.2,32.1927
2295,03/06/20 06:52:30 PM,15.97,49279.4,32.2090
2296,03/06/20 06:52:40 PM,15.97,49230.7,32.1733
2297,03/06/20 06:52:50 PM,15.98,49246.1,32.1846
2298,03/06/20 06:53:00 PM,15.98,49219.6,32.1652
2299,03/06/20 06:53:10 PM,15.98,49193.0,32.1458
2300,03/06/20 06:53:20 PM,16.00,49286.0,32.2138
2301,03/06/20 06:53:30 PM,16.00,49210.8,32.1587
2302,03/06/20 06:53:40 PM,16.00,49184.3,32.1393
2303,03/06/20 06:53:50 PM,16.00,49224.0,32.1684
2304,03/06/20 06:54:00 PM,16.00,49232.9,32.1749
2305,03/06/20 06:54:10 PM,16.00,49184.3,32.1393
2306,03/06/20 06:54:20 PM,16.00,49184.3,32.1393
2307,03/06/20 06:54:30 PM,16.00,49259.5,32.1944
2308,03/06/20 06:54:40 PM,16.00,49246.1,32.1846
2309,03/06/20 06:54:50 PM,15.98,49246.1,32.1846
2310,03/06/20 06:55:00 PM,16.00,49197.5,32.1490
2311,03/06/20 06:55:10 PM,16.00,49259.5,32.1944
2312,03/06/20 06:55:20 PM,16.00,49246.1,32.1846
2313,03/06/20 06:55:30 PM,16.00,49232.9,32.1749
2314,03/06/20 06:55:40 PM,16.00,49232.9,32.1749
2315,03/06/20 06:55:50 PM,16.00,49224.0,32.1684
2316,03/06/20 06:56:00 PM,16.00,49246.1,32.1846
2317,03/06/20 06:56:10 PM,15.98,49255.0,32.1912
2318,03/06/20 06:56:20 PM,16.00,49232.9,32.1749
2319,03/06/20 06:56:30 PM,16.01,49221.8,32.1668
2320,03/06/20 06:56:40 PM,16.00,49246.1,32.1846
2321,03/06/20 06:56:50 PM,16.00,49197.5,32.1490
2322,03/06/20 06:57:00 PM,16.00,49259.5,32.1944
2323,03/06/20 06:57:10 PM,16.00,49232.9,32.1749
2324,03/06/20 06:57:20 PM,16.01,49199.7,32.1506
2325,03/06/20 06:57:30 PM,16.00,49246.1,32.1846
2326,03/06/20 06:57:40 PM,15.98,49232.9,32.1749
2327,03/06/20 06:57:50 PM,16.00,49246.1,32.1846
2328,03/06/20 06:58:00 PM,16.00,49232.9,32.1749
2329,03/06/20 06:58:10 PM,16.00,49246.1,32.1846
2330,03/06/20 06:58:20 PM,16.00,49197.5,32.1490
2331,03/06/20 06:58:30 PM,16.00,49246.1,32.1846
2332,03/06/20 06:58:40 PM,16.00,49246.1,32.1846
2333,03/06/20 06:58:50 PM,16.01,49248.4,32.1863
2334,03/06/20 06:59:00 PM,16.00,49259.5,32.1944
2335,03/06/20 06:59:10 PM,16.00,49259.5,32.1944
2336,03/06/20 06:59:20 PM,16.01,49235.1,32.1765
2337,03/06/20 06:59:30 PM,16.01,49235.1,32.1765
2338,03/06/20 06:59:40 PM,16.00,49259.5,32.1944
2339,03/06/20 06:59:50 PM,16.01,49208.5,32.1571
2340,03/06/20 07:00:00 PM,16.00,49246.1,32.1846
2341,03/06/20 07:00:10 PM,16.01,49208.5,32.1571
2342,03/06/20 07:00:20 PM,16.01,49274.9,32.2057
2343,03/06/20 07:00:30 PM,16.01,49208.5,32.1571
2344,03/06/20 07:00:40 PM,16.01,49186.5,32.1409
2345,03/06/20 07:00:50 PM,16.01,49186.5,32.1409
2346,03/06/20 07:01:00 PM,16.01,49208.5,32.1571
2347,03/06/20 07:01:10 PM,16.00,49272.7,32.2041
2348,03/06/20 07:01:20 PM,16.01,49186.5,32.1409
2349,03/06/20 07:01:30 PM,16.01,49235.1,32.1765
2350,03/06/20 07:01:40 PM,16.01,49235.1,32.1765
2351,03/06/20 07:01:50 PM,16.01,49208.5,32.1571
2352,03/06/20 07:02:00 PM,16.01,49235.1,32.1765
2353,03/06/20 07:02:10 PM,16.01,49261.7,32.1960
2354,03/06/20 07:02:20 PM,16.01,49235.1,32.1765
2355,03/06/20 07:02:30 PM,16.01,49221.8,32.1668
2356,03/06/20 07:02:40 PM,16.01,49235.1,32.1765
2357,03/06/20 07:02:50 PM,16.01,49186.5,32.1409
2358,03/06/20 07:03:00 PM,16.01,49270.6,32.2025
2359,03/06/20 07:03:10 PM,16.01,49195.3,32.1474
2360,03/06/20 07:03:20 PM,16.01,49208.5,32.1571
2361,03/06/20 07:03:30 PM,16.02,49184.2,32.1393
2362,03/06/20 07:03:40 PM,16.02,49232.9,32.1750
2363,03/06/20 07:03:50 PM,16.01,49244.0,32.1831
2364,03/06/20 07:04:00 PM,16.01,49244.0,32.1831
2365,03/06/20 07:04:10 PM,16.01,49244.0,32.1831
2366,03/06/20 07:04:20 PM,16.01,49221.8,32.1668
2367,03/06/20 07:04:30 PM,16.02,49272.7,32.2041
2368,03/06/20 07:04:40 PM,16.01,49257.2,32.1927
2369,03/06/20 07:04:50 PM,16.02,49232.9,32.1750
2370,03/06/20 07:05:00 PM,16.02,49219.6,32.1652
2371,03/06/20 07:05:10 PM,16.01,49244.0,32.1831
2372,03/06/20 07:05:20 PM,16.01,49230.6,32.1733
2373,03/06/20 07:05:30 PM,16.02,49272.7,32.2041
2374,03/06/20 07:05:40 PM,16.02,49219.6,32.1652
2375,03/06/20 07:05:50 PM,16.02,49184.2,32.1393
2376,03/06/20 07:06:00 PM,16.02,49210.8,32.1587
2377,03/06/20 07:06:10 PM,16.02,49184.2,32.1393
2378,03/06/20 07:06:20 PM,16.02,49219.6,32.1652
2379,03/06/20 07:06:30 PM,16.02,49210.8,32.1587
2380,03/06/20 07:06:40 PM,16.02,49219.6,32.1652
2381,03/06/20 07:06:50 PM,16.01,49257.2,32.1927
2382,03/06/20 07:07:00 PM,16.01,49230.6,32.1733
2383,03/06/20 07:07:10 PM,16.01,49208.5,32.1571
2384,03/06/20 07:07:20 PM,16.02,49232.9,32.1750
2385,03/06/20 07:07:30 PM,16.02,49219.6,32.1652
2386,03/06/20 07:07:40 PM,16.01,49208.5,32.1571
2387,03/06/20 07:07:50 PM,16.02,49259.5,32.1944
2388,03/06/20 07:08:00 PM,16.03,49221.9,32.1669
2389,03/06/20 07:08:10 PM,16.02,49232.9,32.1750
2390,03/06/20 07:08:20 PM,16.02,49197.4,32.1490
2391,03/06/20 07:08:30 PM,16.05,49213.0,32.1603
2392,03/06/20 07:08:40 PM,16.05,49173.2,32.1312
2393,03/06/20 07:08:50 PM,16.05,49199.7,32.1507
2394,03/06/20 07:09:00 PM,16.05,49199.7,32.1507
2395,03/06/20 07:09:10 PM,16.03,49221.9,32.1669
2396,03/06/20 07:09:20 PM,16.03,49221.9,32.1669
2397,03/06/20 07:09:30 PM,16.05,49213.0,32.1603
2398,03/06/20 07:09:40 PM,16.03,49235.1,32.1765
2399,03/06/20 07:09:50 PM,16.03,49248.4,32.1863
2400,03/06/20 07:10:00 PM,16.05,49199.7,32.1507
2401,03/06/20 07:10:10 PM,16.03,49261.7,32.1960
2402,03/06/20 07:10:20 PM,16.03,49235.1,32.1765
2403,03/06/20 07:10:30 PM,16.03,49248.4,32.1863
2404,03/06/20 07:10:40 PM,16.03,49248.4,32.1863
2405,03/06/20 07:10:50 PM,16.03,49221.9,32.1669
2406,03/06/20 07:11:00 PM,16.03,49248.4,32.1863
2407,03/06/20 07:11:10 PM,16.05,49173.2,32.1312
2408,03/06/20 07:11:20 PM,16.05,49261.8,32.1961
2409,03/06/20 07:11:30 PM,16.05,49199.7,32.1507
2410,03/06/20 07:11:40 PM,16.05,49186.4,32.1409
2411,03/06/20 07:11:50 PM,16.05,49226.3,32.1701
2412,03/06/20 07:12:00 PM,16.05,49226.3,32.1701
2413,03/06/20 07:12:10 PM,16.05,49208.5,32.1571
2414,03/06/20 07:12:20 PM,16.05,49146.6,32.1118
2415,03/06/20 07:12:30 PM,16.05,49235.1,32.1765
2416,03/06/20 07:12:40 PM,16.05,49199.7,32.1507
2417,03/06/20 07:12:50 PM,16.05,49160.0,32.1215
2418,03/06/20 07:13:00 PM,16.05,49173.2,32.1312
2419,03/06/20 07:13:10 PM,16.05,49173.2,32.1312
2420,03/06/20 07:13:20 PM,16.06,49162.1,32.1231
2421,03/06/20 07:13:30 PM,16.06,49215.3,32.1620
2422,03/06/20 07:13:40 PM,16.06,49197.5,32.1490
2423,03/06/20 07:13:50 PM,16.06,49197.5,32.1490
2424,03/06/20 07:14:00 PM,16.06,49197.5,32.1490
2425,03/06/20 07:14:10 PM,16.06,49210.8,32.1588
2426,03/06/20 07:14:20 PM,16.06,49197.5,32.1490
2427,03/06/20 07:14:30 PM,16.06,49148.9,32.1134
2428,03/06/20 07:14:40 PM,16.06,49162.1,32.1231
2429,03/06/20 07:14:50 PM,16.06,49148.9,32.1134
2430,03/06/20 07:15:00 PM,16.06,49184.3,32.1393
2431,03/06/20 07:15:10 PM,16.06,49197.5,32.1490
2432,03/06/20 07:15:20 PM,16.06,49162.1,32.1231
2433,03/06/20 07:15:30 PM,16.07,49199.8,32.1507
2434,03/06/20 07:15:40 PM,16.07,49173.2,32.1312
2435,03/06/20 07:15:50 PM,16.07,49164.3,32.1247
2436,03/06/20 07:16:00 PM,16.07,49173.2,32.1312
2437,03/06/20 07:16:10 PM,16.07,49186.4,32.1409
2438,03/06/20 07:16:20 PM,16.07,49173.2,32.1312
2439,03/06/20 07:16:30 PM,16.08,49188.7,32.1426
2440,03/06/20 07:16:40 PM,16.07,49173.2,32.1312
2441,03/06/20 07:16:50 PM,16.07,49173.2,32.1312
2442,03/06/20 07:17:00 PM,16.07,49239.7,32.1799
2443,03/06/20 07:17:10 PM,16.07,49173.2,32.1312
2444,03/06/20 07:17:20 PM,16.08,49140.1,32.1070
2445,03/06/20 07:17:30 PM,16.07,49226.3,32.1701
2446,03/06/20 07:17:40 PM,16.07,49173.2,32.1312
2447,03/06/20 07:17:50 PM,16.08,49215.3,32.1620
2448,03/06/20 07:18:00 PM,16.07,49199.8,32.1507
2449,03/06/20 07:18:10 PM,16.07,49173.2,32.1312
2450,03/06/20 07:18:20 PM,16.07,49199.8,32.1507
2451,03/06/20 07:18:30 PM,16.07,49151.1,32.1150
2452,03/06/20 07:18:40 PM,16.07,49199.8,32.1507
2453,03/06/20 07:18:50 PM,16.07,49199.8,32.1507
2454,03/06/20 07:19:00 PM,16.07,49151.1,32.1150
2455,03/06/20 07:19:10 PM,16.08,49210.8,32.1588
2456,03/06/20 07:19:20 PM,16.08,49224.2,32.1685
2457,03/06/20 07:19:30 PM,16.08,49162.2,32.1232
2458,03/06/20 07:19:40 PM,16.08,49188.7,32.1426
2459,03/06/20 07:19:50 PM,16.08,49162.2,32.1232
2460,03/06/20 07:20:00 PM,16.08,49162.2,32.1232
2461,03/06/20 07:20:10 PM,16.08,49149.0,32.1135
2462,03/06/20 07:20:20 PM,16.08,49188.7,32.1426
2463,03/06/20 07:20:30 PM,16.08,49135.6,32.1037
2464,03/06/20 07:20:40 PM,16.09,49124.6,32.0956
2465,03/06/20 07:20:50 PM,16.09,49151.1,32.1151
2466,03/06/20 07:21:00 PM,16.09,49151.1,32.1151
2467,03/06/20 07:21:10 PM,16.09,49164.4,32.1247
2468,03/06/20 07:21:20 PM,16.09,49226.3,32.1701
2469,03/06/20 07:21:30 PM,16.09,49164.4,32.1247
2470,03/06/20 07:21:40 PM,16.09,49151.1,32.1151
2471,03/06/20 07:21:50 PM,16.11,49129.1,32.0989
2472,03/06/20 07:22:00 PM,16.11,49204.2,32.1539
2473,03/06/20 07:22:10 PM,16.11,49177.7,32.1345
2474,03/06/20 07:22:20 PM,16.11,49151.2,32.1151
2475,03/06/20 07:22:30 PM,16.12,49153.4,32.1167
2476,03/06/20 07:22:40 PM,16.11,49151.2,32.1151
2477,03/06/20 07:22:50 PM,16.11,49151.2,32.1151
2478,03/06/20 07:23:00 PM,16.09,49186.5,32.1409
2479,03/06/20 07:23:10 PM,16.11,49129.1,32.0989
2480,03/06/20 07:23:20 PM,16.11,49115.9,32.0893
2481,03/06/20 07:23:30 PM,16.11,49151.2,32.1151
2482,03/06/20 07:23:40 PM,16.11,49164.4,32.1248
2483,03/06/20 07:23:50 PM,16.11,49204.2,32.1539
2484,03/06/20 07:24:00 PM,16.12,49140.2,32.1070
2485,03/06/20 07:24:10 PM,16.12,49153.4,32.1167
2486,03/06/20 07:24:20 PM,16.12,49153.4,32.1167
2487,03/06/20 07:24:30 PM,16.11,49138.0,32.1054
2488,03/06/20 07:24:40 PM,16.11,49129.1,32.0989
2489,03/06/20 07:24:50 PM,16.09,49160.0,32.1216
2490,03/06/20 07:25:00 PM,16.11,49129.1,32.0989
2491,03/06/20 07:25:10 PM,16.11,49151.2,32.1151
2492,03/06/20 07:25:20 PM,16.09,49173.2,32.1313
2493,03/06/20 07:25:30 PM,16.09,49160.0,32.1216
2494,03/06/20 07:25:40 PM,16.09,49199.8,32.1507
2495,03/06/20 07:25:50 PM,16.09,49160.0,32.1216
2496,03/06/20 07:26:00 PM,16.09,49124.6,32.0956
2497,03/06/20 07:26:10 PM,16.09,49124.6,32.0956
2498,03/06/20 07:26:20 PM,16.09,49199.8,32.1507
2499,03/06/20 07:26:30 PM,16.09,49124.6,32.0956
2500,03/06/20 07:26:40 PM,16.09,49137.9,32.1054
2501,03/06/20 07:26:50 PM,16.08,49184.3,32.1393
2502,03/06/20 07:27:00 PM,16.07,49146.7,32.1118
2503,03/06/20 07:27:10 PM,16.09,49124.6,32.0956
2504,03/06/20 07:27:20 PM,16.08,49171.1,32.1297
2505,03/06/20 07:27:30 PM,16.08,49157.7,32.1199
2506,03/06/20 07:27:40 PM,16.09,49137.9,32.1054
2507,03/06/20 07:27:50 PM,16.08,49184.3,32.1393
2508,03/06/20 07:28:00 PM,16.09,49173.2,32.1313
2509,03/06/20 07:28:10 PM,16.09,49173.2,32.1313
2510,03/06/20 07:28:20 PM,16.09,49137.9,32.1054
2511,03/06/20 07:28:30 PM,16.09,49111.4,32.0860
2512,03/06/20 07:28:40 PM,16.09,49186.5,32.1409
2513,03/06/20 07:28:50 PM,16.09,49173.2,32.1313
2514,03/06/20 07:29:00 PM,16.09,49173.2,32.1313
2515,03/06/20 07:29:10 PM,16.09,49186.5,32.1409
2516,03/06/20 07:29:20 PM,16.09,49146.7,32.1118
2517,03/06/20 07:29:30 PM,16.09,49146.7,32.1118
2518,03/06/20 07:29:40 PM,16.11,49151.2,32.1151
2519,03/06/20 07:29:50 PM,16.09,49146.7,32.1118
2520,03/06/20 07:30:00 PM,16.09,49160.0,32.1216
2521,03/06/20 07:30:10 PM,16.09,49160.0,32.1216
2522,03/06/20 07:30:20 PM,16.09,49146.7,32.1118
2523,03/06/20 07:30:30 PM,16.11,49124.6,32.0957
2524,03/06/20 07:30:40 PM,16.09,49160.0,32.1216
2525,03/06/20 07:30:50 PM,16.09,49098.2,32.0763
2526,03/06/20 07:31:00 PM,16.11,49102.6,32.0795
2527,03/06/20 07:31:10 PM,16.11,49111.4,32.0860
2528,03/06/20 07:31:20 PM,16.11,49102.6,32.0795
2529,03/06/20 07:31:30 PM,16.11,49138.0,32.1054
2530,03/06/20 07:31:40 PM,16.11,49111.4,32.0860
2531,03/06/20 07:31:50 PM,16.11,49102.6,32.0795
2532,03/06/20 07:32:00 PM,16.11,49124.6,32.0957
2533,03/06/20 07:32:10 PM,16.11,49138.0,32.1054
2534,03/06/20 07:32:20 PM,16.11,49124.6,32.0957
2535,03/06/20 07:32:30 PM,16.12,49140.2,32.1070
2536,03/06/20 07:32:40 PM,16.12,49100.4,32.0779
2537,03/06/20 07:32:50 PM,16.12,49113.6,32.0876
2538,03/06/20 07:33:00 PM,16.12,49153.4,32.1167
2539,03/06/20 07:33:10 PM,16.12,49126.9,32.0974
2540,03/06/20 07:33:20 PM,16.13,49102.6,32.0795
2541,03/06/20 07:33:30 PM,16.12,49175.6,32.1329
2542,03/06/20 07:33:40 PM,16.13,49142.3,32.1086
2543,03/06/20 07:33:50 PM,16.13,49076.1,32.0601
2544,03/06/20 07:34:00 PM,16.13,49142.3,32.1086
2545,03/06/20 07:34:10 PM,16.13,49142.3,32.1086
2546,03/06/20 07:34:20 PM,16.13,49076.1,32.0601
2547,03/06/20 07:34:30 PM,16.13,49151.2,32.1151
2548,03/06/20 07:34:40 PM,16.13,49142.3,32.1086
2549,03/06/20 07:34:50 PM,16.13,49115.9,32.0893
2550,03/06/20 07:35:00 PM,16.13,49115.9,32.0893
2551,03/06/20 07:35:10 PM,16.13,49115.9,32.0893
2552,03/06/20 07:35:20 PM,16.13,49115.9,32.0893
2553,03/06/20 07:35:30 PM,16.13,49164.5,32.1249
2554,03/06/20 07:35:40 PM,16.13,49129.1,32.0990
2555,03/06/20 07:35:50 PM,16.13,49151.2,32.1151
2556,03/06/20 07:36:00 PM,16.13,49177.7,32.1345
2557,03/06/20 07:36:10 PM,16.14,49118.1,32.0909
2558,03/06/20 07:36:20 PM,16.13,49115.9,32.0893
2559,03/06/20 07:36:30 PM,16.13,49102.6,32.0795
2560,03/06/20 07:36:40 PM,16.13,49138.0,32.1055
2561,03/06/20 07:36:50 PM,16.13,49138.0,32.1055
2562,03/06/20 07:37:00 PM,16.13,49177.7,32.1345
2563,03/06/20 07:37:10 PM,16.13,49129.1,32.0990
2564,03/06/20 07:37:20 PM,16.13,49062.9,32.0505
2565,03/06/20 07:37:30 PM,16.13,49138.0,32.1055
2566,03/06/20 07:37:40 PM,16.13,49138.0,32.1055
2567,03/06/20 07:37:50 PM,16.13,49164.5,32.1249
2568,03/06/20 07:38:00 PM,16.13,49111.5,32.0860
2569,03/06/20 07:38:10 PM,16.13,49115.9,32.0893
2570,03/06/20 07:38:20 PM,16.14,49127.0,32.0974
2571,03/06/20 07:38:30 PM,16.14,49091.6,32.0715
2572,03/06/20 07:38:40 PM,16.14,49100.5,32.0780
2573,03/06/20 07:38:50 PM,16.14,49153.5,32.1168
2574,03/06/20 07:39:00 PM,16.16,49118.2,32.0909
2575,03/06/20 07:39:10 PM,16.16,49078.5,32.0619
2576,03/06/20 07:39:20 PM,16.16,49091.7,32.0715
2577,03/06/20 07:39:30 PM,16.16,49043.1,32.0360
2578,03/06/20 07:39:40 PM,16.16,49131.5,32.1007
2579,03/06/20 07:39:50 PM,16.17,49094.0,32.0732
2580,03/06/20 07:40:00 PM,16.17,49080.6,32.0635
2581,03/06/20 07:40:10 PM,16.16,49091.7,32.0715
2582,03/06/20 07:40:20 PM,16.17,49094.0,32.0732
2583,03/06/20 07:40:30 PM,16.17,49129.3,32.0991
2584,03/06/20 07:40:40 PM,16.17,49094.0,32.0732
2585,03/06/20 07:40:50 PM,16.18,49082.9,32.0651
2586,03/06/20 07:41:00 PM,16.18,49082.9,32.0651
2587,03/06/20 07:41:10 PM,16.18,49118.3,32.0910
2588,03/06/20 07:41:20 PM,16.19,49085.1,32.0667
2589,03/06/20 07:41:30 PM,16.18,49096.1,32.0748
2590,03/06/20 07:41:40 PM,16.19,49133.8,32.1024
2591,03/06/20 07:41:50 PM,16.18,49021.1,32.0199
2592,03/06/20 07:42:00 PM,16.18,49131.5,32.1007
2593,03/06/20 07:42:10 PM,16.19,49107.3,32.0830
2594,03/06/20 07:42:20 PM,16.19,49094.0,32.0732
2595,03/06/20 07:42:30 PM,16.16,49118.2,32.0909
2596,03/06/20 07:42:40 PM,16.17,49080.6,32.0635
2597,03/06/20 07:42:50 PM,16.17,49107.1,32.0829
2598,03/06/20 07:43:00 PM,16.16,49105.0,32.0813
2599,03/06/20 07:43:10 PM,16.14,49025.5,32.0231
2600,03/06/20 07:43:20 PM,16.14,49113.7,32.0876
2601,03/06/20 07:43:30 PM,16.13,49076.1,32.0601
2602,03/06/20 07:43:40 PM,16.12,49135.7,32.1038
2603,03/06/20 07:43:50 PM,16.12,49096.0,32.0747
2604,03/06/20 07:44:00 PM,16.13,49085.0,32.0666
2605,03/06/20 07:44:10 PM,16.11,49071.7,32.0569
2606,03/06/20 07:44:20 PM,16.12,49122.5,32.0941
2607,03/06/20 07:44:30 PM,16.12,49122.5,32.0941
2608,03/06/20 07:44:40 PM,16.12,49073.9,32.0585
2609,03/06/20 07:44:50 PM,16.12,49122.5,32.0941
2610,03/06/20 07:45:00 PM,16.12,49087.1,32.0682
2611,03/06/20 07:45:10 PM,16.12,49047.5,32.0392
2612,03/06/20 07:45:20 PM,16.11,49107.0,32.0828
2613,03/06/20 07:45:30 PM,16.11,49084.9,32.0666
2614,03/06/20 07:45:40 PM,16.09,49142.3,32.1086
2615,03/06/20 07:45:50 PM,16.09,49129.0,32.0989
2616,03/06/20 07:46:00 PM,16.09,49106.9,32.0827
2617,03/06/20 07:46:10 PM,16.11,49107.0,32.0828
2618,03/06/20 07:46:20 PM,16.11,49098.1,32.0763
2619,03/06/20 07:46:30 PM,16.11,49098.1,32.0763
2620,03/06/20 07:46:40 PM,16.09,49093.7,32.0730
2621,03/06/20 07:46:50 PM,16.11,49133.5,32.1022
2622,03/06/20 07:47:00 PM,16.11,49107.0,32.0828
2623,03/06/20 07:47:10 PM,16.09,49168.8,32.1280
2624,03/06/20 07:47:20 PM,16.11,49107.0,32.0828
2625,03/06/20 07:47:30 PM,16.11,49133.5,32.1022
2626,03/06/20 07:47:40 PM,16.11,49107.0,32.0828
2627,03/06/20 07:47:50 PM,16.11,49120.2,32.0924
2628,03/06/20 07:48:00 PM,16.12,49060.7,32.0489
2629,03/06/20 07:48:10 PM,16.11,49098.1,32.0763
2630,03/06/20 07:48:20 PM,16.11,49045.3,32.0376
2631,03/06/20 07:48:30 PM,16.12,49109.2,32.0844
2632,03/06/20 07:48:40 PM,16.12,49082.8,32.0650
2633,03/06/20 07:48:50 PM,16.12,49109.2,32.0844
2634,03/06/20 07:49:00 PM,16.13,49036.5,32.0311
2635,03/06/20 07:49:10 PM,16.12,49082.8,32.0650
2636,03/06/20 07:49:20 PM,16.12,49082.8,32.0650
2637,03/06/20 07:49:30 PM,16.13,49111.5,32.0860
2638,03/06/20 07:49:40 PM,16.13,49124.7,32.0957
2639,03/06/20 07:49:50 PM,16.13,49049.7,32.0408
2640,03/06/20 07:50:00 PM,16.13,49085.0,32.0666
2641,03/06/20 07:50:10 PM,16.13,49085.0,32.0666
2642,03/06/20 07:50:20 PM,16.12,49122.5,32.0941
2643,03/06/20 07:50:30 PM,16.12,49047.5,32.0392
2644,03/06/20 07:50:40 PM,16.12,49082.8,32.0650
2645,03/06/20 07:50:50 PM,16.11,49084.9,32.0666
2646,03/06/20 07:51:00 PM,16.11,49093.8,32.0731
2647,03/06/20 07:51:10 PM,16.11,49032.1,32.0279
2648,03/06/20 07:51:20 PM,16.11,49032.1,32.0279
2649,03/06/20 07:51:30 PM,16.09,49080.5,32.0634
2650,03/06/20 07:51:40 PM,16.11,49045.3,32.0376
2651,03/06/20 07:51:50 PM,16.09,49080.5,32.0634
2652,03/06/20 07:52:00 PM,16.09,49129.0,32.0989
2653,03/06/20 07:52:10 PM,16.09,49054.1,32.0440
2654,03/06/20 07:52:20 PM,16.08,49104.8,32.0811
2655,03/06/20 07:52:30 PM,16.09,49045.2,32.0375
2656,03/06/20 07:52:40 PM,16.09,49115.8,32.0892
2657,03/06/20 07:52:50 PM,16.09,49102.5,32.0795
2658,03/06/20 07:53:00 PM,16.09,49080.5,32.0634
2659,03/06/20 07:53:10 PM,16.08,49113.5,32.0875
2660,03/06/20 07:53:20 PM,16.09,49102.5,32.0795
2661,03/06/20 07:53:30 PM,16.09,49093.7,32.0730
2662,03/06/20 07:53:40 PM,16.08,49091.5,32.0714
2663,03/06/20 07:53:50 PM,16.09,49093.7,32.0730
2664,03/06/20 07:54:00 PM,16.09,49102.5,32.0795
2665,03/06/20 07:54:10 PM,16.09,49102.5,32.0795
2666,03/06/20 07:54:20 PM,16.09,49080.5,32.0634
2667,03/06/20 07:54:30 PM,16.09,49102.5,32.0795
2668,03/06/20 07:54:40 PM,16.09,49080.5,32.0634
2669,03/06/20 07:54:50 PM,16.09,49067.3,32.0537
2670,03/06/20 07:55:00 PM,16.09,49067.3,32.0537
2671,03/06/20 07:55:10 PM,16.09,49102.5,32.0795
2672,03/06/20 07:55:20 PM,16.09,49054.1,32.0440
2673,03/06/20 07:55:30 PM,16.09,49115.8,32.0892
2674,03/06/20 07:55:40 PM,16.09,49089.3,32.0698
2675,03/06/20 07:55:50 PM,16.09,49067.3,32.0537
2676,03/06/20 07:56:00 PM,16.09,49018.9,32.0183
2677,03/06/20 07:56:10 PM,16.09,49142.3,32.1086
2678,03/06/20 07:56:20 PM,16.09,49115.8,32.0892
2679,03/06/20 07:56:30 PM,16.11,49067.3,32.0537
2680,03/06/20 07:56:40 PM,16.09,49080.5,32.0634
2681,03/06/20 07:56:50 PM,16.09,49115.8,32.0892
2682,03/06/20 07:57:00 PM,16.09,49080.5,32.0634
2683,03/06/20 07:57:10 PM,16.09,49054.1,32.0440
2684,03/06/20 07:57:20 PM,16.09,49080.5,32.0634
2685,03/06/20 07:57:30 PM,16.11,49080.5,32.0633
2686,03/06/20 07:57:40 PM,16.11,49058.5,32.0473
2687,03/06/20 07:57:50 PM,16.11,49058.5,32.0473
2688,03/06/20 07:58:00 PM,16.11,49058.5,32.0473
2689,03/06/20 07:58:10 PM,16.11,49018.9,32.0183
2690,03/06/20 07:58:20 PM,16.11,49032.1,32.0279
2691,03/06/20 07:58:30 PM,16.11,49058.5,32.0473
2692,03/06/20 07:58:40 PM,16.09,49089.3,32.0698
2693,03/06/20 07:58:50 PM,16.09,49142.3,32.1086
2694,03/06/20 07:59:00 PM,16.09,49067.3,32.0537
2695,03/06/20 07:59:10 PM,16.09,49089.3,32.0698
2696,03/06/20 07:59:20 PM,16.09,49089.3,32.0698
2697,03/06/20 07:59:30 PM,16.11,49107.0,32.0828
2698,03/06/20 07:59:40 PM,16.09,49054.1,32.0440
2699,03/06/20 07:59:50 PM,16.09,49129.0,32.0989
2700,03/06/20 08:00:00 PM,16.09,49089.3,32.0698
2701,03/06/20 08:00:10 PM,16.09,49067.3,32.0537
2702,03/06/20 08:00:20 PM,16.09,49040.9,32.0344
2703,03/06/20 08:00:30 PM,16.09,49089.3,32.0698
2704,03/06/20 08:00:40 PM,16.09,49102.5,32.0795
2705,03/06/20 08:00:50 PM,16.09,49102.5,32.0795
2706,03/06/20 08:01:00 PM,16.09,49067.3,32.0537
2707,03/06/20 08:01:10 PM,16.09,49067.3,32.0537
2708,03/06/20 08:01:20 PM,16.09,49102.5,32.0795
2709,03/06/20 08:01:30 PM,16.09,49102.5,32.0795
2710,03/06/20 08:01:40 PM,16.09,49067.3,32.0537
2711,03/06/20 08:01:50 PM,16.09,49129.0,32.0989
2712,03/06/20 08:02:00 PM,16.09,49076.1,32.0601
2713,03/06/20 08:02:10 PM,16.09,49067.3,32.0537
2714,03/06/20 08:02:20 PM,16.09,49102.5,32.0795
2715,03/06/20 08:02:30 PM,16.09,49089.3,32.0698
2716,03/06/20 08:02:40 PM,16.09,49089.3,32.0698
2717,03/06/20 08:02:50 PM,16.09,49102.5,32.0795
2718,03/06/20 08:03:00 PM,16.09,49089.3,32.0698
2719,03/06/20 08:03:10 PM,16.09,49115.8,32.0892
2720,03/06/20 08:03:20 PM,16.09,49062.9,32.0505
2721,03/06/20 08:03:30 PM,16.09,49076.1,32.0601
2722,03/06/20 08:03:40 PM,16.09,49062.9,32.0505
2723,03/06/20 08:03:50 PM,16.09,49076.1,32.0601
2724,03/06/20 08:04:00 PM,16.09,49076.1,32.0601
2725,03/06/20 08:04:10 PM,16.11,49054.1,32.0440
2726,03/06/20 08:04:20 PM,16.11,49054.1,32.0440
2727,03/06/20 08:04:30 PM,16.11,49067.3,32.0537
2728,03/06/20 08:04:40 PM,16.09,49062.9,32.0505
2729,03/06/20 08:04:50 PM,16.11,49115.9,32.0893
2730,03/06/20 08:05:00 PM,16.11,49080.5,32.0633
2731,03/06/20 08:05:10 PM,16.12,49069.5,32.0553
2732,03/06/20 08:05:20 PM,16.12,49056.3,32.0456
2733,03/06/20 08:05:30 PM,16.12,49096.0,32.0747
2734,03/06/20 08:05:40 PM,16.11,49093.8,32.0731
2735,03/06/20 08:05:50 PM,16.12,49069.5,32.0553
2736,03/06/20 08:06:00 PM,16.11,49093.8,32.0731
2737,03/06/20 08:06:10 PM,16.12,49069.5,32.0553
2738,03/06/20 08:06:20 PM,16.12,49069.5,32.0553
2739,03/06/20 08:06:30 PM,16.12,49082.8,32.0650
2740,03/06/20 08:06:40 PM,16.11,49067.3,32.0537
2741,03/06/20 08:06:50 PM,16.11,49054.1,32.0440
2742,03/06/20 08:07:00 PM,16.11,49080.5,32.0633
2743,03/06/20 08:07:10 PM,16.09,49076.1,32.0601
2744,03/06/20 08:07:20 PM,16.11,49032.1,32.0279
2745,03/06/20 08:07:30 PM,16.11,49054.1,32.0440
2746,03/06/20 08:07:40 PM,16.09,49076.1,32.0601
2747,03/06/20 08:07:50 PM,16.11,49080.5,32.0633
2748,03/06/20 08:08:00 PM,16.12,49091.5,32.0714
2749,03/06/20 08:08:10 PM,16.12,49056.3,32.0456
2750,03/06/20 08:08:20 PM,16.12,49069.5,32.0553
2751,03/06/20 08:08:30 PM,16.12,49029.9,32.0263
2752,03/06/20 08:08:40 PM,16.12,49021.1,32.0199
2753,03/06/20 08:08:50 PM,16.12,49069.5,32.0553
2754,03/06/20 08:09:00 PM,16.13,49045.3,32.0376
2755,03/06/20 08:09:10 PM,16.12,49056.3,32.0456
2756,03/06/20 08:09:20 PM,16.11,49102.6,32.0795
2757,03/06/20 08:09:30 PM,16.11,49040.9,32.0343
2758,03/06/20 08:09:40 PM,16.11,49054.1,32.0440
2759,03/06/20 08:09:50 PM,16.11,49032.1,32.0279
2760,03/06/20 08:10:00 PM,16.11,49067.3,32.0537
2761,03/06/20 08:10:10 PM,16.11,49032.1,32.0279
2762,03/06/20 08:10:20 PM,16.11,49067.3,32.0537
2763,03/06/20 08:10:30 PM,16.11,49018.9,32.0183
2764,03/06/20 08:10:40 PM,16.11,49032.1,32.0279
2765,03/06/20 08:10:50 PM,16.11,49032.1,32.0279
2766,03/06/20 08:11:00 PM,16.11,49080.5,32.0633
2767,03/06/20 08:11:10 PM,16.11,49093.8,32.0731
2768,03/06/20 08:11:20 PM,16.09,49076.1,32.0601
2769,03/06/20 08:11:30 PM,16.11,49089.4,32.0698
2770,03/06/20 08:11:40 PM,16.11,49040.9,32.0343
2771,03/06/20 08:11:50 PM,16.12,49056.3,32.0456
2772,03/06/20 08:12:00 PM,16.11,49054.1,32.0440
2773,03/06/20 08:12:10 PM,16.11,49032.1,32.0279
2774,03/06/20 08:12:20 PM,16.11,49067.3,32.0537
2775,03/06/20 08:12:30 PM,16.11,49054.1,32.0440
2776,03/06/20 08:12:40 PM,16.11,49040.9,32.0343
2777,03/06/20 08:12:50 PM,16.11,49054.1,32.0440
2778,03/06/20 08:13:00 PM,16.09,49040.9,32.0344
2779,03/06/20 08:13:10 PM,16.11,49018.9,32.0183
2780,03/06/20 08:13:20 PM,16.11,49067.3,32.0537
2781,03/06/20 08:13:30 PM,16.11,49089.4,32.0698
2782,03/06/20 08:13:40 PM,16.12,49043.1,32.0359
2783,03/06/20 08:13:50 PM,16.11,49027.7,32.0247
2784,03/06/20 08:14:00 PM,16.11,49040.9,32.0343
2785,03/06/20 08:14:10 PM,16.12,49056.3,32.0456
2786,03/06/20 08:14:20 PM,16.11,49040.9,32.0343
2787,03/06/20 08:14:30 PM,16.11,49005.7,32.0086
2788,03/06/20 08:14:40 PM,16.11,49027.7,32.0247
2789,03/06/20 08:14:50 PM,16.11,49076.2,32.0602
2790,03/06/20 08:15:00 PM,16.11,49014.4,32.0150
2791,03/06/20 08:15:10 PM,16.11,49076.2,32.0602
2792,03/06/20 08:15:20 PM,16.11,49076.2,32.0602
2793,03/06/20 08:15:30 PM,16.12,49003.5,32.0070
2794,03/06/20 08:15:40 PM,16.12,49016.7,32.0166
2795,03/06/20 08:15:50 PM,16.12,49003.5,32.0070
2796,03/06/20 08:16:00 PM,16.12,49016.7,32.0166
2797,03/06/20 08:16:10 PM,16.12,49056.3,32.0456
2798,03/06/20 08:16:20 PM,16.12,49078.3,32.0618
2799,03/06/20 08:16:30 PM,16.12,49056.3,32.0456
2800,03/06/20 08:16:40 PM,16.12,48994.7,32.0005
2801,03/06/20 08:16:50 PM,16.12,49016.7,32.0166
2802,03/06/20 08:17:00 PM,16.12,49029.9,32.0263
2803,03/06/20 08:17:10 PM,16.12,49029.9,32.0263
2804,03/06/20 08:17:20 PM,16.12,49016.7,32.0166
2805,03/06/20 08:17:30 PM,16.11,49054.1,32.0440
2806,03/06/20 08:17:40 PM,16.11,49062.9,32.0505
2807,03/06/20 08:17:50 PM,16.11,49014.4,32.0150
2808,03/06/20 08:18:00 PM,16.11,49014.4,32.0150
2809,03/06/20 08:18:10 PM,16.11,49089.4,32.0698
2810,03/06/20 08:18:20 PM,16.11,49014.4,32.0150
2811,03/06/20 08:18:30 PM,16.11,49062.9,32.0505
2812,03/06/20 08:18:40 PM,16.11,49027.7,32.0247
2813,03/06/20 08:18:50 PM,16.11,49027.7,32.0247
2814,03/06/20 08:19:00 PM,16.11,49027.7,32.0247
2815,03/06/20 08:19:10 PM,16.11,49027.7,32.0247
2816,03/06/20 08:19:20 PM,16.11,49054.1,32.0440
2817,03/06/20 08:19:30 PM,16.11,49102.6,32.0795
2818,03/06/20 08:19:40 PM,16.11,49027.7,32.0247
2819,03/06/20 08:19:50 PM,16.11,49062.9,32.0505
2820,03/06/20 08:20:00 PM,16.12,49051.9,32.0424
2821,03/06/20 08:20:10 PM,16.11,49027.7,32.0247
2822,03/06/20 08:20:20 PM,16.11,49014.4,32.0150
2823,03/06/20 08:20:30 PM,16.11,49027.7,32.0247
2824,03/06/20 08:20:40 PM,16.11,49027.7,32.0247
2825,03/06/20 08:20:50 PM,16.11,49014.4,32.0150
2826,03/06/20 08:21:00 PM,16.12,49029.9,32.0263
2827,03/06/20 08:21:10 PM,16.12,49016.7,32.0166
2828,03/06/20 08:21:20 PM,16.12,48955.1,31.9716
2829,03/06/20 08:21:30 PM,16.12,49003.5,32.0070
2830,03/06/20 08:21:40 PM,16.12,49038.6,32.0327
2831,03/06/20 08:21:50 PM,16.12,49065.1,32.0521
2832,03/06/20 08:22:00 PM,16.12,48968.3,31.9812
2833,03/06/20 08:22:10 PM,16.12,49016.7,32.0166
2834,03/06/20 08:22:20 PM,16.12,48968.3,31.9812
2835,03/06/20 08:22:30 PM,16.12,48968.3,31.9812
2836,03/06/20 08:22:40 PM,16.12,49065.1,32.0521
2837,03/06/20 08:22:50 PM,16.12,49003.5,32.0070
2838,03/06/20 08:23:00 PM,16.11,49040.9,32.0343
2839,03/06/20 08:23:10 PM,16.12,49003.5,32.0070
2840,03/06/20 08:23:20 PM,16.12,49003.5,32.0070
2841,03/06/20 08:23:30 PM,16.12,48968.3,31.9812
2842,03/06/20 08:23:40 PM,16.12,49038.6,32.0327
2843,03/06/20 08:23:50 PM,16.12,48977.0,31.9876
2844,03/06/20 08:24:00 PM,16.12,48968.3,31.9812
2845,03/06/20 08:24:10 PM,16.12,48990.2,31.9973
2846,03/06/20 08:24:20 PM,16.11,48988.0,31.9957
2847,03/06/20 08:24:30 PM,16.12,49029.9,32.0263
2848,03/06/20 08:24:40 PM,16.12,49038.6,32.0327
2849,03/06/20 08:24:50 PM,16.11,49027.7,32.0247
2850,03/06/20 08:25:00 PM,16.12,48977.0,31.9876
2851,03/06/20 08:25:10 PM,16.11,49062.9,32.0505
2852,03/06/20 08:25:20 PM,16.11,48979.3,31.9893
2853,03/06/20 08:25:30 PM,16.12,48942.0,31.9620
2854,03/06/20 08:25:40 PM,16.11,49027.7,32.0247
2855,03/06/20 08:25:50 PM,16.12,48968.3,31.9812
2856,03/06/20 08:26:00 PM,16.12,48990.2,31.9973
2857,03/06/20 08:26:10 PM,16.12,49051.9,32.0424
2858,03/06/20 08:26:20 PM,16.12,48990.2,31.9973
2859,03/06/20 08:26:30 PM,16.12,48990.2,31.9973
2860,03/06/20 08:26:40 PM,16.12,48942.0,31.9620
2861,03/06/20 08:26:50 PM,16.12,48955.1,31.9716
2862,03/06/20 08:27:00 PM,16.12,49003.5,32.0070
2863,03/06/20 08:27:10 PM,16.12,48963.8,31.9780
2864,03/06/20 08:27:20 PM,16.12,48990.2,31.9973
2865,03/06/20 08:27:30 PM,16.12,48990.2,31.9973
2866,03/06/20 08:27:40 PM,16.12,48990.2,31.9973
2867,03/06/20 08:27:50 PM,16.11,48966.1,31.9796
2868,03/06/20 08:28:00 PM,16.11,48966.1,31.9796
2869,03/06/20 08:28:10 PM,16.11,48974.8,31.9860
2870,03/06/20 08:28:20 PM,16.11,48953.0,31.9700
2871,03/06/20 08:28:30 PM,16.11,48974.8,31.9860
2872,03/06/20 08:28:40 PM,16.11,48953.0,31.9700
2873,03/06/20 08:28:50 PM,16.11,48953.0,31.9700
2874,03/06/20 08:29:00 PM,16.11,48974.8,31.9860
2875,03/06/20 08:29:10 PM,16.12,48963.8,31.9780
2876,03/06/20 08:29:20 PM,16.11,48988.0,31.9957
2877,03/06/20 08:29:30 PM,16.12,49003.5,32.0070
2878,03/06/20 08:29:40 PM,16.12,49003.5,32.0070
2879,03/06/20 08:29:50 PM,16.11,48988.0,31.9957
2880,03/06/20 08:30:00 PM,16.12,48963.8,31.9780
2881,03/06/20 08:30:10 PM,16.11,48974.8,31.9860
2882,03/06/20 08:30:20 PM,16.12,48990.2,31.9973
2883,03/06/20 08:30:30 PM,16.11,48974.8,31.9860
2884,03/06/20 08:30:40 PM,16.11,49014.4,32.0150
2885,03/06/20 08:30:50 PM,16.12,48950.8,31.9684
2886,03/06/20 08:31:00 PM,16.11,49023.2,32.0214
2887,03/06/20 08:31:10 PM,16.11,48974.8,31.9860
2888,03/06/20 08:31:20 PM,16.12,48977.0,31.9876
2889,03/06/20 08:31:30 PM,16.12,48977.0,31.9876
2890,03/06/20 08:31:40 PM,16.12,49003.5,32.0070
2891,03/06/20 08:31:50 PM,16.12,48990.2,31.9973
2892,03/06/20 08:32:00 PM,16.11,48961.7,31.9764
2893,03/06/20 08:32:10 PM,16.12,48977.0,31.9876
2894,03/06/20 08:32:20 PM,16.12,49012.2,32.0134
2895,03/06/20 08:32:30 PM,16.12,48950.8,31.9684
2896,03/06/20 08:32:40 PM,16.12,49012.2,32.0134
2897,03/06/20 08:32:50 PM,16.12,48902.5,31.9331
2898,03/06/20 08:33:00 PM,16.12,48977.0,31.9876
2899,03/06/20 08:33:10 PM,16.12,48990.2,31.9973
2900,03/06/20 08:33:20 PM,16.12,48977.0,31.9876
2901,03/06/20 08:33:30 PM,16.12,48950.8,31.9684
2902,03/06/20 08:33:40 PM,16.12,48963.8,31.9780
2903,03/06/20 08:33:50 PM,16.12,48950.8,31.9684
2904,03/06/20 08:34:00 PM,16.12,49003.5,32.0070
2905,03/06/20 08:34:10 PM,16.12,48990.2,31.9973
2906,03/06/20 08:34:20 PM,16.12,48990.2,31.9973
2907,03/06/20 08:34:30 PM,16.12,48915.6,31.9427
2908,03/06/20 08:34:40 PM,16.12,48915.6,31.9427
2909,03/06/20 08:34:50 PM,16.12,49003.5,32.0070
2910,03/06/20 08:35:00 PM,16.12,48977.0,31.9876
2911,03/06/20 08:35:10 PM,16.12,48928.8,31.9523
2912,03/06/20 08:35:20 PM,16.11,49014.4,32.0150
2913,03/06/20 08:35:30 PM,16.12,48990.2,31.9973
2914,03/06/20 08:35:40 PM,16.12,48963.8,31.9780
2915,03/06/20 08:35:50 PM,16.11,49001.2,32.0053
2916,03/06/20 08:36:00 PM,16.12,49025.4,32.0230
2917,03/06/20 08:36:10 PM,16.12,48937.6,31.9587
2918,03/06/20 08:36:20 PM,16.12,48977.0,31.9876
2919,03/06/20 08:36:30 PM,16.12,48937.6,31.9587
2920,03/06/20 08:36:40 PM,16.12,48977.0,31.9876
2921,03/06/20 08:36:50 PM,16.12,48963.8,31.9780
2922,03/06/20 08:37:00 PM,16.11,48974.8,31.9860
2923,03/06/20 08:37:10 PM,16.12,49012.2,32.0134
2924,03/06/20 08:37:20 PM,16.12,48990.2,31.9973
2925,03/06/20 08:37:30 PM,16.11,48948.5,31.9668
2926,03/06/20 08:37:40 PM,16.11,48961.7,31.9764
2927,03/06/20 08:37:50 PM,16.11,48961.7,31.9764
2928,03/06/20 08:38:00 PM,16.12,48950.8,31.9684
2929,03/06/20 08:38:10 PM,16.11,48974.8,31.9860
2930,03/06/20 08:38:20 PM,16.11,49001.2,32.0053
2931,03/06/20 08:38:30 PM,16.11,49001.2,32.0053
2932,03/06/20 08:38:40 PM,16.11,48988.0,31.9957
2933,03/06/20 08:38:50 PM,16.11,48939.8,31.9604
2934,03/06/20 08:39:00 PM,16.11,49001.2,32.0053
2935,03/06/20 08:39:10 PM,16.12,48977.0,31.9876
2936,03/06/20 08:39:20 PM,16.11,48974.8,31.9860
2937,03/06/20 08:39:30 PM,16.12,48963.8,31.9780
2938,03/06/20 08:39:40 PM,16.11,48948.5,31.9668
2939,03/06/20 08:39:50 PM,16.11,49001.2,32.0053
2940,03/06/20 08:40:00 PM,16.11,49001.2,32.0053
2941,03/06/20 08:40:10 PM,16.11,49023.2,32.0214
2942,03/06/20 08:40:20 PM,16.11,48988.0,31.9957
2943,03/06/20 08:40:30 PM,16.11,49010.0,32.0118
2944,03/06/20 08:40:40 PM,16.11,48974.8,31.9860
2945,03/06/20 08:40:50 PM,16.11,48988.0,31.9957
2946,03/06/20 08:41:00 PM,16.11,48948.5,31.9668
2947,03/06/20 08:41:10 PM,16.11,48974.8,31.9860
2948,03/06/20 08:41:20 PM,16.11,48948.5,31.9668
2949,03/06/20 08:41:30 PM,16.09,48970.5,31.9829
2950,03/06/20 08:41:40 PM,16.11,48988.0,31.9957
2951,03/06/20 08:41:50 PM,16.11,48974.8,31.9860
2952,03/06/20 08:42:00 PM,16.11,48974.8,31.9860
2953,03/06/20 08:42:10 PM,16.11,48926.6,31.9507
2954,03/06/20 08:42:20 PM,16.11,48961.7,31.9764
2955,03/06/20 08:42:30 PM,16.11,48948.5,31.9668
2956,03/06/20 08:42:40 PM,16.11,48948.5,31.9668
2957,03/06/20 08:42:50 PM,16.11,48926.6,31.9507
2958,03/06/20 08:43:00 PM,16.11,48961.7,31.9764
2959,03/06/20 08:43:10 PM,16.11,48996.9,32.0022
2960,03/06/20 08:43:20 PM,16.11,48961.7,31.9764
2961,03/06/20 08:43:30 PM,16.11,48996.9,32.0022
2962,03/06/20 08:43:40 PM,16.09,48970.5,31.9829
2963,03/06/20 08:43:50 PM,16.11,48948.5,31.9668
2964,03/06/20 08:44:00 PM,16.11,48961.7,31.9764
2965,03/06/20 08:44:10 PM,16.11,48996.9,32.0022
2966,03/06/20 08:44:20 PM,16.09,48983.7,31.9925
2967,03/06/20 08:44:30 PM,16.11,48926.6,31.9507
2968,03/06/20 08:44:40 PM,16.11,48961.7,31.9764
2969,03/06/20 08:44:50 PM,16.11,48926.6,31.9507
2970,03/06/20 08:45:00 PM,16.11,48974.8,31.9860
2971,03/06/20 08:45:10 PM,16.09,48957.3,31.9732
2972,03/06/20 08:45:20 PM,16.11,48926.6,31.9507
2973,03/06/20 08:45:30 PM,16.11,48926.6,31.9507
2974,03/06/20 08:45:40 PM,16.11,49023.2,32.0214
2975,03/06/20 08:45:50 PM,16.11,48935.3,31.9571
2976,03/06/20 08:46:00 PM,16.11,48961.7,31.9764
2977,03/06/20 08:46:10 PM,16.11,48961.7,31.9764
2978,03/06/20 08:46:20 PM,16.12,48924.4,31.9491
2979,03/06/20 08:46:30 PM,16.11,48974.8,31.9860
2980,03/06/20 08:46:40 PM,16.12,48937.6,31.9587
2981,03/06/20 08:46:50 PM,16.11,48900.3,31.9315
2982,03/06/20 08:47:00 PM,16.11,48922.3,31.9475
2983,03/06/20 08:47:10 PM,16.11,48900.3,31.9315
2984,03/06/20 08:47:20 PM,16.11,48974.8,31.9860
2985,03/06/20 08:47:30 PM,16.11,48948.5,31.9668
2986,03/06/20 08:47:40 PM,16.11,48935.3,31.9571
2987,03/06/20 08:47:50 PM,16.11,48874.0,31.9122
2988,03/06/20 08:48:00 PM,16.11,48913.5,31.9411
2989,03/06/20 08:48:10 PM,16.11,48935.3,31.9571
2990,03/06/20 08:48:20 PM,16.11,48900.3,31.9315
2991,03/06/20 08:48:30 PM,16.11,48935.3,31.9571
2992,03/06/20 08:48:40 PM,16.12,48911.3,31.9395
2993,03/06/20 08:48:50 PM,16.11,48948.5,31.9668
2994,03/06/20 08:49:00 PM,16.11,48913.5,31.9411
2995,03/06/20 08:49:10 PM,16.12,48937.6,31.9587
2996,03/06/20 08:49:20 PM,16.12,48972.7,31.9845
2997,03/06/20 08:49:30 PM,16.12,48950.8,31.9684
2998,03/06/20 08:49:40 PM,16.12,48924.4,31.9491
2999,03/06/20 08:49:50 PM,16.11,48948.5,31.9668
3000,03/06/20 08:50:00 PM,16.12,48889.3,31.9235
3001,03/06/20 08:50:10 PM,16.11,48948.5,31.9668
3002,03/06/20 08:50:20 PM,16.12,48937.6,31.9587
3003,03/06/20 08:50:30 PM,16.12,48999.0,32.0037
3004,03/06/20 08:50:40 PM,16.11,48900.3,31.9315
3005,03/06/20 08:50:50 PM,16.11,48948.5,31.9668
3006,03/06/20 08:51:00 PM,16.11,48961.7,31.9764
3007,03/06/20 08:51:10 PM,16.12,48972.7,31.9845
3008,03/06/20 08:51:20 PM,16.11,48948.5,31.9668
3009,03/06/20 08:51:30 PM,16.11,48935.3,31.9571
3010,03/06/20 08:51:40 PM,16.12,48911.3,31.9395
3011,03/06/20 08:51:50 PM,16.12,48889.3,31.9235
3012,03/06/20 08:52:00 PM,16.12,48937.6,31.9587
3013,03/06/20 08:52:10 PM,16.12,48972.7,31.9845
3014,03/06/20 08:52:20 PM,16.12,48959.5,31.9748
3015,03/06/20 08:52:30 PM,16.11,48970.5,31.9829
3016,03/06/20 08:52:40 PM,16.12,48959.5,31.9748
3017,03/06/20 08:52:50 PM,16.12,48898.1,31.9299
3018,03/06/20 08:53:00 PM,16.12,48959.5,31.9748
3019,03/06/20 08:53:10 PM,16.12,48937.6,31.9587
3020,03/06/20 08:53:20 PM,16.12,48898.1,31.9299
3021,03/06/20 08:53:30 PM,16.12,48959.5,31.9748
3022,03/06/20 08:53:40 PM,16.12,48898.1,31.9299
3023,03/06/20 08:53:50 PM,16.12,48937.6,31.9587
3024,03/06/20 08:54:00 PM,16.12,48889.3,31.9235
3025,03/06/20 08:54:10 PM,16.12,48959.5,31.9748
3026,03/06/20 08:54:20 PM,16.12,48972.7,31.9845
3027,03/06/20 08:54:30 PM,16.12,48898.1,31.9299
3028,03/06/20 08:54:40 PM,16.12,48937.6,31.9587
3029,03/06/20 08:54:50 PM,16.12,48959.5,31.9748
3030,03/06/20 08:55:00 PM,16.12,49012.2,32.0134
3031,03/06/20 08:55:10 PM,16.11,48922.3,31.9475
3032,03/06/20 08:55:20 PM,16.11,48948.5,31.9668
3033,03/06/20 08:55:30 PM,16.12,48924.4,31.9491
3034,03/06/20 08:55:40 PM,16.12,48959.5,31.9748
3035,03/06/20 08:55:50 PM,16.12,48959.5,31.9748
3036,03/06/20 08:56:00 PM,16.12,48959.5,31.9748
3037,03/06/20 08:56:10 PM,16.13,48974.9,31.9861
3038,03/06/20 08:56:20 PM,16.12,48937.6,31.9587
3039,03/06/20 08:56:30 PM,16.12,48950.8,31.9684
3040,03/06/20 08:56:40 PM,16.12,48937.6,31.9587
3041,03/06/20 08:56:50 PM,16.12,48924.4,31.9491
3042,03/06/20 08:57:00 PM,16.12,48950.8,31.9684
3043,03/06/20 08:57:10 PM,16.12,48972.7,31.9845
3044,03/06/20 08:57:20 PM,16.12,48937.6,31.9587
3045,03/06/20 08:57:30 PM,16.12,48937.6,31.9587
3046,03/06/20 08:57:40 PM,16.12,48985.9,31.9941
3047,03/06/20 08:57:50 PM,16.12,48911.3,31.9395
3048,03/06/20 08:58:00 PM,16.12,48937.6,31.9587
3049,03/06/20 08:58:10 PM,16.12,48946.3,31.9652
3050,03/06/20 08:58:20 PM,16.12,48898.1,31.9299
3051,03/06/20 08:58:30 PM,16.12,48898.1,31.9299
3052,03/06/20 08:58:40 PM,16.12,48959.5,31.9748
3053,03/06/20 08:58:50 PM,16.12,48924.4,31.9491
3054,03/06/20 08:59:00 PM,16.12,48885.0,31.9203
3055,03/06/20 08:59:10 PM,16.12,48924.4,31.9491
3056,03/06/20 08:59:20 PM,16.12,48937.6,31.9587
3057,03/06/20 08:59:30 PM,16.11,48922.3,31.9475
3058,03/06/20 08:59:40 PM,16.11,48935.3,31.9571
3059,03/06/20 08:59:50 PM,16.11,48948.5,31.9668
3060,03/06/20 09:00:00 PM,16.11,48909.0,31.9379
3061,03/06/20 09:00:10 PM,16.11,48957.3,31.9732
3062,03/06/20 09:00:20 PM,16.11,48957.3,31.9732
3063,03/06/20 09:00:30 PM,16.12,48946.3,31.9652
3064,03/06/20 09:00:40 PM,16.11,48996.9,32.0022
3065,03/06/20 09:00:50 PM,16.11,48874.0,31.9122
3066,03/06/20 09:01:00 PM,16.12,48885.0,31.9203
3067,03/06/20 09:01:10 PM,16.11,48935.3,31.9571
3068,03/06/20 09:01:20 PM,16.11,48948.5,31.9668
3069,03/06/20 09:01:30 PM,16.11,48922.3,31.9475
3070,03/06/20 09:01:40 PM,16.11,48983.7,31.9925
3071,03/06/20 09:01:50 PM,16.11,48922.3,31.9475
3072,03/06/20 09:02:00 PM,16.11,48909.0,31.9379
3073,03/06/20 09:02:10 PM,16.11,48957.3,31.9732
3074,03/06/20 09:02:20 PM,16.11,48944.1,31.9635
3075,03/06/20 09:02:30 PM,16.11,48996.9,32.0022
3076,03/06/20 09:02:40 PM,16.11,48887.2,31.9219
3077,03/06/20 09:02:50 PM,16.11,48935.3,31.9571
3078,03/06/20 09:03:00 PM,16.11,48896.0,31.9283
3079,03/06/20 09:03:10 PM,16.11,48935.3,31.9571
3080,03/06/20 09:03:20 PM,16.11,48922.3,31.9475
3081,03/06/20 09:03:30 PM,16.11,48922.3,31.9475
3082,03/06/20 09:03:40 PM,16.11,48970.5,31.9829
3083,03/06/20 09:03:50 PM,16.11,48935.3,31.9571
3084,03/06/20 09:04:00 PM,16.11,48896.0,31.9283
3085,03/06/20 09:04:10 PM,16.11,48896.0,31.9283
3086,03/06/20 09:04:20 PM,16.11,48896.0,31.9283
3087,03/06/20 09:04:30 PM,16.11,48909.0,31.9379
3088,03/06/20 09:04:40 PM,16.11,48935.3,31.9571
3089,03/06/20 09:04:50 PM,16.11,48909.0,31.9379
3090,03/06/20 09:05:00 PM,16.11,48944.1,31.9635
3091,03/06/20 09:05:10 PM,16.11,48944.1,31.9635
3092,03/06/20 09:05:20 PM,16.11,48970.5,31.9829
3093,03/06/20 09:05:30 PM,16.11,48935.3,31.9571
3094,03/06/20 09:05:40 PM,16.11,48922.3,31.9475
3095,03/06/20 09:05:50 PM,16.11,48922.3,31.9475
3096,03/06/20 09:06:00 PM,16.12,48933.1,31.9555
3097,03/06/20 09:06:10 PM,16.11,48957.3,31.9732
3098,03/06/20 09:06:20 PM,16.11,48922.3,31.9475
3099,03/06/20 09:06:30 PM,16.11,48909.0,31.9379
3100,03/06/20 09:06:40 PM,16.11,48944.1,31.9635
3101,03/06/20 09:06:50 PM,16.11,48944.1,31.9635
3102,03/06/20 09:07:00 PM,16.12,48911.3,31.9395
3103,03/06/20 09:07:10 PM,16.11,48944.1,31.9635
3104,03/06/20 09:07:20 PM,16.12,48933.1,31.9555
3105,03/06/20 09:07:30 PM,16.11,48944.1,31.9635
3106,03/06/20 09:07:40 PM,16.11,48983.7,31.9925
3107,03/06/20 09:07:50 PM,16.11,48922.3,31.9475
3108,03/06/20 09:08:00 PM,16.11,48896.0,31.9283
3109,03/06/20 09:08:10 PM,16.12,48871.8,31.9106
3110,03/06/20 09:08:20 PM,16.12,48849.9,31.8947
3111,03/06/20 09:08:30 PM,16.11,48909.0,31.9379
3112,03/06/20 09:08:40 PM,16.12,48946.3,31.9652
3113,03/06/20 09:08:50 PM,16.11,48860.9,31.9027
3114,03/06/20 09:09:00 PM,16.12,48871.8,31.9106
3115,03/06/20 09:09:10 PM,16.12,48885.0,31.9203
3116,03/06/20 09:09:20 PM,16.12,48911.3,31.9395
3117,03/06/20 09:09:30 PM,16.11,48970.5,31.9829
3118,03/06/20 09:09:40 PM,16.11,48909.0,31.9379
3119,03/06/20 09:09:50 PM,16.12,48898.1,31.9299
3120,03/06/20 09:10:00 PM,16.11,48896.0,31.9283
3121,03/06/20 09:10:10 PM,16.12,48920.0,31.9459
3122,03/06/20 09:10:20 PM,16.11,48909.0,31.9379
3123,03/06/20 09:10:30 PM,16.12,48933.1,31.9555
3124,03/06/20 09:10:40 PM,16.12,48898.1,31.9299
3125,03/06/20 09:10:50 PM,16.12,48898.1,31.9299
3126,03/06/20 09:11:00 PM,16.12,48898.1,31.9299
3127,03/06/20 09:11:10 PM,16.12,48911.3,31.9395
3128,03/06/20 09:11:20 PM,16.12,48933.1,31.9555
3129,03/06/20 09:11:30 PM,16.12,48898.1,31.9299
3130,03/06/20 09:11:40 PM,16.12,48898.1,31.9299
3131,03/06/20 09:11:50 PM,16.12,48871.8,31.9106
3132,03/06/20 09:12:00 PM,16.12,48946.3,31.9652
3133,03/06/20 09:12:10 PM,16.12,48885.0,31.9203
3134,03/06/20 09:12:20 PM,16.11,48896.0,31.9283
3135,03/06/20 09:12:30 PM,16.12,48911.3,31.9395
3136,03/06/20 09:12:40 PM,16.12,48911.3,31.9395
3137,03/06/20 09:12:50 PM,16.12,48946.3,31.9652
3138,03/06/20 09:13:00 PM,16.13,48900.3,31.9315
3139,03/06/20 09:13:10 PM,16.12,48946.3,31.9652
3140,03/06/20 09:13:20 PM,16.12,48911.3,31.9395
3141,03/06/20 09:13:30 PM,16.12,48920.0,31.9459
3142,03/06/20 09:13:40 PM,16.12,48946.3,31.9652
3143,03/06/20 09:13:50 PM,16.12,48946.3,31.9652
3144,03/06/20 09:14:00 PM,16.12,48920.0,31.9459
3145,03/06/20 09:14:10 PM,16.12,48933.1,31.9555
3146,03/06/20 09:14:20 PM,16.12,48959.5,31.9748
3147,03/06/20 09:14:30 PM,16.12,48920.0,31.9459
3148,03/06/20 09:14:40 PM,16.12,48946.3,31.9652
3149,03/06/20 09:14:50 PM,16.12,48994.7,32.0005
3150,03/06/20 09:15:00 PM,16.12,48898.1,31.9299
3151,03/06/20 09:15:10 PM,16.12,48906.8,31.9363
3152,03/06/20 09:15:20 PM,16.12,48898.1,31.9299
3153,03/06/20 09:15:30 PM,16.12,48911.3,31.9395
3154,03/06/20 09:15:40 PM,16.12,48959.5,31.9748
3155,03/06/20 09:15:50 PM,16.12,48920.0,31.9459
3156,03/06/20 09:16:00 PM,16.12,48906.8,31.9363
3157,03/06/20 09:16:10 PM,16.12,48920.0,31.9459
3158,03/06/20 09:16:20 PM,16.12,48933.1,31.9555
3159,03/06/20 09:16:30 PM,16.12,48920.0,31.9459
3160,03/06/20 09:16:40 PM,16.12,48920.0,31.9459
3161,03/06/20 09:16:50 PM,16.13,48895.9,31.9282
3162,03/06/20 09:17:00 PM,16.12,48959.5,31.9748
3163,03/06/20 09:17:10 PM,16.13,48935.3,31.9571
3164,03/06/20 09:17:20 PM,16.12,48906.8,31.9363
3165,03/06/20 09:17:30 PM,16.12,48920.0,31.9459
3166,03/06/20 09:17:40 PM,16.12,48933.1,31.9555
3167,03/06/20 09:17:50 PM,16.12,48906.8,31.9363
3168,03/06/20 09:18:00 PM,16.12,48933.1,31.9555
3169,03/06/20 09:18:10 PM,16.12,48946.3,31.9652
3170,03/06/20 09:18:20 PM,16.12,48885.0,31.9203
3171,03/06/20 09:18:30 PM,16.12,48933.1,31.9555
3172,03/06/20 09:18:40 PM,16.13,48922.1,31.9475
3173,03/06/20 09:18:50 PM,16.12,48885.0,31.9203
3174,03/06/20 09:19:00 PM,16.12,48946.3,31.9652
3175,03/06/20 09:19:10 PM,16.13,48935.3,31.9571
3176,03/06/20 09:19:20 PM,16.13,48909.1,31.9379
3177,03/06/20 09:19:30 PM,16.13,48944.1,31.9635
3178,03/06/20 09:19:40 PM,16.13,48909.1,31.9379
3179,03/06/20 09:19:50 PM,16.13,48882.8,31.9187
3180,03/06/20 09:20:00 PM,16.12,48893.8,31.9267
3181,03/06/20 09:20:10 PM,16.12,48955.1,31.9716
3182,03/06/20 09:20:20 PM,16.12,48933.1,31.9555
3183,03/06/20 09:20:30 PM,16.12,48893.8,31.9267
3184,03/06/20 09:20:40 PM,16.12,48920.0,31.9459
3185,03/06/20 09:20:50 PM,16.13,48895.9,31.9282
3186,03/06/20 09:21:00 PM,16.12,48946.3,31.9652
3187,03/06/20 09:21:10 PM,16.12,48858.7,31.9011
3188,03/06/20 09:21:20 PM,16.12,48920.0,31.9459
3189,03/06/20 09:21:30 PM,16.12,48946.3,31.9652
3190,03/06/20 09:21:40 PM,16.13,48860.8,31.9026
3191,03/06/20 09:21:50 PM,16.12,48906.8,31.9363
3192,03/06/20 09:22:00 PM,16.13,48922.1,31.9475
3193,03/06/20 09:22:10 PM,16.12,48920.0,31.9459
3194,03/06/20 09:22:20 PM,16.13,48860.8,31.9026
3195,03/06/20 09:22:30 PM,16.13,48895.9,31.9282
3196,03/06/20 09:22:40 PM,16.13,48935.3,31.9571
3197,03/06/20 09:22:50 PM,16.12,48906.8,31.9363
3198,03/06/20 09:23:00 PM,16.14,48911.2,31.9394
3199,03/06/20 09:23:10 PM,16.13,48909.1,31.9379
3200,03/06/20 09:23:20 PM,16.13,48935.3,31.9571
3201,03/06/20 09:23:30 PM,16.13,48909.1,31.9379
3202,03/06/20 09:23:40 PM,16.13,48935.3,31.9571
3203,03/06/20 09:23:50 PM,16.13,48909.1,31.9379
3204,03/06/20 09:24:00 PM,16.13,48909.1,31.9379
3205,03/06/20 09:24:10 PM,16.12,48920.0,31.9459
3206,03/06/20 09:24:20 PM,16.13,48970.5,31.9828
3207,03/06/20 09:24:30 PM,16.13,48874.0,31.9123
3208,03/06/20 09:24:40 PM,16.13,48860.8,31.9026
3209,03/06/20 09:24:50 PM,16.12,48981.5,31.9909
3210,03/06/20 09:25:00 PM,16.13,48957.3,31.9732
3211,03/06/20 09:25:10 PM,16.13,48882.8,31.9187
3212,03/06/20 09:25:20 PM,16.13,48895.9,31.9282
3213,03/06/20 09:25:30 PM,16.13,48922.1,31.9475
3214,03/06/20 09:25:40 PM,16.12,48933.1,31.9555
3215,03/06/20 09:25:50 PM,16.13,48882.8,31.9187
3216,03/06/20 09:26:00 PM,16.13,48909.1,31.9379
3217,03/06/20 09:26:10 PM,16.13,48882.8,31.9187
3218,03/06/20 09:26:20 PM,16.13,48860.8,31.9026
3219,03/06/20 09:26:30 PM,16.13,48957.3,31.9732
3220,03/06/20 09:26:40 PM,16.13,48922.1,31.9475
3221,03/06/20 09:26:50 PM,16.12,48933.1,31.9555
3222,03/06/20 09:27:00 PM,16.13,48922.1,31.9475
3223,03/06/20 09:27:10 PM,16.13,48909.1,31.9379
3224,03/06/20 09:27:20 PM,16.13,48869.6,31.9090
3225,03/06/20 09:27:30 PM,16.13,48909.1,31.9379
3226,03/06/20 09:27:40 PM,16.14,48920.0,31.9459
3227,03/06/20 09:27:50 PM,16.13,48917.8,31.9443
3228,03/06/20 09:28:00 PM,16.13,48931.0,31.9540
3229,03/06/20 09:28:10 PM,16.13,48931.0,31.9540
3230,03/06/20 09:28:20 PM,16.13,48917.8,31.9443
3231,03/06/20 09:28:30 PM,16.13,48909.1,31.9379
3232,03/06/20 09:28:40 PM,16.13,48909.1,31.9379
3233,03/06/20 09:28:50 PM,16.13,48922.1,31.9475
3234,03/06/20 09:29:00 PM,16.13,48869.6,31.9090
3235,03/06/20 09:29:10 PM,16.13,48882.8,31.9187
3236,03/06/20 09:29:20 PM,16.13,48944.1,31.9635
3237,03/06/20 09:29:30 PM,16.13,48944.1,31.9635
3238,03/06/20 09:29:40 PM,16.13,48909.1,31.9379
3239,03/06/20 09:29:50 PM,16.13,48882.8,31.9187
3240,03/06/20 09:30:00 PM,16.13,48917.8,31.9443
3241,03/06/20 09:30:10 PM,16.13,48847.7,31.8930
3242,03/06/20 09:30:20 PM,16.13,48909.1,31.9379
3243,03/06/20 09:30:30 PM,16.13,48882.8,31.9187
3244,03/06/20 09:30:40 PM,16.13,48869.6,31.9090
3245,03/06/20 09:30:50 PM,16.13,48882.8,31.9187
3246,03/06/20 09:31:00 PM,16.14,48871.8,31.9107
3247,03/06/20 09:31:10 PM,16.13,48957.3,31.9732
3248,03/06/20 09:31:20 PM,16.14,48906.9,31.9363
3249,03/06/20 09:31:30 PM,16.14,48906.9,31.9363
3250,03/06/20 09:31:40 PM,16.13,48860.8,31.9026
3251,03/06/20 09:31:50 PM,16.13,48931.0,31.9540
3252,03/06/20 09:32:00 PM,16.13,48895.9,31.9282
3253,03/06/20 09:32:10 PM,16.13,48909.1,31.9379
3254,03/06/20 09:32:20 PM,16.14,48836.8,31.8850
3255,03/06/20 09:32:30 PM,16.13,48917.8,31.9443
3256,03/06/20 09:32:40 PM,16.13,48917.8,31.9443
3257,03/06/20 09:32:50 PM,16.14,48898.1,31.9299
3258,03/06/20 09:33:00 PM,16.14,48955.1,31.9716
3259,03/06/20 09:33:10 PM,16.14,48845.5,31.8914
3260,03/06/20 09:33:20 PM,16.13,48909.1,31.9379
3261,03/06/20 09:33:30 PM,16.14,48898.1,31.9299
3262,03/06/20 09:33:40 PM,16.14,48858.6,31.9010
3263,03/06/20 09:33:50 PM,16.13,48931.0,31.9540
3264,03/06/20 09:34:00 PM,16.13,48909.1,31.9379
3265,03/06/20 09:34:10 PM,16.13,48869.6,31.9090
3266,03/06/20 09:34:20 PM,16.13,48895.9,31.9282
3267,03/06/20 09:34:30 PM,16.13,48882.8,31.9187
3268,03/06/20 09:34:40 PM,16.13,48882.8,31.9187
3269,03/06/20 09:34:50 PM,16.13,48931.0,31.9540
3270,03/06/20 09:35:00 PM,16.13,48909.1,31.9379
3271,03/06/20 09:35:10 PM,16.13,48931.0,31.9540
3272,03/06/20 09:35:20 PM,16.13,48869.6,31.9090
3273,03/06/20 09:35:30 PM,16.13,48882.8,31.9187
3274,03/06/20 09:35:40 PM,16.13,48909.1,31.9379
3275,03/06/20 09:35:50 PM,16.13,48895.9,31.9282
3276,03/06/20 09:36:00 PM,16.12,48858.7,31.9011
3277,03/06/20 09:36:10 PM,16.13,48869.6,31.9090
3278,03/06/20 09:36:20 PM,16.13,48909.1,31.9379
3279,03/06/20 09:36:30 PM,16.13,48909.1,31.9379
3280,03/06/20 09:36:40 PM,16.12,48845.5,31.8914
3281,03/06/20 09:36:50 PM,16.12,48928.8,31.9523
3282,03/06/20 09:37:00 PM,16.12,48942.0,31.9620
3283,03/06/20 09:37:10 PM,16.12,48942.0,31.9620
3284,03/06/20 09:37:20 PM,16.12,48893.8,31.9267
3285,03/06/20 09:37:30 PM,16.12,48906.8,31.9363
3286,03/06/20 09:37:40 PM,16.12,48906.8,31.9363
3287,03/06/20 09:37:50 PM,16.12,48906.8,31.9363
3288,03/06/20 09:38:00 PM,16.12,48832.4,31.8818
3289,03/06/20 09:38:10 PM,16.12,48906.8,31.9363
3290,03/06/20 09:38:20 PM,16.12,48880.6,31.9170
3291,03/06/20 09:38:30 PM,16.12,48867.5,31.9075
3292,03/06/20 09:38:40 PM,16.12,48893.8,31.9267
3293,03/06/20 09:38:50 PM,16.12,48906.8,31.9363
3294,03/06/20 09:39:00 PM,16.12,48867.5,31.9075
3295,03/06/20 09:39:10 PM,16.13,48895.9,31.9282
3296,03/06/20 09:39:20 PM,16.12,48955.1,31.9716
3297,03/06/20 09:39:30 PM,16.12,48867.5,31.9075
3298,03/06/20 09:39:40 PM,16.13,48869.6,31.9090
3299,03/06/20 09:39:50 PM,16.12,48906.8,31.9363
3300,03/06/20 09:40:00 PM,16.12,48893.8,31.9267
3301,03/06/20 09:40:10 PM,16.12,48906.8,31.9363
3302,03/06/20 09:40:20 PM,16.12,48893.8,31.9267
3303,03/06/20 09:40:30 PM,16.12,48880.6,31.9170
3304,03/06/20 09:40:40 PM,16.12,48915.6,31.9427
3305,03/06/20 09:40:50 PM,16.12,48880.6,31.9170
3306,03/06/20 09:41:00 PM,16.13,48869.6,31.9090
3307,03/06/20 09:41:10 PM,16.13,48869.6,31.9090
3308,03/06/20 09:41:20 PM,16.12,48880.6,31.9170
3309,03/06/20 09:41:30 PM,16.12,48854.3,31.8978
3310,03/06/20 09:41:40 PM,16.13,48895.9,31.9282
3311,03/06/20 09:41:50 PM,16.13,48856.5,31.8995
3312,03/06/20 09:42:00 PM,16.13,48882.8,31.9187
3313,03/06/20 09:42:10 PM,16.13,48895.9,31.9282
3314,03/06/20 09:42:20 PM,16.13,48856.5,31.8995
3315,03/06/20 09:42:30 PM,16.12,48880.6,31.9170
3316,03/06/20 09:42:40 PM,16.12,48880.6,31.9170
3317,03/06/20 09:42:50 PM,16.12,48902.5,31.9331
3318,03/06/20 09:43:00 PM,16.12,48915.6,31.9427
3319,03/06/20 09:43:10 PM,16.13,48869.6,31.9090
3320,03/06/20 09:43:20 PM,16.12,48845.5,31.8914
3321,03/06/20 09:43:30 PM,16.12,48867.5,31.9075
3322,03/06/20 09:43:40 PM,16.12,48880.6,31.9170
3323,03/06/20 09:43:50 PM,16.12,48867.5,31.9075
3324,03/06/20 09:44:00 PM,16.12,48942.0,31.9620
3325,03/06/20 09:44:10 PM,16.13,48821.5,31.8738
3326,03/06/20 09:44:20 PM,16.12,48867.5,31.9075
3327,03/06/20 09:44:30 PM,16.13,48843.3,31.8898
3328,03/06/20 09:44:40 PM,16.12,48893.8,31.9267
3329,03/06/20 09:44:50 PM,16.13,48843.3,31.8898
3330,03/06/20 09:45:00 PM,16.12,48867.5,31.9075
3331,03/06/20 09:45:10 PM,16.13,48917.8,31.9443
3332,03/06/20 09:45:20 PM,16.13,48931.0,31.9540
3333,03/06/20 09:45:30 PM,16.13,48904.6,31.9347
3334,03/06/20 09:45:40 PM,16.13,48834.5,31.8834
3335,03/06/20 09:45:50 PM,16.13,48904.6,31.9347
3336,03/06/20 09:46:00 PM,16.13,48856.5,31.8995
3337,03/06/20 09:46:10 PM,16.12,48880.6,31.9170
3338,03/06/20 09:46:20 PM,16.12,48893.8,31.9267
3339,03/06/20 09:46:30 PM,16.12,48928.8,31.9523
3340,03/06/20 09:46:40 PM,16.13,48891.5,31.9251
3341,03/06/20 09:46:50 PM,16.13,48891.5,31.9251
3342,03/06/20 09:47:00 PM,16.13,48856.5,31.8995
3343,03/06/20 09:47:10 PM,16.13,48856.5,31.8995
3344,03/06/20 09:47:20 PM,16.13,48904.6,31.9347
3345,03/06/20 09:47:30 PM,16.13,48843.3,31.8898
3346,03/06/20 09:47:40 PM,16.13,48931.0,31.9540
3347,03/06/20 09:47:50 PM,16.13,48869.6,31.9090
3348,03/06/20 09:48:00 PM,16.14,48823.6,31.8754
3349,03/06/20 09:48:10 PM,16.13,48795.3,31.8547
3350,03/06/20 09:48:20 PM,16.13,48821.5,31.8738
3351,03/06/20 09:48:30 PM,16.13,48882.8,31.9187
3352,03/06/20 09:48:40 PM,16.14,48893.7,31.9266
3353,03/06/20 09:48:50 PM,16.14,48858.6,31.9010
3354,03/06/20 09:49:00 PM,16.14,48893.7,31.9266
3355,03/06/20 09:49:10 PM,16.13,48843.3,31.8898
3356,03/06/20 09:49:20 PM,16.13,48843.3,31.8898
3357,03/06/20 09:49:30 PM,16.13,48856.5,31.8995
3358,03/06/20 09:49:40 PM,16.13,48843.3,31.8898
3359,03/06/20 09:49:50 PM,16.13,48882.8,31.9187
3360,03/06/20 09:50:00 PM,16.13,48843.3,31.8898
3361,03/06/20 09:50:10 PM,16.13,48856.5,31.8995
3362,03/06/20 09:50:20 PM,16.13,48856.5,31.8995
3363,03/06/20 09:50:30 PM,16.13,48856.5,31.8995
3364,03/06/20 09:50:40 PM,16.14,48845.5,31.8914
3365,03/06/20 09:50:50 PM,16.13,48869.6,31.9090
3366,03/06/20 09:51:00 PM,16.13,48869.6,31.9090
3367,03/06/20 09:51:10 PM,16.14,48880.6,31.9171
3368,03/06/20 09:51:20 PM,16.13,48856.5,31.8995
3369,03/06/20 09:51:30 PM,16.13,48869.6,31.9090
3370,03/06/20 09:51:40 PM,16.13,48856.5,31.8995
3371,03/06/20 09:51:50 PM,16.14,48797.4,31.8563
3372,03/06/20 09:52:00 PM,16.13,48830.2,31.8802
3373,03/06/20 09:52:10 PM,16.13,48917.8,31.9443
3374,03/06/20 09:52:20 PM,16.13,48856.5,31.8995
3375,03/06/20 09:52:30 PM,16.13,48891.5,31.9251
3376,03/06/20 09:52:40 PM,16.13,48869.6,31.9090
3377,03/06/20 09:52:50 PM,16.13,48869.6,31.9090
3378,03/06/20 09:53:00 PM,16.13,48869.6,31.9090
3379,03/06/20 09:53:10 PM,16.13,48856.5,31.8995
3380,03/06/20 09:53:20 PM,16.13,48878.3,31.9154
3381,03/06/20 09:53:30 PM,16.13,48808.4,31.8643
3382,03/06/20 09:53:40 PM,16.12,48880.6,31.9170
3383,03/06/20 09:53:50 PM,16.13,48830.2,31.8802
3384,03/06/20 09:54:00 PM,16.12,48880.6,31.9170
3385,03/06/20 09:54:10 PM,16.13,48821.5,31.8738
3386,03/06/20 09:54:20 PM,16.12,48841.2,31.8882
3387,03/06/20 09:54:30 PM,16.13,48843.3,31.8898
3388,03/06/20 09:54:40 PM,16.12,48880.6,31.9170
3389,03/06/20 09:54:50 PM,16.13,48878.3,31.9154
3390,03/06/20 09:55:00 PM,16.13,48808.4,31.8643
3391,03/06/20 09:55:10 PM,16.13,48843.3,31.8898
3392,03/06/20 09:55:20 PM,16.13,48821.5,31.8738
3393,03/06/20 09:55:30 PM,16.13,48856.5,31.8995
3394,03/06/20 09:55:40 PM,16.13,48843.3,31.8898
3395,03/06/20 09:55:50 PM,16.13,48830.2,31.8802
3396,03/06/20 09:56:00 PM,16.13,48808.4,31.8643
3397,03/06/20 09:56:10 PM,16.13,48891.5,31.9251
3398,03/06/20 09:56:20 PM,16.13,48821.5,31.8738
3399,03/06/20 09:56:30 PM,16.13,48843.3,31.8898
3400,03/06/20 09:56:40 PM,16.12,48867.5,31.9075
3401,03/06/20 09:56:50 PM,16.13,48843.3,31.8898
3402,03/06/20 09:57:00 PM,16.13,48904.6,31.9347
3403,03/06/20 09:57:10 PM,16.13,48821.5,31.8738
3404,03/06/20 09:57:20 PM,16.13,48843.3,31.8898
3405,03/06/20 09:57:30 PM,16.13,48856.5,31.8995
3406,03/06/20 09:57:40 PM,16.13,48843.3,31.8898
3407,03/06/20 09:57:50 PM,16.13,48795.3,31.8547
3408,03/06/20 09:58:00 PM,16.13,48830.2,31.8802
3409,03/06/20 09:58:10 PM,16.13,48830.2,31.8802
3410,03/06/20 09:58:20 PM,16.13,48830.2,31.8802
3411,03/06/20 09:58:30 PM,16.13,48869.6,31.9090
3412,03/06/20 09:58:40 PM,16.13,48830.2,31.8802
3413,03/06/20 09:58:50 PM,16.13,48856.5,31.8995
3414,03/06/20 09:59:00 PM,16.13,48821.5,31.8738
3415,03/06/20 09:59:10 PM,16.13,48843.3,31.8898
3416,03/06/20 09:59:20 PM,16.13,48856.5,31.8995
3417,03/06/20 09:59:30 PM,16.13,48817.2,31.8707
3418,03/06/20 09:59:40 PM,16.13,48830.2,31.8802
3419,03/06/20 09:59:50 PM,16.13,48808.4,31.8643
3420,03/06/20 10:00:00 PM,16.13,48891.5,31.9251
3421,03/06/20 10:00:10 PM,16.13,48869.6,31.9090
3422,03/06/20 10:00:20 PM,16.13,48830.2,31.8802
3423,03/06/20 10:00:30 PM,16.13,48856.5,31.8995
3424,03/06/20 10:00:40 PM,16.13,48830.2,31.8802
3425,03/06/20 10:00:50 PM,16.13,48856.5,31.8995
3426,03/06/20 10:01:00 PM,16.13,48843.3,31.8898
3427,03/06/20 10:01:10 PM,16.13,48869.6,31.9090
3428,03/06/20 10:01:20 PM,16.13,48830.2,31.8802
3429,03/06/20 10:01:30 PM,16.13,48843.3,31.8898
3430,03/06/20 10:01:40 PM,16.13,48817.2,31.8707
3431,03/06/20 10:01:50 PM,16.13,48830.2,31.8802
3432,03/06/20 10:02:00 PM,16.13,48769.0,31.8355
3433,03/06/20 10:02:10 PM,16.13,48856.5,31.8995
3434,03/06/20 10:02:20 PM,16.13,48856.5,31.8995
3435,03/06/20 10:02:30 PM,16.13,48904.6,31.9347
3436,03/06/20 10:02:40 PM,16.13,48817.2,31.8707
3437,03/06/20 10:02:50 PM,16.13,48817.2,31.8707
3438,03/06/20 10:03:00 PM,16.13,48856.5,31.8995
3439,03/06/20 10:03:10 PM,16.13,48856.5,31.8995
3440,03/06/20 10:03:20 PM,16.13,48856.5,31.8995
3441,03/06/20 10:03:30 PM,16.13,48830.2,31.8802
3442,03/06/20 10:03:40 PM,16.13,48817.2,31.8707
3443,03/06/20 10:03:50 PM,16.13,48817.2,31.8707
3444,03/06/20 10:04:00 PM,16.13,48856.5,31.8995
3445,03/06/20 10:04:10 PM,16.13,48760.4,31.8292
3446,03/06/20 10:04:20 PM,16.13,48795.3,31.8547
3447,03/06/20 10:04:30 PM,16.13,48795.3,31.8547
3448,03/06/20 10:04:40 PM,16.13,48830.2,31.8802
3449,03/06/20 10:04:50 PM,16.13,48830.2,31.8802
3450,03/06/20 10:05:00 PM,16.13,48917.8,31.9443
3451,03/06/20 10:05:10 PM,16.13,48865.3,31.9059
3452,03/06/20 10:05:20 PM,16.13,48817.2,31.8707
3453,03/06/20 10:05:30 PM,16.13,48795.3,31.8547
3454,03/06/20 10:05:40 PM,16.13,48830.2,31.8802
3455,03/06/20 10:05:50 PM,16.13,48830.2,31.8802
3456,03/06/20 10:06:00 PM,16.13,48795.3,31.8547
3457,03/06/20 10:06:10 PM,16.13,48830.2,31.8802
3458,03/06/20 10:06:20 PM,16.13,48878.3,31.9154
3459,03/06/20 10:06:30 PM,16.13,48843.3,31.8898
3460,03/06/20 10:06:40 PM,16.13,48843.3,31.8898
3461,03/06/20 10:06:50 PM,16.13,48843.3,31.8898
3462,03/06/20 10:07:00 PM,16.13,48817.2,31.8707
3463,03/06/20 10:07:10 PM,16.12,48876.2,31.9139
3464,03/06/20 10:07:20 PM,16.13,48830.2,31.8802
3465,03/06/20 10:07:30 PM,16.13,48830.2,31.8802
3466,03/06/20 10:07:40 PM,16.13,48808.4,31.8643
3467,03/06/20 10:07:50 PM,16.13,48808.4,31.8643
3468,03/06/20 10:08:00 PM,16.13,48865.3,31.9059
3469,03/06/20 10:08:10 PM,16.13,48769.0,31.8355
3470,03/06/20 10:08:20 PM,16.13,48808.4,31.8643
3471,03/06/20 10:08:30 PM,16.12,48806.3,31.8627
3472,03/06/20 10:08:40 PM,16.13,48817.2,31.8707
3473,03/06/20 10:08:50 PM,16.13,48865.3,31.9059
3474,03/06/20 10:09:00 PM,16.13,48830.2,31.8802
3475,03/06/20 10:09:10 PM,16.13,48795.3,31.8547
3476,03/06/20 10:09:20 PM,16.13,48782.2,31.8451
3477,03/06/20 10:09:30 PM,16.13,48817.2,31.8707
3478,03/06/20 10:09:40 PM,16.13,48808.4,31.8643
3479,03/06/20 10:09:50 PM,16.13,48817.2,31.8707
3480,03/06/20 10:10:00 PM,16.13,48830.2,31.8802
3481,03/06/20 10:10:10 PM,16.13,48856.5,31.8995
3482,03/06/20 10:10:20 PM,16.13,48843.3,31.8898
3483,03/06/20 10:10:30 PM,16.13,48843.3,31.8898
3484,03/06/20 10:10:40 PM,16.13,48830.2,31.8802
3485,03/06/20 10:10:50 PM,16.13,48817.2,31.8707
3486,03/06/20 10:11:00 PM,16.13,48830.2,31.8802
3487,03/06/20 10:11:10 PM,16.12,48854.3,31.8978
3488,03/06/20 10:11:20 PM,16.13,48817.2,31.8707
3489,03/06/20 10:11:30 PM,16.13,48817.2,31.8707
3490,03/06/20 10:11:40 PM,16.13,48795.3,31.8547
3491,03/06/20 10:11:50 PM,16.13,48830.2,31.8802
3492,03/06/20 10:12:00 PM,16.13,48795.3,31.8547
3493,03/06/20 10:12:10 PM,16.12,48806.3,31.8627
3494,03/06/20 10:12:20 PM,16.13,48830.2,31.8802
3495,03/06/20 10:12:30 PM,16.12,48815.0,31.8691
3496,03/06/20 10:12:40 PM,16.12,48841.2,31.8882
3497,03/06/20 10:12:50 PM,16.12,48841.2,31.8882
3498,03/06/20 10:13:00 PM,16.12,48828.1,31.8787
3499,03/06/20 10:13:10 PM,16.13,48830.2,31.8802
3500,03/06/20 10:13:20 PM,16.12,48854.3,31.8978
3501,03/06/20 10:13:30 PM,16.12,48854.3,31.8978
3502,03/06/20 10:13:40 PM,16.12,48793.2,31.8531
3503,03/06/20 10:13:50 PM,16.12,48876.2,31.9139
3504,03/06/20 10:14:00 PM,16.13,48830.2,31.8802
3505,03/06/20 10:14:10 PM,16.12,48806.3,31.8627
3506,03/06/20 10:14:20 PM,16.13,48817.2,31.8707
3507,03/06/20 10:14:30 PM,16.12,48806.3,31.8627
3508,03/06/20 10:14:40 PM,16.12,48815.0,31.8691
3509,03/06/20 10:14:50 PM,16.12,48828.1,31.8787
3510,03/06/20 10:15:00 PM,16.13,48817.2,31.8707
3511,03/06/20 10:15:10 PM,16.12,48806.3,31.8627
3512,03/06/20 10:15:20 PM,16.12,48815.0,31.8691
3513,03/06/20 10:15:30 PM,16.13,48795.3,31.8547
3514,03/06/20 10:15:40 PM,16.13,48830.2,31.8802
3515,03/06/20 10:15:50 PM,16.12,48793.2,31.8531
3516,03/06/20 10:16:00 PM,16.13,48782.2,31.8451
3517,03/06/20 10:16:10 PM,16.12,48876.2,31.9139
3518,03/06/20 10:16:20 PM,16.12,48806.3,31.8627
3519,03/06/20 10:16:30 PM,16.12,48828.1,31.8787
3520,03/06/20 10:16:40 PM,16.12,48854.3,31.8978
3521,03/06/20 10:16:50 PM,16.12,48815.0,31.8691
3522,03/06/20 10:17:00 PM,16.12,48780.0,31.8435
3523,03/06/20 10:17:10 PM,16.12,48854.3,31.8978
3524,03/06/20 10:17:20 PM,16.12,48854.3,31.8978
3525,03/06/20 10:17:30 PM,16.12,48806.3,31.8627
3526,03/06/20 10:17:40 PM,16.13,48804.1,31.8611
3527,03/06/20 10:17:50 PM,16.12,48828.1,31.8787
3528,03/06/20 10:18:00 PM,16.12,48828.1,31.8787
3529,03/06/20 10:18:10 PM,16.13,48782.2,31.8451
3530,03/06/20 10:18:20 PM,16.13,48756.0,31.8259
3531,03/06/20 10:18:30 PM,16.12,48806.3,31.8627
3532,03/06/20 10:18:40 PM,16.13,48852.1,31.8962
3533,03/06/20 10:18:50 PM,16.12,48780.0,31.8435
3534,03/06/20 10:19:00 PM,16.12,48806.3,31.8627
3535,03/06/20 10:19:10 PM,16.12,48841.2,31.8882
3536,03/06/20 10:19:20 PM,16.12,48863.0,31.9042
3537,03/06/20 10:19:30 PM,16.13,48782.2,31.8451
3538,03/06/20 10:19:40 PM,16.13,48804.1,31.8611
3539,03/06/20 10:19:50 PM,16.12,48758.3,31.8276
3540,03/06/20 10:20:00 PM,16.13,48769.0,31.8355
3541,03/06/20 10:20:10 PM,16.12,48854.3,31.8978
3542,03/06/20 10:20:20 PM,16.12,48815.0,31.8691
3543,03/06/20 10:20:30 PM,16.12,48828.1,31.8787
3544,03/06/20 10:20:40 PM,16.12,48815.0,31.8691
3545,03/06/20 10:20:50 PM,16.12,48828.1,31.8787
3546,03/06/20 10:21:00 PM,16.12,48828.1,31.8787
3547,03/06/20 10:21:10 PM,16.13,48804.1,31.8611
3548,03/06/20 10:21:20 PM,16.12,48815.0,31.8691
3549,03/06/20 10:21:30 PM,16.12,48828.1,31.8787
3550,03/06/20 10:21:40 PM,16.12,48854.3,31.8978
3551,03/06/20 10:21:50 PM,16.13,48817.2,31.8707
3552,03/06/20 10:22:00 PM,16.12,48793.2,31.8531
3553,03/06/20 10:22:10 PM,16.13,48790.9,31.8515
3554,03/06/20 10:22:20 PM,16.13,48843.3,31.8898
3555,03/06/20 10:22:30 PM,16.12,48793.2,31.8531
3556,03/06/20 10:22:40 PM,16.12,48793.2,31.8531
3557,03/06/20 10:22:50 PM,16.13,48790.9,31.8515
3558,03/06/20 10:23:00 PM,16.13,48769.0,31.8355
3559,03/06/20 10:23:10 PM,16.12,48793.2,31.8531
3560,03/06/20 10:23:20 PM,16.12,48793.2,31.8531
3561,03/06/20 10:23:30 PM,16.12,48793.2,31.8531
3562,03/06/20 10:23:40 PM,16.12,48801.8,31.8595
3563,03/06/20 10:23:50 PM,16.12,48780.0,31.8435
3564,03/06/20 10:24:00 PM,16.12,48766.9,31.8339
3565,03/06/20 10:24:10 PM,16.12,48815.0,31.8691
3566,03/06/20 10:24:20 PM,16.12,48815.0,31.8691
3567,03/06/20 10:24:30 PM,16.12,48801.8,31.8595
3568,03/06/20 10:24:40 PM,16.13,48790.9,31.8515
3569,03/06/20 10:24:50 PM,16.12,48849.9,31.8947
3570,03/06/20 10:25:00 PM,16.12,48801.8,31.8595
3571,03/06/20 10:25:10 PM,16.12,48780.0,31.8435
3572,03/06/20 10:25:20 PM,16.12,48793.2,31.8531
3573,03/06/20 10:25:30 PM,16.12,48766.9,31.8339
3574,03/06/20 10:25:40 PM,16.12,48828.1,31.8787
3575,03/06/20 10:25:50 PM,16.11,48804.1,31.8611
3576,03/06/20 10:26:00 PM,16.12,48793.2,31.8531
3577,03/06/20 10:26:10 PM,16.12,48815.0,31.8691
3578,03/06/20 10:26:20 PM,16.12,48815.0,31.8691
3579,03/06/20 10:26:30 PM,16.12,48793.2,31.8531
3580,03/06/20 10:26:40 PM,16.12,48780.0,31.8435
3581,03/06/20 10:26:50 PM,16.12,48841.2,31.8882
3582,03/06/20 10:27:00 PM,16.12,48793.2,31.8531
3583,03/06/20 10:27:10 PM,16.12,48815.0,31.8691
3584,03/06/20 10:27:20 PM,16.12,48766.9,31.8339
3585,03/06/20 10:27:30 PM,16.12,48793.2,31.8531
3586,03/06/20 10:27:40 PM,16.12,48815.0,31.8691
3587,03/06/20 10:27:50 PM,16.11,48764.8,31.8324
3588,03/06/20 10:28:00 PM,16.11,48777.8,31.8419
3589,03/06/20 10:28:10 PM,16.12,48828.1,31.8787
3590,03/06/20 10:28:20 PM,16.12,48753.8,31.8244
3591,03/06/20 10:28:30 PM,16.11,48756.1,31.8260
3592,03/06/20 10:28:40 PM,16.12,48780.0,31.8435
3593,03/06/20 10:28:50 PM,16.11,48777.8,31.8419
3594,03/06/20 10:29:00 PM,16.11,48804.1,31.8611
3595,03/06/20 10:29:10 PM,16.11,48804.1,31.8611
3596,03/06/20 10:29:20 PM,16.11,48777.8,31.8419
3597,03/06/20 10:29:30 PM,16.11,48777.8,31.8419
3598,03/06/20 10:29:40 PM,16.11,48826.0,31.8771
3599,03/06/20 10:29:50 PM,16.09,48799.7,31.8579
3600,03/06/20 10:30:00 PM,16.11,48777.8,31.8419
3601,03/06/20 10:30:10 PM,16.11,48764.8,31.8324
3602,03/06/20 10:30:20 PM,16.09,48778.0,31.8420
3603,03/06/20 10:30:30 PM,16.11,48777.8,31.8419
3604,03/06/20 10:30:40 PM,16.09,48799.7,31.8579
3605,03/06/20 10:30:50 PM,16.09,48799.7,31.8579
3606,03/06/20 10:31:00 PM,16.09,48826.0,31.8772
3607,03/06/20 10:31:10 PM,16.09,48826.0,31.8772
3608,03/06/20 10:31:20 PM,16.08,48823.8,31.8755
3609,03/06/20 10:31:30 PM,16.09,48799.7,31.8579
3610,03/06/20 10:31:40 PM,16.08,48775.9,31.8405
3611,03/06/20 10:31:50 PM,16.08,48810.7,31.8659
3612,03/06/20 10:32:00 PM,16.08,48789.0,31.8500
3613,03/06/20 10:32:10 PM,16.07,48848.0,31.8932
3614,03/06/20 10:32:20 PM,16.08,48775.9,31.8405
3615,03/06/20 10:32:30 PM,16.08,48823.8,31.8755
3616,03/06/20 10:32:40 PM,16.07,48799.9,31.8581
3617,03/06/20 10:32:50 PM,16.06,48797.8,31.8565
3618,03/06/20 10:33:00 PM,16.06,48797.8,31.8565
3619,03/06/20 10:33:10 PM,16.06,48771.6,31.8373
3620,03/06/20 10:33:20 PM,16.06,48771.6,31.8373
3621,03/06/20 10:33:30 PM,16.06,48797.8,31.8565
3622,03/06/20 10:33:40 PM,16.05,48830.5,31.8804
3623,03/06/20 10:33:50 PM,16.05,48747.7,31.8199
3624,03/06/20 10:34:00 PM,16.05,48808.7,31.8645
3625,03/06/20 10:34:10 PM,16.05,48821.8,31.8741
3626,03/06/20 10:34:20 PM,16.06,48771.6,31.8373
3627,03/06/20 10:34:30 PM,16.05,48808.7,31.8645
3628,03/06/20 10:34:40 PM,16.05,48821.8,31.8741
3629,03/06/20 10:34:50 PM,16.05,48808.7,31.8645
3630,03/06/20 10:35:00 PM,16.05,48782.5,31.8453
3631,03/06/20 10:35:10 PM,16.05,48821.8,31.8741
3632,03/06/20 10:35:20 PM,16.05,48782.5,31.8453
3633,03/06/20 10:35:30 PM,16.05,48782.5,31.8453
3634,03/06/20 10:35:40 PM,16.05,48795.6,31.8549
3635,03/06/20 10:35:50 PM,16.05,48795.6,31.8549
3636,03/06/20 10:36:00 PM,16.05,48856.7,31.8996
3637,03/06/20 10:36:10 PM,16.05,48808.7,31.8645
3638,03/06/20 10:36:20 PM,16.05,48795.6,31.8549
3639,03/06/20 10:36:30 PM,16.05,48747.7,31.8199
3640,03/06/20 10:36:40 PM,16.05,48795.6,31.8549
3641,03/06/20 10:36:50 PM,16.05,48782.5,31.8453
3642,03/06/20 10:37:00 PM,16.05,48808.7,31.8645
3643,03/06/20 10:37:10 PM,16.05,48773.9,31.8390
3644,03/06/20 10:37:20 PM,16.03,48817.6,31.8710
3645,03/06/20 10:37:30 PM,16.03,48817.6,31.8710
3646,03/06/20 10:37:40 PM,16.03,48843.8,31.8901
3647,03/06/20 10:37:50 PM,16.03,48782.7,31.8455
3648,03/06/20 10:38:00 PM,16.03,48747.8,31.8200
3649,03/06/20 10:38:10 PM,16.03,48804.4,31.8614
3650,03/06/20 10:38:20 PM,16.03,48817.6,31.8710
3651,03/06/20 10:38:30 PM,16.03,48782.7,31.8455
3652,03/06/20 10:38:40 PM,16.03,48795.8,31.8550
3653,03/06/20 10:38:50 PM,16.03,48804.4,31.8614
3654,03/06/20 10:39:00 PM,16.03,48804.4,31.8614
3655,03/06/20 10:39:10 PM,16.03,48804.4,31.8614
3656,03/06/20 10:39:20 PM,16.03,48830.7,31.8806
3657,03/06/20 10:39:30 PM,16.03,48795.8,31.8550
3658,03/06/20 10:39:40 PM,16.03,48817.6,31.8710
3659,03/06/20 10:39:50 PM,16.03,48830.7,31.8806
3660,03/06/20 10:40:00 PM,16.03,48804.4,31.8614
3661,03/06/20 10:40:10 PM,16.02,48815.4,31.8694
3662,03/06/20 10:40:20 PM,16.02,48793.6,31.8535
3663,03/06/20 10:40:30 PM,16.02,48815.4,31.8694
3664,03/06/20 10:40:40 PM,16.02,48841.6,31.8886
3665,03/06/20 10:40:50 PM,16.02,48806.8,31.8631
3666,03/06/20 10:41:00 PM,16.01,48817.7,31.8711
3667,03/06/20 10:41:10 PM,16.02,48745.8,31.8185
3668,03/06/20 10:41:20 PM,16.02,48793.6,31.8535
3669,03/06/20 10:41:30 PM,16.02,48815.4,31.8694
3670,03/06/20 10:41:40 PM,16.01,48804.6,31.8615
3671,03/06/20 10:41:50 PM,16.02,48828.5,31.8790
3672,03/06/20 10:42:00 PM,16.01,48804.6,31.8615
3673,03/06/20 10:42:10 PM,16.02,48828.5,31.8790
3674,03/06/20 10:42:20 PM,16.02,48793.6,31.8535
3675,03/06/20 10:42:30 PM,16.01,48791.5,31.8519
3676,03/06/20 10:42:40 PM,16.02,48745.8,31.8185
3677,03/06/20 10:42:50 PM,16.01,48826.4,31.8774
3678,03/06/20 10:43:00 PM,16.02,48828.5,31.8790
3679,03/06/20 10:43:10 PM,16.02,48815.4,31.8694
3680,03/06/20 10:43:20 PM,16.02,48815.4,31.8694
3681,03/06/20 10:43:30 PM,16.01,48826.4,31.8774
3682,03/06/20 10:43:40 PM,16.02,48806.8,31.8631
3683,03/06/20 10:43:50 PM,16.01,48826.4,31.8774
3684,03/06/20 10:44:00 PM,16.01,48826.4,31.8774
3685,03/06/20 10:44:10 PM,16.02,48793.6,31.8535
3686,03/06/20 10:44:20 PM,16.01,48791.5,31.8519
3687,03/06/20 10:44:30 PM,16.01,48791.5,31.8519
3688,03/06/20 10:44:40 PM,16.01,48804.6,31.8615
3689,03/06/20 10:44:50 PM,16.01,48791.5,31.8519
3690,03/06/20 10:45:00 PM,16.01,48778.5,31.8424
3691,03/06/20 10:45:10 PM,16.01,48817.7,31.8711
3692,03/06/20 10:45:20 PM,16.01,48804.6,31.8615
3693,03/06/20 10:45:30 PM,16.01,48730.6,31.8074
3694,03/06/20 10:45:40 PM,16.00,48815.6,31.8695
3695,03/06/20 10:45:50 PM,16.00,48776.4,31.8408
3696,03/06/20 10:46:00 PM,16.00,48802.5,31.8599
3697,03/06/20 10:46:10 PM,16.00,48776.4,31.8408
3698,03/06/20 10:46:20 PM,16.00,48767.7,31.8345
3699,03/06/20 10:46:30 PM,15.98,48811.4,31.8665
3700,03/06/20 10:46:40 PM,15.97,48800.6,31.8586
3701,03/06/20 10:46:50 PM,15.97,48800.6,31.8586
3702,03/06/20 10:47:00 PM,15.97,48861.6,31.9032
3703,03/06/20 10:47:10 PM,15.97,48800.6,31.8586
3704,03/06/20 10:47:20 PM,15.97,48774.5,31.8395
3705,03/06/20 10:47:30 PM,15.97,48774.5,31.8395
3706,03/06/20 10:47:40 PM,15.96,48811.6,31.8666
3707,03/06/20 10:47:50 PM,15.97,48787.5,31.8490
3708,03/06/20 10:48:00 PM,15.96,48785.4,31.8475
3709,03/06/20 10:48:10 PM,15.97,48800.6,31.8586
3710,03/06/20 10:48:20 PM,15.97,48752.7,31.8235
3711,03/06/20 10:48:30 PM,15.96,48772.4,31.8380
3712,03/06/20 10:48:40 PM,15.97,48835.4,31.8840
3713,03/06/20 10:48:50 PM,15.97,48809.3,31.8649
3714,03/06/20 10:49:00 PM,15.96,48763.6,31.8315
3715,03/06/20 10:49:10 PM,15.96,48811.6,31.8666
3716,03/06/20 10:49:20 PM,15.96,48846.4,31.8920
3717,03/06/20 10:49:30 PM,15.96,48763.6,31.8315
3718,03/06/20 10:49:40 PM,15.96,48798.4,31.8570
3719,03/06/20 10:49:50 PM,15.96,48785.4,31.8475
3720,03/06/20 10:50:00 PM,15.96,48798.4,31.8570
3721,03/06/20 10:50:10 PM,15.96,48763.6,31.8315
3722,03/06/20 10:50:20 PM,15.96,48772.4,31.8380
3723,03/06/20 10:50:30 PM,15.96,48798.4,31.8570
3724,03/06/20 10:50:40 PM,15.96,48772.4,31.8380
3725,03/06/20 10:50:50 PM,15.96,48785.4,31.8475
3726,03/06/20 10:51:00 PM,15.96,48763.6,31.8315
3727,03/06/20 10:51:10 PM,15.95,48783.4,31.8460
3728,03/06/20 10:51:20 PM,15.95,48783.4,31.8460
3729,03/06/20 10:51:30 PM,15.94,48759.6,31.8285
3730,03/06/20 10:51:40 PM,15.94,48807.4,31.8635
3731,03/06/20 10:51:50 PM,15.94,48785.6,31.8476
3732,03/06/20 10:52:00 PM,15.95,48774.6,31.8396
3733,03/06/20 10:52:10 PM,15.95,48783.4,31.8460
3734,03/06/20 10:52:20 PM,15.95,48739.9,31.8142
3735,03/06/20 10:52:30 PM,15.95,48774.6,31.8396
3736,03/06/20 10:52:40 PM,15.95,48783.4,31.8460
3737,03/06/20 10:52:50 PM,15.95,48774.6,31.8396
3738,03/06/20 10:53:00 PM,15.94,48772.6,31.8381
3739,03/06/20 10:53:10 PM,15.95,48774.6,31.8396
3740,03/06/20 10:53:20 PM,15.95,48774.6,31.8396
3741,03/06/20 10:53:30 PM,15.95,48809.4,31.8650
3742,03/06/20 10:53:40 PM,15.95,48748.6,31.8205
3743,03/06/20 10:53:50 PM,15.95,48783.4,31.8460
3744,03/06/20 10:54:00 PM,15.95,48748.6,31.8205
3745,03/06/20 10:54:10 PM,15.94,48772.6,31.8381
3746,03/06/20 10:54:20 PM,15.92,48781.5,31.8446
3747,03/06/20 10:54:30 PM,15.92,48807.5,31.8636
3748,03/06/20 10:54:40 PM,15.94,48785.6,31.8476
3749,03/06/20 10:54:50 PM,15.94,48785.6,31.8476
3750,03/06/20 10:55:00 PM,15.94,48772.6,31.8381
3751,03/06/20 10:55:10 PM,15.92,48807.5,31.8636
3752,03/06/20 10:55:20 PM,15.92,48842.4,31.8891
3753,03/06/20 10:55:30 PM,15.94,48785.6,31.8476
3754,03/06/20 10:55:40 PM,15.94,48772.6,31.8381
3755,03/06/20 10:55:50 PM,15.92,48746.8,31.8192
3756,03/06/20 10:56:00 PM,15.94,48807.4,31.8635
3757,03/06/20 10:56:10 PM,15.94,48737.9,31.8127
3758,03/06/20 10:56:20 PM,15.92,48816.3,31.8701
3759,03/06/20 10:56:30 PM,15.92,48816.3,31.8701
3760,03/06/20 10:56:40 PM,15.92,48781.5,31.8446
3761,03/06/20 10:56:50 PM,15.94,48785.6,31.8476
3762,03/06/20 10:57:00 PM,15.92,48781.5,31.8446
3763,03/06/20 10:57:10 PM,15.94,48759.6,31.8285
3764,03/06/20 10:57:20 PM,15.92,48781.5,31.8446
3765,03/06/20 10:57:30 PM,15.92,48816.3,31.8701
3766,03/06/20 10:57:40 PM,15.92,48816.3,31.8701
3767,03/06/20 10:57:50 PM,15.92,48816.3,31.8701
3768,03/06/20 10:58:00 PM,15.92,48807.5,31.8636
3769,03/06/20 10:58:10 PM,15.92,48794.5,31.8541
3770,03/06/20 10:58:20 PM,15.92,48781.5,31.8446
3771,03/06/20 10:58:30 PM,15.92,48759.8,31.8287
3772,03/06/20 10:58:40 PM,15.92,48768.5,31.8351
3773,03/06/20 10:58:50 PM,15.92,48816.3,31.8701
3774,03/06/20 10:59:00 PM,15.92,48768.5,31.8351
3775,03/06/20 10:59:10 PM,15.92,48768.5,31.8351
3776,03/06/20 10:59:20 PM,15.92,48781.5,31.8446
3777,03/06/20 10:59:30 PM,15.92,48733.8,31.8097
3778,03/06/20 10:59:40 PM,15.92,48768.5,31.8351
3779,03/06/20 10:59:50 PM,15.92,48768.5,31.8351
3780,03/06/20 11:00:00 PM,15.92,48794.5,31.8541
3781,03/06/20 11:00:10 PM,15.91,48779.5,31.8431
3782,03/06/20 11:00:20 PM,15.92,48746.8,31.8192
3783,03/06/20 11:00:30 PM,15.92,48807.5,31.8636
3784,03/06/20 11:00:40 PM,15.92,48807.5,31.8636
3785,03/06/20 11:00:50 PM,15.92,48807.5,31.8636
3786,03/06/20 11:01:00 PM,15.91,48779.5,31.8431
3787,03/06/20 11:01:10 PM,15.91,48770.8,31.8368
3788,03/06/20 11:01:20 PM,15.91,48770.8,31.8368
3789,03/06/20 11:01:30 PM,15.92,48768.5,31.8351
3790,03/06/20 11:01:40 PM,15.91,48805.5,31.8622
3791,03/06/20 11:01:50 PM,15.91,48723.0,31.8018
3792,03/06/20 11:02:00 PM,15.90,48790.4,31.8511
3793,03/06/20 11:02:10 PM,15.90,48803.5,31.8607
3794,03/06/20 11:02:20 PM,15.91,48840.4,31.8876
3795,03/06/20 11:02:30 PM,15.91,48805.5,31.8622
3796,03/06/20 11:02:40 PM,15.91,48792.5,31.8526
3797,03/06/20 11:02:50 PM,15.90,48790.4,31.8511
3798,03/06/20 11:03:00 PM,15.90,48755.7,31.8257
3799,03/06/20 11:03:10 PM,15.90,48755.7,31.8257
3800,03/06/20 11:03:20 PM,15.91,48792.5,31.8526
3801,03/06/20 11:03:30 PM,15.90,48816.5,31.8702
3802,03/06/20 11:03:40 PM,15.91,48770.8,31.8368
3803,03/06/20 11:03:50 PM,15.90,48790.4,31.8511
3804,03/06/20 11:04:00 PM,15.91,48792.5,31.8526
3805,03/06/20 11:04:10 PM,15.91,48805.5,31.8622
3806,03/06/20 11:04:20 PM,15.91,48792.5,31.8526
3807,03/06/20 11:04:30 PM,15.91,48818.5,31.8717
3808,03/06/20 11:04:40 PM,15.90,48790.4,31.8511
3809,03/06/20 11:04:50 PM,15.91,48792.5,31.8526
3810,03/06/20 11:05:00 PM,15.91,48770.8,31.8368
3811,03/06/20 11:05:10 PM,15.91,48805.5,31.8622
3812,03/06/20 11:05:20 PM,15.91,48770.8,31.8368
3813,03/06/20 11:05:30 PM,15.91,48792.5,31.8526
3814,03/06/20 11:05:40 PM,15.91,48770.8,31.8368
3815,03/06/20 11:05:50 PM,15.91,48770.8,31.8368
3816,03/06/20 11:06:00 PM,15.91,48770.8,31.8368
3817,03/06/20 11:06:10 PM,15.91,48744.7,31.8177
3818,03/06/20 11:06:20 PM,15.90,48781.8,31.8448
3819,03/06/20 11:06:30 PM,15.90,48781.8,31.8448
3820,03/06/20 11:06:40 PM,15.91,48805.5,31.8622
3821,03/06/20 11:06:50 PM,15.90,48838.3,31.8862
3822,03/06/20 11:07:00 PM,15.90,48790.4,31.8511
3823,03/06/20 11:07:10 PM,15.90,48877.5,31.9148
3824,03/06/20 11:07:20 PM,15.90,48790.4,31.8511
3825,03/06/20 11:07:30 PM,15.91,48792.5,31.8526
3826,03/06/20 11:07:40 PM,15.90,48816.5,31.8702
3827,03/06/20 11:07:50 PM,15.90,48742.7,31.8162
3828,03/06/20 11:08:00 PM,15.90,48816.5,31.8702
3829,03/06/20 11:08:10 PM,15.90,48755.7,31.8257
3830,03/06/20 11:08:20 PM,15.91,48827.3,31.8781
3831,03/06/20 11:08:30 PM,15.90,48790.4,31.8511
3832,03/06/20 11:08:40 PM,15.90,48768.7,31.8353
3833,03/06/20 11:08:50 PM,15.90,48790.4,31.8511
3834,03/06/20 11:09:00 PM,15.90,48803.5,31.8607
3835,03/06/20 11:09:10 PM,15.90,48816.5,31.8702
3836,03/06/20 11:09:20 PM,15.90,48790.4,31.8511
3837,03/06/20 11:09:30 PM,15.90,48790.4,31.8511
3838,03/06/20 11:09:40 PM,15.90,48742.7,31.8162
3839,03/06/20 11:09:50 PM,15.90,48755.7,31.8257
3840,03/06/20 11:10:00 PM,15.90,48803.5,31.8607
3841,03/06/20 11:10:10 PM,15.90,48781.8,31.8448
3842,03/06/20 11:10:20 PM,15.90,48790.4,31.8511
3843,03/06/20 11:10:30 PM,15.90,48781.8,31.8448
3844,03/06/20 11:10:40 PM,15.90,48755.7,31.8257
3845,03/06/20 11:10:50 PM,15.90,48734.0,31.8099
3846,03/06/20 11:11:00 PM,15.90,48742.7,31.8162
3847,03/06/20 11:11:10 PM,15.90,48768.7,31.8353
3848,03/06/20 11:11:20 PM,15.90,48781.8,31.8448
3849,03/06/20 11:11:30 PM,15.90,48768.7,31.8353
3850,03/06/20 11:11:40 PM,15.90,48742.7,31.8162
3851,03/06/20 11:11:50 PM,15.90,48742.7,31.8162
3852,03/06/20 11:12:00 PM,15.90,48755.7,31.8257
3853,03/06/20 11:12:10 PM,15.89,48745.0,31.8179
3854,03/06/20 11:12:20 PM,15.89,48779.7,31.8433
3855,03/06/20 11:12:30 PM,15.89,48814.5,31.8687
3856,03/06/20 11:12:40 PM,15.89,48766.7,31.8338
3857,03/06/20 11:12:50 PM,15.89,48849.3,31.8942
3858,03/06/20 11:13:00 PM,15.89,48766.7,31.8338
3859,03/06/20 11:13:10 PM,15.90,48755.7,31.8257
3860,03/06/20 11:13:20 PM,15.89,48753.7,31.8242
3861,03/06/20 11:13:30 PM,15.90,48803.5,31.8607
3862,03/06/20 11:13:40 PM,15.89,48766.7,31.8338
3863,03/06/20 11:13:50 PM,15.90,48781.8,31.8448
3864,03/06/20 11:14:00 PM,15.89,48792.7,31.8528
3865,03/06/20 11:14:10 PM,15.90,48742.7,31.8162
3866,03/06/20 11:14:20 PM,15.90,48790.4,31.8511
3867,03/06/20 11:14:30 PM,15.90,48755.7,31.8257
3868,03/06/20 11:14:40 PM,15.89,48840.5,31.8878
3869,03/06/20 11:14:50 PM,15.89,48792.7,31.8528
3870,03/06/20 11:15:00 PM,15.89,48792.7,31.8528
3871,03/06/20 11:15:10 PM,15.90,48803.5,31.8607
3872,03/06/20 11:15:20 PM,15.89,48840.5,31.8878
3873,03/06/20 11:15:30 PM,15.90,48742.7,31.8162
3874,03/06/20 11:15:40 PM,15.89,48766.7,31.8338
3875,03/06/20 11:15:50 PM,15.90,48755.7,31.8257
3876,03/06/20 11:16:00 PM,15.89,48779.7,31.8433
3877,03/06/20 11:16:10 PM,15.89,48766.7,31.8338
3878,03/06/20 11:16:20 PM,15.89,48779.7,31.8433
3879,03/06/20 11:16:30 PM,15.89,48801.4,31.8592
3880,03/06/20 11:16:40 PM,15.90,48755.7,31.8257
3881,03/06/20 11:16:50 PM,15.90,48755.7,31.8257
3882,03/06/20 11:17:00 PM,15.89,48745.0,31.8179
3883,03/06/20 11:17:10 PM,15.89,48731.9,31.8084
3884,03/06/20 11:17:20 PM,15.89,48779.7,31.8433
3885,03/06/20 11:17:30 PM,15.89,48731.9,31.8084
3886,03/06/20 11:17:40 PM,15.89,48766.7,31.8338
3887,03/06/20 11:17:50 PM,15.89,48779.7,31.8433
3888,03/06/20 11:18:00 PM,15.89,48814.5,31.8687
3889,03/06/20 11:18:10 PM,15.89,48766.7,31.8338
3890,03/06/20 11:18:20 PM,15.89,48792.7,31.8528
3891,03/06/20 11:18:30 PM,15.87,48814.7,31.8689
3892,03/06/20 11:18:40 PM,15.87,48801.7,31.8594
3893,03/06/20 11:18:50 PM,15.89,48779.7,31.8433
3894,03/06/20 11:19:00 PM,15.89,48792.7,31.8528
3895,03/06/20 11:19:10 PM,15.89,48801.4,31.8592
3896,03/06/20 11:19:20 PM,15.89,48792.7,31.8528
3897,03/06/20 11:19:30 PM,15.87,48775.6,31.8403
3898,03/06/20 11:19:40 PM,15.89,48779.7,31.8433
3899,03/06/20 11:19:50 PM,15.89,48801.4,31.8592
3900,03/06/20 11:20:00 PM,15.89,48779.7,31.8433
3901,03/06/20 11:20:10 PM,15.89,48753.7,31.8242
3902,03/06/20 11:20:20 PM,15.89,48779.7,31.8433
3903,03/06/20 11:20:30 PM,15.89,48753.7,31.8242
3904,03/06/20 11:20:40 PM,15.89,48753.7,31.8242
3905,03/06/20 11:20:50 PM,15.89,48792.7,31.8528
3906,03/06/20 11:21:00 PM,15.87,48801.7,31.8594
3907,03/06/20 11:21:10 PM,15.89,48766.7,31.8338
3908,03/06/20 11:21:20 PM,15.89,48766.7,31.8338
3909,03/06/20 11:21:30 PM,15.89,48745.0,31.8179
3910,03/06/20 11:21:40 PM,15.89,48766.7,31.8338
3911,03/06/20 11:21:50 PM,15.89,48792.7,31.8528
3912,03/06/20 11:22:00 PM,15.89,48731.9,31.8084
3913,03/06/20 11:22:10 PM,15.87,48801.7,31.8594
3914,03/06/20 11:22:20 PM,15.89,48753.7,31.8242
3915,03/06/20 11:22:30 PM,15.89,48705.9,31.7893
3916,03/06/20 11:22:40 PM,15.89,48745.0,31.8179
3917,03/06/20 11:22:50 PM,15.89,48745.0,31.8179
3918,03/06/20 11:23:00 PM,15.89,48731.9,31.8084
3919,03/06/20 11:23:10 PM,15.89,48792.7,31.8528
3920,03/06/20 11:23:20 PM,15.89,48766.7,31.8338
3921,03/06/20 11:23:30 PM,15.89,48766.7,31.8338
3922,03/06/20 11:23:40 PM,15.89,48801.4,31.8592
3923,03/06/20 11:23:50 PM,15.89,48718.9,31.7988
3924,03/06/20 11:24:00 PM,15.89,48766.7,31.8338
3925,03/06/20 11:24:10 PM,15.89,48766.7,31.8338
3926,03/06/20 11:24:20 PM,15.89,48792.7,31.8528
3927,03/06/20 11:24:30 PM,15.89,48753.7,31.8242
3928,03/06/20 11:24:40 PM,15.89,48718.9,31.7988
3929,03/06/20 11:24:50 PM,15.89,48766.7,31.8338
3930,03/06/20 11:25:00 PM,15.89,48745.0,31.8179
3931,03/06/20 11:25:10 PM,15.89,48753.7,31.8242
3932,03/06/20 11:25:20 PM,15.89,48779.7,31.8433
3933,03/06/20 11:25:30 PM,15.89,48766.7,31.8338
3934,03/06/20 11:25:40 PM,15.89,48753.7,31.8242
3935,03/06/20 11:25:50 PM,15.89,48731.9,31.8084
3936,03/06/20 11:26:00 PM,15.89,48718.9,31.7988
3937,03/06/20 11:26:10 PM,15.89,48731.9,31.8084
3938,03/06/20 11:26:20 PM,15.89,48745.0,31.8179
3939,03/06/20 11:26:30 PM,15.89,48766.7,31.8338
3940,03/06/20 11:26:40 PM,15.89,48753.7,31.8242
3941,03/06/20 11:26:50 PM,15.89,48779.7,31.8433
3942,03/06/20 11:27:00 PM,15.89,48718.9,31.7988
3943,03/06/20 11:27:10 PM,15.89,48792.7,31.8528
3944,03/06/20 11:27:20 PM,15.89,48718.9,31.7988
3945,03/06/20 11:27:30 PM,15.89,48753.7,31.8242
3946,03/06/20 11:27:40 PM,15.87,48814.7,31.8689
3947,03/06/20 11:27:50 PM,15.89,48814.5,31.8687
3948,03/06/20 11:28:00 PM,15.89,48731.9,31.8084
3949,03/06/20 11:28:10 PM,15.89,48753.7,31.8242
3950,03/06/20 11:28:20 PM,15.89,48731.9,31.8084
3951,03/06/20 11:28:30 PM,15.89,48766.7,31.8338
3952,03/06/20 11:28:40 PM,15.89,48753.7,31.8242
3953,03/06/20 11:28:50 PM,15.89,48766.7,31.8338
3954,03/06/20 11:29:00 PM,15.89,48731.9,31.8084
3955,03/06/20 11:29:10 PM,15.87,48788.7,31.8498
3956,03/06/20 11:29:20 PM,15.87,48788.7,31.8498
3957,03/06/20 11:29:30 PM,15.89,48731.9,31.8084
3958,03/06/20 11:29:40 PM,15.89,48731.9,31.8084
3959,03/06/20 11:29:50 PM,15.89,48745.0,31.8179
3960,03/06/20 11:30:00 PM,15.89,48779.7,31.8433
3961,03/06/20 11:30:10 PM,15.89,48766.7,31.8338
3962,03/06/20 11:30:20 PM,15.89,48792.7,31.8528
3963,03/06/20 11:30:30 PM,15.89,48731.9,31.8084
3964,03/06/20 11:30:40 PM,15.89,48766.7,31.8338
3965,03/06/20 11:30:50 PM,15.89,48718.9,31.7988
3966,03/06/20 11:31:00 PM,15.89,48745.0,31.8179
3967,03/06/20 11:31:10 PM,15.87,48719.1,31.7990
3968,03/06/20 11:31:20 PM,15.89,48801.4,31.8592
3969,03/06/20 11:31:30 PM,15.89,48766.7,31.8338
3970,03/06/20 11:31:40 PM,15.89,48731.9,31.8084
3971,03/06/20 11:31:50 PM,15.89,48745.0,31.8179
3972,03/06/20 11:32:00 PM,15.87,48788.7,31.8498
3973,03/06/20 11:32:10 PM,15.89,48731.9,31.8084
3974,03/06/20 11:32:20 PM,15.89,48779.7,31.8433
3975,03/06/20 11:32:30 PM,15.89,48731.9,31.8084
3976,03/06/20 11:32:40 PM,15.89,48766.7,31.8338
3977,03/06/20 11:32:50 PM,15.87,48801.7,31.8594
3978,03/06/20 11:33:00 PM,15.89,48718.9,31.7988
3979,03/06/20 11:33:10 PM,15.87,48823.4,31.8752
3980,03/06/20 11:33:20 PM,15.89,48731.9,31.8084
3981,03/06/20 11:33:30 PM,15.89,48718.9,31.7988
3982,03/06/20 11:33:40 PM,15.87,48788.7,31.8498
3983,03/06/20 11:33:50 PM,15.89,48753.7,31.8242
3984,03/06/20 11:34:00 PM,15.87,48766.9,31.8339
3985,03/06/20 11:34:10 PM,15.87,48753.9,31.8244
3986,03/06/20 11:34:20 PM,15.89,48718.9,31.7988
3987,03/06/20 11:34:30 PM,15.87,48727.8,31.8054
3988,03/06/20 11:34:40 PM,15.87,48706.2,31.7896
3989,03/06/20 11:34:50 PM,15.89,48697.2,31.7830
3990,03/06/20 11:35:00 PM,15.89,48697.2,31.7830
3991,03/06/20 11:35:10 PM,15.87,48766.9,31.8339
3992,03/06/20 11:35:20 PM,15.87,48766.9,31.8339
3993,03/06/20 11:35:30 PM,15.87,48788.7,31.8498
3994,03/06/20 11:35:40 PM,15.89,48697.2,31.7830
3995,03/06/20 11:35:50 PM,15.87,48775.6,31.8403
3996,03/06/20 11:36:00 PM,15.87,48727.8,31.8054
3997,03/06/20 11:36:10 PM,15.87,48753.9,31.8244
3998,03/06/20 11:36:20 PM,15.87,48766.9,31.8339
3999,03/06/20 11:36:30 PM,15.89,48697.2,31.7830
4000,03/06/20 11:36:40 PM,15.89,48753.7,31.8242
4001,03/06/20 11:36:50 PM,15.89,48731.9,31.8084
4002,03/06/20 11:37:00 PM,15.89,48731.9,31.8084
4003,03/06/20 11:37:10 PM,15.87,48740.9,31.8149
4004,03/06/20 11:37:20 PM,15.87,48766.9,31.8339
4005,03/06/20 11:37:30 PM,15.89,48745.0,31.8179
4006,03/06/20 11:37:40 PM,15.87,48766.9,31.8339
4007,03/06/20 11:37:50 PM,15.87,48753.9,31.8244
4008,03/06/20 11:38:00 PM,15.87,48719.1,31.7990
4009,03/06/20 11:38:10 PM,15.87,48753.9,31.8244
4010,03/06/20 11:38:20 PM,15.87,48801.7,31.8594
4011,03/06/20 11:38:30 PM,15.89,48731.9,31.8084
4012,03/06/20 11:38:40 PM,15.89,48718.9,31.7988
4013,03/06/20 11:38:50 PM,15.87,48740.9,31.8149
4014,03/06/20 11:39:00 PM,15.87,48706.2,31.7896
4015,03/06/20 11:39:10 PM,15.87,48706.2,31.7896
4016,03/06/20 11:39:20 PM,15.87,48727.8,31.8054
4017,03/06/20 11:39:30 PM,15.89,48745.0,31.8179
4018,03/06/20 11:39:40 PM,15.87,48775.6,31.8403
4019,03/06/20 11:39:50 PM,15.89,48745.0,31.8179
4020,03/06/20 11:40:00 PM,15.87,48706.2,31.7896
4021,03/06/20 11:40:10 PM,15.89,48745.0,31.8179
4022,03/06/20 11:40:20 PM,15.87,48740.9,31.8149
4023,03/06/20 11:40:30 PM,15.87,48775.6,31.8403
4024,03/06/20 11:40:40 PM,15.87,48740.9,31.8149
4025,03/06/20 11:40:50 PM,15.89,48745.0,31.8179
4026,03/06/20 11:41:00 PM,15.87,48810.4,31.8657
4027,03/06/20 11:41:10 PM,15.89,48718.9,31.7988
4028,03/06/20 11:41:20 PM,15.89,48745.0,31.8179
4029,03/06/20 11:41:30 PM,15.89,48753.7,31.8242
4030,03/06/20 11:41:40 PM,15.89,48718.9,31.7988
4031,03/06/20 11:41:50 PM,15.87,48801.7,31.8594
4032,03/06/20 11:42:00 PM,15.87,48775.6,31.8403
4033,03/06/20 11:42:10 PM,15.87,48753.9,31.8244
4034,03/06/20 11:42:20 PM,15.89,48697.2,31.7830
4035,03/06/20 11:42:30 PM,15.89,48731.9,31.8084
4036,03/06/20 11:42:40 PM,15.87,48753.9,31.8244
4037,03/06/20 11:42:50 PM,15.89,48718.9,31.7988
4038,03/06/20 11:43:00 PM,15.89,48705.9,31.7893
4039,03/06/20 11:43:10 PM,15.89,48740.6,31.8147
4040,03/06/20 11:43:20 PM,15.87,48753.9,31.8244
4041,03/06/20 11:43:30 PM,15.87,48706.2,31.7896
4042,03/06/20 11:43:40 PM,15.89,48731.9,31.8084
4043,03/06/20 11:43:50 PM,15.89,48697.2,31.7830
4044,03/06/20 11:44:00 PM,15.89,48697.2,31.7830
4045,03/06/20 11:44:10 PM,15.89,48731.9,31.8084
4046,03/06/20 11:44:20 PM,15.89,48705.9,31.7893
4047,03/06/20 11:44:30 PM,15.89,48718.9,31.7988
4048,03/06/20 11:44:40 PM,15.89,48697.2,31.7830
4049,03/06/20 11:44:50 PM,15.89,48705.9,31.7893
4050,03/06/20 11:45:00 PM,15.89,48740.6,31.8147
4051,03/06/20 11:45:10 PM,15.89,48731.9,31.8084
4052,03/06/20 11:45:20 PM,15.89,48731.9,31.8084
4053,03/06/20 11:45:30 PM,15.89,48753.7,31.8242
4054,03/06/20 11:45:40 PM,15.89,48740.6,31.8147
4055,03/06/20 11:45:50 PM,15.89,48705.9,31.7893
4056,03/06/20 11:46:00 PM,15.89,48697.2,31.7830
4057,03/06/20 11:46:10 PM,15.89,48753.7,31.8242
4058,03/06/20 11:46:20 PM,15.89,48788.4,31.8496
4059,03/06/20 11:46:30 PM,15.89,48705.9,31.7893
4060,03/06/20 11:46:40 PM,15.89,48718.9,31.7988
4061,03/06/20 11:46:50 PM,15.89,48731.9,31.8084
4062,03/06/20 11:47:00 PM,15.89,48684.3,31.7735
4063,03/06/20 11:47:10 PM,15.89,48718.9,31.7988
4064,03/06/20 11:47:20 PM,15.89,48740.6,31.8147
4065,03/06/20 11:47:30 PM,15.89,48740.6,31.8147
4066,03/06/20 11:47:40 PM,15.89,48731.9,31.8084
4067,03/06/20 11:47:50 PM,15.89,48740.6,31.8147
4068,03/06/20 11:48:00 PM,15.89,48731.9,31.8084
4069,03/06/20 11:48:10 PM,15.89,48753.7,31.8242
4070,03/06/20 11:48:20 PM,15.89,48731.9,31.8084
4071,03/06/20 11:48:30 PM,15.89,48753.7,31.8242
4072,03/06/20 11:48:40 PM,15.89,48740.6,31.8147
4073,03/06/20 11:48:50 PM,15.89,48705.9,31.7893
4074,03/06/20 11:49:00 PM,15.89,48718.9,31.7988
4075,03/06/20 11:49:10 PM,15.89,48705.9,31.7893
4076,03/06/20 11:49:20 PM,15.89,48753.7,31.8242
4077,03/06/20 11:49:30 PM,15.89,48731.9,31.8084
4078,03/06/20 11:49:40 PM,15.89,48697.2,31.7830
4079,03/06/20 11:49:50 PM,15.89,48705.9,31.7893
4080,03/06/20 11:50:00 PM,15.89,48718.9,31.7988
4081,03/06/20 11:50:10 PM,15.89,48740.6,31.8147
4082,03/06/20 11:50:20 PM,15.89,48731.9,31.8084
4083,03/06/20 11:50:30 PM,15.89,48705.9,31.7893
4084,03/06/20 11:50:40 PM,15.89,48705.9,31.7893
4085,03/06/20 11:50:50 PM,15.89,48671.3,31.7640
4086,03/06/20 11:51:00 PM,15.89,48718.9,31.7988
4087,03/06/20 11:51:10 PM,15.89,48705.9,31.7893
4088,03/06/20 11:51:20 PM,15.89,48671.3,31.7640
4089,03/06/20 11:51:30 PM,15.89,48697.2,31.7830
4090,03/06/20 11:51:40 PM,15.89,48697.2,31.7830
4091,03/06/20 11:51:50 PM,15.89,48740.6,31.8147
4092,03/06/20 11:52:00 PM,15.89,48740.6,31.8147
4093,03/06/20 11:52:10 PM,15.89,48705.9,31.7893
4094,03/06/20 11:52:20 PM,15.89,48731.9,31.8084
4095,03/06/20 11:52:30 PM,15.89,48705.9,31.7893
4096,03/06/20 11:52:40 PM,15.89,48705.9,31.7893
4097,03/06/20 11:52:50 PM,15.89,48705.9,31.7893
4098,03/06/20 11:53:00 PM,15.89,48705.9,31.7893
4099,03/06/20 11:53:10 PM,15.89,48740.6,31.8147
4100,03/06/20 11:53:20 PM,15.89,48740.6,31.8147
4101,03/06/20 11:53:30 PM,15.89,48684.3,31.7735
4102,03/06/20 11:53:40 PM,15.89,48766.7,31.8338
4103,03/06/20 11:53:50 PM,15.89,48718.9,31.7988
4104,03/06/20 11:54:00 PM,15.89,48731.9,31.8084
4105,03/06/20 11:54:10 PM,15.90,48694.9,31.7813
4106,03/06/20 11:54:20 PM,15.89,48697.2,31.7830
4107,03/06/20 11:54:30 PM,15.89,48740.6,31.8147
4108,03/06/20 11:54:40 PM,15.89,48718.9,31.7988
4109,03/06/20 11:54:50 PM,15.89,48718.9,31.7988
4110,03/06/20 11:55:00 PM,15.89,48697.2,31.7830
4111,03/06/20 11:55:10 PM,15.89,48697.2,31.7830
4112,03/06/20 11:55:20 PM,15.89,48753.7,31.8242
4113,03/06/20 11:55:30 PM,15.89,48753.7,31.8242
4114,03/06/20 11:55:40 PM,15.90,48721.0,31.8003
4115,03/06/20 11:55:50 PM,15.89,48684.3,31.7735
4116,03/06/20 11:56:00 PM,15.89,48705.9,31.7893
4117,03/06/20 11:56:10 PM,15.89,48718.9,31.7988
4118,03/06/20 11:56:20 PM,15.89,48731.9,31.8084
4119,03/06/20 11:56:30 PM,15.89,48766.7,31.8338
4120,03/06/20 11:56:40 PM,15.89,48705.9,31.7893
4121,03/06/20 11:56:50 PM,15.90,48721.0,31.8003
4122,03/06/20 11:57:00 PM,15.89,48718.9,31.7988
4123,03/06/20 11:57:10 PM,15.89,48697.2,31.7830
4124,03/06/20 11:57:20 PM,15.89,48705.9,31.7893
4125,03/06/20 11:57:30 PM,15.89,48731.9,31.8084
4126,03/06/20 11:57:40 PM,15.89,48671.3,31.7640
4127,03/06/20 11:57:50 PM,15.89,48684.3,31.7735
4128,03/06/20 11:58:00 PM,15.89,48718.9,31.7988
4129,03/06/20 11:58:10 PM,15.89,48740.6,31.8147
4130,03/06/20 11:58:20 PM,15.89,48697.2,31.7830
4131,03/06/20 11:58:30 PM,15.89,48731.9,31.8084
4132,03/06/20 11:58:40 PM,15.89,48731.9,31.8084
4133,03/06/20 11:58:50 PM,15.89,48731.9,31.8084
4134,03/06/20 11:59:00 PM,15.89,48705.9,31.7893
4135,03/06/20 11:59:10 PM,15.89,48705.9,31.7893
4136,03/06/20 11:59:20 PM,15.89,48731.9,31.8084
4137,03/06/20 11:59:30 PM,15.89,48705.9,31.7893
4138,03/06/20 11:59:40 PM,15.89,48718.9,31.7988
4139,03/06/20 11:59:50 PM,15.89,48705.9,31.7893
4140,03/07/20 12:00:00 AM,15.89,48705.9,31.7893
4141,03/07/20 12:00:10 AM,15.89,48718.9,31.7988
4142,03/07/20 12:00:20 AM,15.89,48740.6,31.8147
4143,03/07/20 12:00:30 AM,15.89,48684.3,31.7735
4144,03/07/20 12:00:40 AM,15.89,48705.9,31.7893
4145,03/07/20 12:00:50 AM,15.89,48658.2,31.7545
4146,03/07/20 12:01:00 AM,15.89,48718.9,31.7988
4147,03/07/20 12:01:10 AM,15.89,48705.9,31.7893
4148,03/07/20 12:01:20 AM,15.89,48684.3,31.7735
4149,03/07/20 12:01:30 AM,15.89,48697.2,31.7830
4150,03/07/20 12:01:40 AM,15.89,48684.3,31.7735
4151,03/07/20 12:01:50 AM,15.89,48718.9,31.7988
4152,03/07/20 12:02:00 AM,15.89,48705.9,31.7893
4153,03/07/20 12:02:10 AM,15.89,48671.3,31.7640
4154,03/07/20 12:02:20 AM,15.89,48718.9,31.7988
4155,03/07/20 12:02:30 AM,15.89,48718.9,31.7988
4156,03/07/20 12:02:40 AM,15.89,48697.2,31.7830
4157,03/07/20 12:02:50 AM,15.89,48671.3,31.7640
4158,03/07/20 12:03:00 AM,15.89,48718.9,31.7988
4159,03/07/20 12:03:10 AM,15.90,48686.2,31.7750
4160,03/07/20 12:03:20 AM,15.89,48705.9,31.7893
4161,03/07/20 12:03:30 AM,15.89,48697.2,31.7830
4162,03/07/20 12:03:40 AM,15.89,48705.9,31.7893
4163,03/07/20 12:03:50 AM,15.90,48694.9,31.7813
4164,03/07/20 12:04:00 AM,15.89,48649.7,31.7482
4165,03/07/20 12:04:10 AM,15.89,48705.9,31.7893
4166,03/07/20 12:04:20 AM,15.90,48721.0,31.8003
4167,03/07/20 12:04:30 AM,15.90,48686.2,31.7750
4168,03/07/20 12:04:40 AM,15.89,48705.9,31.7893
4169,03/07/20 12:04:50 AM,15.90,48686.2,31.7750
4170,03/07/20 12:05:00 AM,15.89,48684.3,31.7735
4171,03/07/20 12:05:10 AM,15.89,48697.2,31.7830
4172,03/07/20 12:05:20 AM,15.90,48708.0,31.7908
4173,03/07/20 12:05:30 AM,15.89,48718.9,31.7988
4174,03/07/20 12:05:40 AM,15.90,48694.9,31.7813
4175,03/07/20 12:05:50 AM,15.89,48697.2,31.7830
4176,03/07/20 12:06:00 AM,15.89,48740.6,31.8147
4177,03/07/20 12:06:10 AM,15.89,48697.2,31.7830
4178,03/07/20 12:06:20 AM,15.89,48718.9,31.7988
4179,03/07/20 12:06:30 AM,15.90,48673.3,31.7655
4180,03/07/20 12:06:40 AM,15.89,48671.3,31.7640
4181,03/07/20 12:06:50 AM,15.89,48740.6,31.8147
4182,03/07/20 12:07:00 AM,15.89,48718.9,31.7988
4183,03/07/20 12:07:10 AM,15.90,48686.2,31.7750
4184,03/07/20 12:07:20 AM,15.89,48731.9,31.8084
4185,03/07/20 12:07:30 AM,15.90,48686.2,31.7750
4186,03/07/20 12:07:40 AM,15.89,48671.3,31.7640
4187,03/07/20 12:07:50 AM,15.89,48718.9,31.7988
4188,03/07/20 12:08:00 AM,15.89,48705.9,31.7893
4189,03/07/20 12:08:10 AM,15.90,48686.2,31.7750
4190,03/07/20 12:08:20 AM,15.89,48658.2,31.7545
4191,03/07/20 12:08:30 AM,15.89,48658.2,31.7545
4192,03/07/20 12:08:40 AM,15.89,48697.2,31.7830
4193,03/07/20 12:08:50 AM,15.90,48708.0,31.7908
4194,03/07/20 12:09:00 AM,15.89,48753.7,31.8242
4195,03/07/20 12:09:10 AM,15.89,48718.9,31.7988
4196,03/07/20 12:09:20 AM,15.89,48697.2,31.7830
4197,03/07/20 12:09:30 AM,15.90,48694.9,31.7813
4198,03/07/20 12:09:40 AM,15.90,48721.0,31.8003
4199,03/07/20 12:09:50 AM,15.89,48697.2,31.7830
4200,03/07/20 12:10:00 AM,15.89,48705.9,31.7893
4201,03/07/20 12:10:10 AM,15.89,48697.2,31.7830
4202,03/07/20 12:10:20 AM,15.89,48697.2,31.7830
4203,03/07/20 12:10:30 AM,15.89,48697.2,31.7830
4204,03/07/20 12:10:40 AM,15.89,48705.9,31.7893
4205,03/07/20 12:10:50 AM,15.89,48731.9,31.8084
4206,03/07/20 12:11:00 AM,15.89,48697.2,31.7830
4207,03/07/20 12:11:10 AM,15.89,48718.9,31.7988
4208,03/07/20 12:11:20 AM,15.89,48697.2,31.7830
4209,03/07/20 12:11:30 AM,15.89,48718.9,31.7988
4210,03/07/20 12:11:40 AM,15.90,48660.3,31.7560
4211,03/07/20 12:11:50 AM,15.90,48660.3,31.7560
4212,03/07/20 12:12:00 AM,15.89,48740.6,31.8147
4213,03/07/20 12:12:10 AM,15.90,48686.2,31.7750
4214,03/07/20 12:12:20 AM,15.89,48697.2,31.7830
4215,03/07/20 12:12:30 AM,15.89,48684.3,31.7735
4216,03/07/20 12:12:40 AM,15.89,48731.9,31.8084
4217,03/07/20 12:12:50 AM,15.89,48649.7,31.7482
4218,03/07/20 12:13:00 AM,15.89,48684.3,31.7735
4219,03/07/20 12:13:10 AM,15.90,48660.3,31.7560
4220,03/07/20 12:13:20 AM,15.90,48721.0,31.8003
4221,03/07/20 12:13:30 AM,15.90,48647.3,31.7465
4222,03/07/20 12:13:40 AM,15.89,48658.2,31.7545
4223,03/07/20 12:13:50 AM,15.89,48684.3,31.7735
4224,03/07/20 12:14:00 AM,15.89,48740.6,31.8147
4225,03/07/20 12:14:10 AM,15.90,48721.0,31.8003
4226,03/07/20 12:14:20 AM,15.90,48686.2,31.7750
4227,03/07/20 12:14:30 AM,15.90,48673.3,31.7655
4228,03/07/20 12:14:40 AM,15.89,48697.2,31.7830
4229,03/07/20 12:14:50 AM,15.89,48684.3,31.7735
4230,03/07/20 12:15:00 AM,15.89,48671.3,31.7640
4231,03/07/20 12:15:10 AM,15.90,48647.3,31.7465
4232,03/07/20 12:15:20 AM,15.89,48684.3,31.7735
4233,03/07/20 12:15:30 AM,15.90,48708.0,31.7908
4234,03/07/20 12:15:40 AM,15.90,48708.0,31.7908
4235,03/07/20 12:15:50 AM,15.89,48658.2,31.7545
4236,03/07/20 12:16:00 AM,15.90,48721.0,31.8003
4237,03/07/20 12:16:10 AM,15.90,48686.2,31.7750
4238,03/07/20 12:16:20 AM,15.90,48694.9,31.7813
4239,03/07/20 12:16:30 AM,15.89,48671.3,31.7640
4240,03/07/20 12:16:40 AM,15.90,48660.3,31.7560
4241,03/07/20 12:16:50 AM,15.89,48636.6,31.7387
4242,03/07/20 12:17:00 AM,15.90,48708.0,31.7908
4243,03/07/20 12:17:10 AM,15.90,48708.0,31.7908
4244,03/07/20 12:17:20 AM,15.90,48660.3,31.7560
4245,03/07/20 12:17:30 AM,15.89,48697.2,31.7830
4246,03/07/20 12:17:40 AM,15.90,48638.7,31.7402
4247,03/07/20 12:17:50 AM,15.90,48686.2,31.7750
4248,03/07/20 12:18:00 AM,15.90,48686.2,31.7750
4249,03/07/20 12:18:10 AM,15.90,48686.2,31.7750
4250,03/07/20 12:18:20 AM,15.89,48671.3,31.7640
4251,03/07/20 12:18:30 AM,15.90,48694.9,31.7813
4252,03/07/20 12:18:40 AM,15.90,48694.9,31.7813
4253,03/07/20 12:18:50 AM,15.90,48673.3,31.7655
4254,03/07/20 12:19:00 AM,15.90,48708.0,31.7908
4255,03/07/20 12:19:10 AM,15.90,48708.0,31.7908
4256,03/07/20 12:19:20 AM,15.90,48694.9,31.7813
4257,03/07/20 12:19:30 AM,15.90,48673.3,31.7655
4258,03/07/20 12:19:40 AM,15.90,48708.0,31.7908
4259,03/07/20 12:19:50 AM,15.90,48694.9,31.7813
4260,03/07/20 12:20:00 AM,15.90,48660.3,31.7560
4261,03/07/20 12:20:10 AM,15.90,48647.3,31.7465
4262,03/07/20 12:20:20 AM,15.90,48625.7,31.7307
4263,03/07/20 12:20:30 AM,15.90,48612.8,31.7213
4264,03/07/20 12:20:40 AM,15.90,48647.3,31.7465
4265,03/07/20 12:20:50 AM,15.90,48647.3,31.7465
4266,03/07/20 12:21:00 AM,15.90,48708.0,31.7908
4267,03/07/20 12:21:10 AM,15.90,48686.2,31.7750
4268,03/07/20 12:21:20 AM,15.90,48708.0,31.7908
4269,03/07/20 12:21:30 AM,15.90,48673.3,31.7655
4270,03/07/20 12:21:40 AM,15.90,48660.3,31.7560
4271,03/07/20 12:21:50 AM,15.90,48729.7,31.8067
4272,03/07/20 12:22:00 AM,15.90,48694.9,31.7813
4273,03/07/20 12:22:10 AM,15.90,48647.3,31.7465
4274,03/07/20 12:22:20 AM,15.90,48686.2,31.7750
4275,03/07/20 12:22:30 AM,15.91,48649.4,31.7480
4276,03/07/20 12:22:40 AM,15.90,48686.2,31.7750
4277,03/07/20 12:22:50 AM,15.90,48647.3,31.7465
4278,03/07/20 12:23:00 AM,15.90,48673.3,31.7655
4279,03/07/20 12:23:10 AM,15.90,48686.2,31.7750
4280,03/07/20 12:23:20 AM,15.90,48647.3,31.7465
4281,03/07/20 12:23:30 AM,15.90,48686.2,31.7750
4282,03/07/20 12:23:40 AM,15.91,48684.0,31.7733
4283,03/07/20 12:23:50 AM,15.91,48684.0,31.7733
4284,03/07/20 12:24:00 AM,15.91,48684.0,31.7733
4285,03/07/20 12:24:10 AM,15.90,48686.2,31.7750
4286,03/07/20 12:24:20 AM,15.90,48660.3,31.7560
4287,03/07/20 12:24:30 AM,15.91,48649.4,31.7480
4288,03/07/20 12:24:40 AM,15.91,48614.8,31.7227
4289,03/07/20 12:24:50 AM,15.91,48662.4,31.7575
4290,03/07/20 12:25:00 AM,15.91,48697.0,31.7828
4291,03/07/20 12:25:10 AM,15.91,48684.0,31.7733
4292,03/07/20 12:25:20 AM,15.91,48710.0,31.7923
4293,03/07/20 12:25:30 AM,15.91,48675.3,31.7669
4294,03/07/20 12:25:40 AM,15.91,48710.0,31.7923
4295,03/07/20 12:25:50 AM,15.91,48731.7,31.8082
4296,03/07/20 12:26:00 AM,15.91,48675.3,31.7669
4297,03/07/20 12:26:10 AM,15.91,48662.4,31.7575
4298,03/07/20 12:26:20 AM,15.91,48697.0,31.7828
4299,03/07/20 12:26:30 AM,15.92,48651.4,31.7495
4300,03/07/20 12:26:40 AM,15.91,48662.4,31.7575
4301,03/07/20 12:26:50 AM,15.91,48636.3,31.7385
4302,03/07/20 12:27:00 AM,15.91,48662.4,31.7575
4303,03/07/20 12:27:10 AM,15.91,48757.8,31.8272
4304,03/07/20 12:27:20 AM,15.91,48697.0,31.7828
4305,03/07/20 12:27:30 AM,15.92,48664.3,31.7589
4306,03/07/20 12:27:40 AM,15.92,48651.4,31.7495
4307,03/07/20 12:27:50 AM,15.92,48651.4,31.7495
4308,03/07/20 12:28:00 AM,15.92,48673.0,31.7653
4309,03/07/20 12:28:10 AM,15.92,48673.0,31.7653
4310,03/07/20 12:28:20 AM,15.92,48664.3,31.7589
4311,03/07/20 12:28:30 AM,15.92,48699.0,31.7843
4312,03/07/20 12:28:40 AM,15.91,48697.0,31.7828
4313,03/07/20 12:28:50 AM,15.92,48699.0,31.7843
4314,03/07/20 12:29:00 AM,15.92,48699.0,31.7843
4315,03/07/20 12:29:10 AM,15.92,48664.3,31.7589
4316,03/07/20 12:29:20 AM,15.92,48664.3,31.7589
4317,03/07/20 12:29:30 AM,15.92,48664.3,31.7589
4318,03/07/20 12:29:40 AM,15.92,48664.3,31.7589
4319,03/07/20 12:29:50 AM,15.92,48664.3,31.7589
4320,03/07/20 12:30:00 AM,15.92,48638.4,31.7400
4321,03/07/20 12:30:10 AM,15.92,48651.4,31.7495
4322,03/07/20 12:30:20 AM,15.92,48673.0,31.7653
4323,03/07/20 12:30:30 AM,15.92,48651.4,31.7495
4324,03/07/20 12:30:40 AM,15.92,48651.4,31.7495
4325,03/07/20 12:30:50 AM,15.92,48616.8,31.7242
4326,03/07/20 12:31:00 AM,15.92,48686.0,31.7748
4327,03/07/20 12:31:10 AM,15.92,48638.4,31.7400
4328,03/07/20 12:31:20 AM,15.92,48686.0,31.7748
4329,03/07/20 12:31:30 AM,15.92,48664.3,31.7589
4330,03/07/20 12:31:40 AM,15.92,48686.0,31.7748
4331,03/07/20 12:31:50 AM,15.92,48720.7,31.8002
4332,03/07/20 12:32:00 AM,15.92,48664.3,31.7589
4333,03/07/20 12:32:10 AM,15.92,48638.4,31.7400
4334,03/07/20 12:32:20 AM,15.92,48625.4,31.7305
4335,03/07/20 12:32:30 AM,15.92,48707.7,31.7907
4336,03/07/20 12:32:40 AM,15.92,48686.0,31.7748
4337,03/07/20 12:32:50 AM,15.92,48651.4,31.7495
4338,03/07/20 12:33:00 AM,15.92,48686.0,31.7748
4339,03/07/20 12:33:10 AM,15.92,48664.3,31.7589
4340,03/07/20 12:33:20 AM,15.92,48638.4,31.7400
4341,03/07/20 12:33:30 AM,15.91,48636.3,31.7385
4342,03/07/20 12:33:40 AM,15.92,48664.3,31.7589
4343,03/07/20 12:33:50 AM,15.92,48616.8,31.7242
4344,03/07/20 12:34:00 AM,15.92,48673.0,31.7653
4345,03/07/20 12:34:10 AM,15.92,48664.3,31.7589
4346,03/07/20 12:34:20 AM,15.91,48675.3,31.7669
4347,03/07/20 12:34:30 AM,15.91,48684.0,31.7733
4348,03/07/20 12:34:40 AM,15.91,48627.8,31.7322
4349,03/07/20 12:34:50 AM,15.92,48699.0,31.7843
4350,03/07/20 12:35:00 AM,15.92,48651.4,31.7495
4351,03/07/20 12:35:10 AM,15.92,48673.0,31.7653
4352,03/07/20 12:35:20 AM,15.92,48673.0,31.7653
4353,03/07/20 12:35:30 AM,15.92,48625.4,31.7305
4354,03/07/20 12:35:40 AM,15.92,48638.4,31.7400
4355,03/07/20 12:35:50 AM,15.92,48664.3,31.7589
4356,03/07/20 12:36:00 AM,15.92,48664.3,31.7589
4357,03/07/20 12:36:10 AM,15.92,48664.3,31.7589
4358,03/07/20 12:36:20 AM,15.92,48664.3,31.7589
4359,03/07/20 12:36:30 AM,15.92,48699.0,31.7843
4360,03/07/20 12:36:40 AM,15.94,48616.5,31.7240
4361,03/07/20 12:36:50 AM,15.92,48638.4,31.7400
4362,03/07/20 12:37:00 AM,15.92,48673.0,31.7653
4363,03/07/20 12:37:10 AM,15.92,48686.0,31.7748
4364,03/07/20 12:37:20 AM,15.92,48733.8,31.8097
4365,03/07/20 12:37:30 AM,15.92,48699.0,31.7843
4366,03/07/20 12:37:40 AM,15.94,48651.1,31.7493
4367,03/07/20 12:37:50 AM,15.94,48616.5,31.7240
4368,03/07/20 12:38:00 AM,15.94,48698.8,31.7841
4369,03/07/20 12:38:10 AM,15.94,48664.1,31.7588
4370,03/07/20 12:38:20 AM,15.94,48642.4,31.7429
4371,03/07/20 12:38:30 AM,15.94,48642.4,31.7429
4372,03/07/20 12:38:40 AM,15.94,48677.1,31.7683
4373,03/07/20 12:38:50 AM,15.94,48664.1,31.7588
4374,03/07/20 12:39:00 AM,15.94,48629.5,31.7335
4375,03/07/20 12:39:10 AM,15.94,48642.4,31.7429
4376,03/07/20 12:39:20 AM,15.94,48629.5,31.7335
4377,03/07/20 12:39:30 AM,15.94,48651.1,31.7493
4378,03/07/20 12:39:40 AM,15.94,48642.4,31.7429
4379,03/07/20 12:39:50 AM,15.94,48651.1,31.7493
4380,03/07/20 12:40:00 AM,15.92,48707.7,31.7907
4381,03/07/20 12:40:10 AM,15.94,48651.1,31.7493
4382,03/07/20 12:40:20 AM,15.94,48651.1,31.7493
4383,03/07/20 12:40:30 AM,15.94,48629.5,31.7335
4384,03/07/20 12:40:40 AM,15.94,48664.1,31.7588
4385,03/07/20 12:40:50 AM,15.96,48676.9,31.7681
4386,03/07/20 12:41:00 AM,15.95,48674.9,31.7666
4387,03/07/20 12:41:10 AM,15.95,48687.9,31.7761
4388,03/07/20 12:41:20 AM,15.95,48700.9,31.7857
4389,03/07/20 12:41:30 AM,15.95,48618.6,31.7255
4390,03/07/20 12:41:40 AM,15.95,48653.2,31.7508
4391,03/07/20 12:41:50 AM,15.95,48618.6,31.7255
4392,03/07/20 12:42:00 AM,15.95,48640.2,31.7413
4393,03/07/20 12:42:10 AM,15.95,48640.2,31.7413
4394,03/07/20 12:42:20 AM,15.95,48666.2,31.7603
4395,03/07/20 12:42:30 AM,15.95,48640.2,31.7413
4396,03/07/20 12:42:40 AM,15.95,48666.2,31.7603
4397,03/07/20 12:42:50 AM,15.95,48666.2,31.7603
4398,03/07/20 12:43:00 AM,15.96,48620.5,31.7269
4399,03/07/20 12:43:10 AM,15.95,48640.2,31.7413
4400,03/07/20 12:43:20 AM,15.95,48653.2,31.7508
4401,03/07/20 12:43:30 AM,15.95,48653.2,31.7508
4402,03/07/20 12:43:40 AM,15.95,48605.6,31.7160
4403,03/07/20 12:43:50 AM,15.95,48674.9,31.7666
4404,03/07/20 12:44:00 AM,15.96,48642.2,31.7428
4405,03/07/20 12:44:10 AM,15.96,48663.9,31.7586
4406,03/07/20 12:44:20 AM,15.96,48629.2,31.7333
4407,03/07/20 12:44:30 AM,15.96,48642.2,31.7428
4408,03/07/20 12:44:40 AM,15.96,48689.9,31.7776
4409,03/07/20 12:44:50 AM,15.96,48655.2,31.7523
4410,03/07/20 12:45:00 AM,15.96,48689.9,31.7776
4411,03/07/20 12:45:10 AM,15.96,48663.9,31.7586
4412,03/07/20 12:45:20 AM,15.96,48629.2,31.7333
4413,03/07/20 12:45:30 AM,15.96,48581.6,31.6985
4414,03/07/20 12:45:40 AM,15.96,48620.5,31.7269
4415,03/07/20 12:45:50 AM,15.96,48663.9,31.7586
4416,03/07/20 12:46:00 AM,15.96,48663.9,31.7586
4417,03/07/20 12:46:10 AM,15.96,48629.2,31.7333
4418,03/07/20 12:46:20 AM,15.96,48607.7,31.7175
4419,03/07/20 12:46:30 AM,15.96,48642.2,31.7428
4420,03/07/20 12:46:40 AM,15.96,48642.2,31.7428
4421,03/07/20 12:46:50 AM,15.96,48663.9,31.7586
4422,03/07/20 12:47:00 AM,15.96,48642.2,31.7428
4423,03/07/20 12:47:10 AM,15.96,48642.2,31.7428
4424,03/07/20 12:47:20 AM,15.96,48620.5,31.7269
4425,03/07/20 12:47:30 AM,15.96,48629.2,31.7333
4426,03/07/20 12:47:40 AM,15.96,48655.2,31.7523
4427,03/07/20 12:47:50 AM,15.96,48702.9,31.7872
4428,03/07/20 12:48:00 AM,15.96,48642.2,31.7428
4429,03/07/20 12:48:10 AM,15.96,48655.2,31.7523
4430,03/07/20 12:48:20 AM,15.97,48631.3,31.7348
4431,03/07/20 12:48:30 AM,15.97,48644.3,31.7443
4432,03/07/20 12:48:40 AM,15.96,48629.2,31.7333
4433,03/07/20 12:48:50 AM,15.97,48609.6,31.7189
4434,03/07/20 12:49:00 AM,15.97,48631.3,31.7348
4435,03/07/20 12:49:10 AM,15.96,48629.2,31.7333
4436,03/07/20 12:49:20 AM,15.97,48583.7,31.7000
4437,03/07/20 12:49:30 AM,15.97,48644.3,31.7443
4438,03/07/20 12:49:40 AM,15.97,48700.6,31.7855
4439,03/07/20 12:49:50 AM,15.98,48642.0,31.7426
4440,03/07/20 12:50:00 AM,15.98,48607.3,31.7173
4441,03/07/20 12:50:10 AM,15.97,48653.0,31.7506
4442,03/07/20 12:50:20 AM,15.97,48644.3,31.7443
4443,03/07/20 12:50:30 AM,15.98,48633.4,31.7363
4444,03/07/20 12:50:40 AM,15.98,48585.8,31.7015
4445,03/07/20 12:50:50 AM,15.98,48633.4,31.7363
4446,03/07/20 12:51:00 AM,15.98,48668.0,31.7616
4447,03/07/20 12:51:10 AM,16.00,48611.5,31.7203
4448,03/07/20 12:51:20 AM,16.00,48633.2,31.7361
4449,03/07/20 12:51:30 AM,15.98,48655.0,31.7521
4450,03/07/20 12:51:40 AM,16.00,48633.2,31.7361
4451,03/07/20 12:51:50 AM,16.00,48598.5,31.7108
4452,03/07/20 12:52:00 AM,16.00,48633.2,31.7361
4453,03/07/20 12:52:10 AM,16.00,48611.5,31.7203
4454,03/07/20 12:52:20 AM,16.00,48633.2,31.7361
4455,03/07/20 12:52:30 AM,16.02,48645.9,31.7455
4456,03/07/20 12:52:40 AM,16.02,48589.6,31.7043
4457,03/07/20 12:52:50 AM,16.01,48635.2,31.7377
4458,03/07/20 12:53:00 AM,16.02,48637.3,31.7392
4459,03/07/20 12:53:10 AM,16.01,48600.6,31.7123
4460,03/07/20 12:53:20 AM,16.01,48609.2,31.7187
4461,03/07/20 12:53:30 AM,16.01,48574.6,31.6933
4462,03/07/20 12:53:40 AM,16.00,48659.1,31.7551
4463,03/07/20 12:53:50 AM,16.00,48646.1,31.7456
4464,03/07/20 12:54:00 AM,16.00,48659.1,31.7551
4465,03/07/20 12:54:10 AM,16.01,48622.2,31.7282
4466,03/07/20 12:54:20 AM,16.01,48600.6,31.7123
4467,03/07/20 12:54:30 AM,16.02,48645.9,31.7455
4468,03/07/20 12:54:40 AM,16.01,48648.2,31.7472
4469,03/07/20 12:54:50 AM,16.01,48635.2,31.7377
4470,03/07/20 12:55:00 AM,16.02,48645.9,31.7455
4471,03/07/20 12:55:10 AM,16.02,48637.3,31.7392
4472,03/07/20 12:55:20 AM,16.02,48637.3,31.7392
4473,03/07/20 12:55:30 AM,16.03,48587.4,31.7027
4474,03/07/20 12:55:40 AM,16.02,48542.1,31.6696
4475,03/07/20 12:55:50 AM,16.02,48637.3,31.7392
4476,03/07/20 12:56:00 AM,16.02,48611.3,31.7202
4477,03/07/20 12:56:10 AM,16.03,48626.3,31.7312
4478,03/07/20 12:56:20 AM,16.02,48645.9,31.7455
4479,03/07/20 12:56:30 AM,16.02,48637.3,31.7392
4480,03/07/20 12:56:40 AM,16.02,48576.6,31.6949
4481,03/07/20 12:56:50 AM,16.02,48624.3,31.7297
4482,03/07/20 12:57:00 AM,16.03,48635.0,31.7375
4483,03/07/20 12:57:10 AM,16.03,48635.0,31.7375
4484,03/07/20 12:57:20 AM,16.03,48635.0,31.7375
4485,03/07/20 12:57:30 AM,16.03,48626.3,31.7312
4486,03/07/20 12:57:40 AM,16.02,48576.6,31.6949
4487,03/07/20 12:57:50 AM,16.02,48555.0,31.6790
4488,03/07/20 12:58:00 AM,16.03,48578.7,31.6964
4489,03/07/20 12:58:10 AM,16.03,48613.4,31.7217
4490,03/07/20 12:58:20 AM,16.03,48591.7,31.7059
4491,03/07/20 12:58:30 AM,16.02,48624.3,31.7297
4492,03/07/20 12:58:40 AM,16.02,48611.3,31.7202
4493,03/07/20 12:58:50 AM,16.02,48624.3,31.7297
4494,03/07/20 12:59:00 AM,16.02,48637.3,31.7392
4495,03/07/20 12:59:10 AM,16.02,48563.7,31.6854
4496,03/07/20 12:59:20 AM,16.03,48578.7,31.6964
4497,03/07/20 12:59:30 AM,16.02,48624.3,31.7297
4498,03/07/20 12:59:40 AM,16.03,48626.3,31.7312
4499,03/07/20 12:59:50 AM,16.03,48600.4,31.7122
4500,03/07/20 01:00:00 AM,16.03,48578.7,31.6964
4501,03/07/20 01:00:10 AM,16.02,48637.3,31.7392
4502,03/07/20 01:00:20 AM,16.03,48565.7,31.6869
4503,03/07/20 01:00:30 AM,16.03,48591.7,31.7059
4504,03/07/20 01:00:40 AM,16.03,48578.7,31.6964
4505,03/07/20 01:00:50 AM,16.03,48635.0,31.7375
4506,03/07/20 01:01:00 AM,16.03,48626.3,31.7312
4507,03/07/20 01:01:10 AM,16.03,48544.1,31.6711
4508,03/07/20 01:01:20 AM,16.02,48576.6,31.6949
4509,03/07/20 01:01:30 AM,16.02,48589.6,31.7043
4510,03/07/20 01:01:40 AM,16.02,48563.7,31.6854
4511,03/07/20 01:01:50 AM,16.02,48611.3,31.7202
4512,03/07/20 01:02:00 AM,16.03,48591.7,31.7059
4513,03/07/20 01:02:10 AM,16.03,48626.3,31.7312
4514,03/07/20 01:02:20 AM,16.03,48613.4,31.7217
4515,03/07/20 01:02:30 AM,16.02,48602.6,31.7138
4516,03/07/20 01:02:40 AM,16.02,48576.6,31.6949
4517,03/07/20 01:02:50 AM,16.03,48613.4,31.7217
4518,03/07/20 01:03:00 AM,16.05,48626.1,31.7310
4519,03/07/20 01:03:10 AM,16.05,48613.2,31.7215
4520,03/07/20 01:03:20 AM,16.03,48565.7,31.6869
4521,03/07/20 01:03:30 AM,16.03,48635.0,31.7375
4522,03/07/20 01:03:40 AM,16.02,48611.3,31.7202
4523,03/07/20 01:03:50 AM,16.02,48602.6,31.7138
4524,03/07/20 01:04:00 AM,16.03,48600.4,31.7122
4525,03/07/20 01:04:10 AM,16.03,48591.7,31.7059
4526,03/07/20 01:04:20 AM,16.03,48578.7,31.6964
4527,03/07/20 01:04:30 AM,16.03,48635.0,31.7375
4528,03/07/20 01:04:40 AM,16.05,48569.9,31.6899
4529,03/07/20 01:04:50 AM,16.05,48556.9,31.6804
4530,03/07/20 01:05:00 AM,16.05,48556.9,31.6804
4531,03/07/20 01:05:10 AM,16.05,48626.1,31.7310
4532,03/07/20 01:05:20 AM,16.05,48556.9,31.6804
4533,03/07/20 01:05:30 AM,16.05,48591.5,31.7057
4534,03/07/20 01:05:40 AM,16.05,48578.5,31.6962
4535,03/07/20 01:05:50 AM,16.06,48580.6,31.6977
4536,03/07/20 01:06:00 AM,16.06,48615.2,31.7230
4537,03/07/20 01:06:10 AM,16.05,48569.9,31.6899
4538,03/07/20 01:06:20 AM,16.05,48604.5,31.7152
4539,03/07/20 01:06:30 AM,16.05,48522.3,31.6551
4540,03/07/20 01:06:40 AM,16.05,48543.9,31.6709
4541,03/07/20 01:06:50 AM,16.05,48604.5,31.7152
4542,03/07/20 01:07:00 AM,16.05,48556.9,31.6804
4543,03/07/20 01:07:10 AM,16.05,48556.9,31.6804
4544,03/07/20 01:07:20 AM,16.06,48520.0,31.6535
4545,03/07/20 01:07:30 AM,16.06,48546.0,31.6725
4546,03/07/20 01:07:40 AM,16.05,48543.9,31.6709
4547,03/07/20 01:07:50 AM,16.05,48569.9,31.6899
4548,03/07/20 01:08:00 AM,16.05,48578.5,31.6962
4549,03/07/20 01:08:10 AM,16.06,48559.0,31.6819
4550,03/07/20 01:08:20 AM,16.06,48559.0,31.6819
4551,03/07/20 01:08:30 AM,16.06,48615.2,31.7230
4552,03/07/20 01:08:40 AM,16.05,48591.5,31.7057
4553,03/07/20 01:08:50 AM,16.06,48559.0,31.6819
4554,03/07/20 01:09:00 AM,16.06,48580.6,31.6977
4555,03/07/20 01:09:10 AM,16.06,48567.6,31.6883
4556,03/07/20 01:09:20 AM,16.06,48533.0,31.6630
4557,03/07/20 01:09:30 AM,16.06,48567.6,31.6883
4558,03/07/20 01:09:40 AM,16.06,48559.0,31.6819
4559,03/07/20 01:09:50 AM,16.06,48559.0,31.6819
4560,03/07/20 01:10:00 AM,16.06,48593.6,31.7072
4561,03/07/20 01:10:10 AM,16.06,48593.6,31.7072
4562,03/07/20 01:10:20 AM,16.06,48580.6,31.6977
4563,03/07/20 01:10:30 AM,16.06,48533.0,31.6630
4564,03/07/20 01:10:40 AM,16.06,48567.6,31.6883
4565,03/07/20 01:10:50 AM,16.06,48546.0,31.6725
4566,03/07/20 01:11:00 AM,16.06,48580.6,31.6977
4567,03/07/20 01:11:10 AM,16.06,48567.6,31.6883
4568,03/07/20 01:11:20 AM,16.06,48567.6,31.6883
4569,03/07/20 01:11:30 AM,16.07,48569.7,31.6898
4570,03/07/20 01:11:40 AM,16.07,48535.1,31.6645
4571,03/07/20 01:11:50 AM,16.08,48580.4,31.6976
4572,03/07/20 01:12:00 AM,16.07,48617.3,31.7245
4573,03/07/20 01:12:10 AM,16.08,48524.2,31.6565
4574,03/07/20 01:12:20 AM,16.07,48509.1,31.6455
4575,03/07/20 01:12:30 AM,16.07,48548.1,31.6740
4576,03/07/20 01:12:40 AM,16.07,48556.7,31.6803
4577,03/07/20 01:12:50 AM,16.06,48559.0,31.6819
4578,03/07/20 01:13:00 AM,16.07,48569.7,31.6898
4579,03/07/20 01:13:10 AM,16.07,48582.7,31.6993
4580,03/07/20 01:13:20 AM,16.07,48569.7,31.6898
4581,03/07/20 01:13:30 AM,16.06,48520.0,31.6535
4582,03/07/20 01:13:40 AM,16.06,48567.6,31.6883
4583,03/07/20 01:13:50 AM,16.06,48559.0,31.6819
4584,03/07/20 01:14:00 AM,16.06,48567.6,31.6883
4585,03/07/20 01:14:10 AM,16.06,48593.6,31.7072
4586,03/07/20 01:14:20 AM,16.06,48580.6,31.6977
4587,03/07/20 01:14:30 AM,16.05,48530.9,31.6615
4588,03/07/20 01:14:40 AM,16.05,48578.5,31.6962
4589,03/07/20 01:14:50 AM,16.05,48556.9,31.6804
4590,03/07/20 01:15:00 AM,16.05,48530.9,31.6615
4591,03/07/20 01:15:10 AM,16.05,48569.9,31.6899
4592,03/07/20 01:15:20 AM,16.05,48543.9,31.6709
4593,03/07/20 01:15:30 AM,16.05,48556.9,31.6804
4594,03/07/20 01:15:40 AM,16.05,48591.5,31.7057
4595,03/07/20 01:15:50 AM,16.05,48578.5,31.6962
4596,03/07/20 01:16:00 AM,16.05,48556.9,31.6804
4597,03/07/20 01:16:10 AM,16.06,48559.0,31.6819
4598,03/07/20 01:16:20 AM,16.06,48520.0,31.6535
4599,03/07/20 01:16:30 AM,16.06,48567.6,31.6883
4600,03/07/20 01:16:40 AM,16.06,48567.6,31.6883
4601,03/07/20 01:16:50 AM,16.06,48567.6,31.6883
4602,03/07/20 01:17:00 AM,16.07,48522.1,31.6550
4603,03/07/20 01:17:10 AM,16.07,48582.7,31.6993
4604,03/07/20 01:17:20 AM,16.07,48556.7,31.6803
4605,03/07/20 01:17:30 AM,16.07,48582.7,31.6993
4606,03/07/20 01:17:40 AM,16.07,48556.7,31.6803
4607,03/07/20 01:17:50 AM,16.06,48580.6,31.6977
4608,03/07/20 01:18:00 AM,16.07,48582.7,31.6993
4609,03/07/20 01:18:10 AM,16.07,48591.3,31.7056
4610,03/07/20 01:18:20 AM,16.08,48593.4,31.7071
4611,03/07/20 01:18:30 AM,16.07,48548.1,31.6740
4612,03/07/20 01:18:40 AM,16.07,48556.7,31.6803
4613,03/07/20 01:18:50 AM,16.07,48604.3,31.7151
4614,03/07/20 01:19:00 AM,16.06,48580.6,31.6977
4615,03/07/20 01:19:10 AM,16.06,48602.2,31.7136
4616,03/07/20 01:19:20 AM,16.07,48591.3,31.7056
4617,03/07/20 01:19:30 AM,16.06,48593.6,31.7072
4618,03/07/20 01:19:40 AM,16.07,48591.3,31.7056
4619,03/07/20 01:19:50 AM,16.06,48533.0,31.6630
4620,03/07/20 01:20:00 AM,16.06,48580.6,31.6977
4621,03/07/20 01:20:10 AM,16.06,48559.0,31.6819
4622,03/07/20 01:20:20 AM,16.06,48593.6,31.7072
4623,03/07/20 01:20:30 AM,16.06,48533.0,31.6630
4624,03/07/20 01:20:40 AM,16.06,48615.2,31.7230
4625,03/07/20 01:20:50 AM,16.06,48498.5,31.6378
4626,03/07/20 01:21:00 AM,16.06,48559.0,31.6819
4627,03/07/20 01:21:10 AM,16.07,48548.1,31.6740
4628,03/07/20 01:21:20 AM,16.07,48569.7,31.6898
4629,03/07/20 01:21:30 AM,16.07,48556.7,31.6803
4630,03/07/20 01:21:40 AM,16.07,48582.7,31.6993
4631,03/07/20 01:21:50 AM,16.07,48582.7,31.6993
4632,03/07/20 01:22:00 AM,16.06,48559.0,31.6819
4633,03/07/20 01:22:10 AM,16.07,48548.1,31.6740
4634,03/07/20 01:22:20 AM,16.07,48556.7,31.6803
4635,03/07/20 01:22:30 AM,16.06,48593.6,31.7072
4636,03/07/20 01:22:40 AM,16.07,48548.1,31.6740
4637,03/07/20 01:22:50 AM,16.07,48556.7,31.6803
4638,03/07/20 01:23:00 AM,16.07,48582.7,31.6993
4639,03/07/20 01:23:10 AM,16.07,48569.7,31.6898
4640,03/07/20 01:23:20 AM,16.06,48546.0,31.6725
4641,03/07/20 01:23:30 AM,16.06,48567.6,31.6883
4642,03/07/20 01:23:40 AM,16.07,48582.7,31.6993
4643,03/07/20 01:23:50 AM,16.07,48548.1,31.6740
4644,03/07/20 01:24:00 AM,16.07,48535.1,31.6645
4645,03/07/20 01:24:10 AM,16.07,48556.7,31.6803
4646,03/07/20 01:24:20 AM,16.07,48548.1,31.6740
4647,03/07/20 01:24:30 AM,16.07,48591.3,31.7056
4648,03/07/20 01:24:40 AM,16.07,48522.1,31.6550
4649,03/07/20 01:24:50 AM,16.07,48535.1,31.6645
4650,03/07/20 01:25:00 AM,16.07,48522.1,31.6550
4651,03/07/20 01:25:10 AM,16.07,48569.7,31.6898
4652,03/07/20 01:25:20 AM,16.07,48582.7,31.6993
4653,03/07/20 01:25:30 AM,16.07,48556.7,31.6803
4654,03/07/20 01:25:40 AM,16.07,48535.1,31.6645
4655,03/07/20 01:25:50 AM,16.07,48556.7,31.6803
4656,03/07/20 01:26:00 AM,16.07,48535.1,31.6645
4657,03/07/20 01:26:10 AM,16.07,48569.7,31.6898
4658,03/07/20 01:26:20 AM,16.07,48582.7,31.6993
4659,03/07/20 01:26:30 AM,16.07,48556.7,31.6803
4660,03/07/20 01:26:40 AM,16.07,48487.6,31.6298
4661,03/07/20 01:26:50 AM,16.07,48556.7,31.6803
4662,03/07/20 01:27:00 AM,16.07,48556.7,31.6803
4663,03/07/20 01:27:10 AM,16.07,48535.1,31.6645
4664,03/07/20 01:27:20 AM,16.07,48548.1,31.6740
4665,03/07/20 01:27:30 AM,16.07,48513.5,31.6487
4666,03/07/20 01:27:40 AM,16.07,48582.7,31.6993
4667,03/07/20 01:27:50 AM,16.06,48559.0,31.6819
4668,03/07/20 01:28:00 AM,16.07,48548.1,31.6740
4669,03/07/20 01:28:10 AM,16.06,48546.0,31.6725
4670,03/07/20 01:28:20 AM,16.06,48580.6,31.6977
4671,03/07/20 01:28:30 AM,16.06,48498.5,31.6378
4672,03/07/20 01:28:40 AM,16.06,48533.0,31.6630
4673,03/07/20 01:28:50 AM,16.06,48559.0,31.6819
4674,03/07/20 01:29:00 AM,16.06,48593.6,31.7072
4675,03/07/20 01:29:10 AM,16.06,48546.0,31.6725
4676,03/07/20 01:29:20 AM,16.07,48500.5,31.6392
4677,03/07/20 01:29:30 AM,16.07,48522.1,31.6550
4678,03/07/20 01:29:40 AM,16.06,48511.4,31.6472
4679,03/07/20 01:29:50 AM,16.06,48546.0,31.6725
4680,03/07/20 01:30:00 AM,16.06,48533.0,31.6630
4681,03/07/20 01:30:10 AM,16.06,48533.0,31.6630
4682,03/07/20 01:30:20 AM,16.06,48559.0,31.6819
4683,03/07/20 01:30:30 AM,16.06,48546.0,31.6725
4684,03/07/20 01:30:40 AM,16.06,48593.6,31.7072
4685,03/07/20 01:30:50 AM,16.06,48546.0,31.6725
4686,03/07/20 01:31:00 AM,16.06,48524.4,31.6566
4687,03/07/20 01:31:10 AM,16.07,48556.7,31.6803
4688,03/07/20 01:31:20 AM,16.06,48567.6,31.6883
4689,03/07/20 01:31:30 AM,16.06,48559.0,31.6819
4690,03/07/20 01:31:40 AM,16.06,48606.6,31.7167
4691,03/07/20 01:31:50 AM,16.07,48556.7,31.6803
4692,03/07/20 01:32:00 AM,16.06,48559.0,31.6819
4693,03/07/20 01:32:10 AM,16.06,48559.0,31.6819
4694,03/07/20 01:32:20 AM,16.07,48522.1,31.6550
4695,03/07/20 01:32:30 AM,16.07,48522.1,31.6550
4696,03/07/20 01:32:40 AM,16.07,48556.7,31.6803
4697,03/07/20 01:32:50 AM,16.07,48535.1,31.6645
4698,03/07/20 01:33:00 AM,16.06,48559.0,31.6819
4699,03/07/20 01:33:10 AM,16.07,48548.1,31.6740
4700,03/07/20 01:33:20 AM,16.06,48559.0,31.6819
4701,03/07/20 01:33:30 AM,16.06,48546.0,31.6725
4702,03/07/20 01:33:40 AM,16.06,48511.4,31.6472
4703,03/07/20 01:33:50 AM,16.06,48546.0,31.6725
4704,03/07/20 01:34:00 AM,16.07,48535.1,31.6645
4705,03/07/20 01:34:10 AM,16.06,48546.0,31.6725
4706,03/07/20 01:34:20 AM,16.06,48580.6,31.6977
4707,03/07/20 01:34:30 AM,16.06,48533.0,31.6630
4708,03/07/20 01:34:40 AM,16.07,48479.0,31.6235
4709,03/07/20 01:34:50 AM,16.06,48524.4,31.6566
4710,03/07/20 01:35:00 AM,16.06,48533.0,31.6630
4711,03/07/20 01:35:10 AM,16.06,48559.0,31.6819
4712,03/07/20 01:35:20 AM,16.07,48513.5,31.6487
4713,03/07/20 01:35:30 AM,16.06,48524.4,31.6566
4714,03/07/20 01:35:40 AM,16.06,48511.4,31.6472
4715,03/07/20 01:35:50 AM,16.06,48511.4,31.6472
4716,03/07/20 01:36:00 AM,16.07,48535.1,31.6645
4717,03/07/20 01:36:10 AM,16.06,48580.6,31.6977
4718,03/07/20 01:36:20 AM,16.06,48524.4,31.6566
4719,03/07/20 01:36:30 AM,16.06,48546.0,31.6725
4720,03/07/20 01:36:40 AM,16.06,48533.0,31.6630
4721,03/07/20 01:36:50 AM,16.06,48567.6,31.6883
4722,03/07/20 01:37:00 AM,16.06,48546.0,31.6725
4723,03/07/20 01:37:10 AM,16.06,48533.0,31.6630
4724,03/07/20 01:37:20 AM,16.07,48548.1,31.6740
4725,03/07/20 01:37:30 AM,16.07,48582.7,31.6993
4726,03/07/20 01:37:40 AM,16.06,48593.6,31.7072
4727,03/07/20 01:37:50 AM,16.06,48580.6,31.6977
4728,03/07/20 01:38:00 AM,16.06,48559.0,31.6819
4729,03/07/20 01:38:10 AM,16.06,48559.0,31.6819
4730,03/07/20 01:38:20 AM,16.07,48582.7,31.6993
4731,03/07/20 01:38:30 AM,16.06,48580.6,31.6977
4732,03/07/20 01:38:40 AM,16.06,48580.6,31.6977
4733,03/07/20 01:38:50 AM,16.06,48567.6,31.6883
4734,03/07/20 01:39:00 AM,16.06,48567.6,31.6883
4735,03/07/20 01:39:10 AM,16.07,48535.1,31.6645
4736,03/07/20 01:39:20 AM,16.06,48606.6,31.7167
4737,03/07/20 01:39:30 AM,16.06,48606.6,31.7167
4738,03/07/20 01:39:40 AM,16.06,48606.6,31.7167
4739,03/07/20 01:39:50 AM,16.06,48559.0,31.6819
4740,03/07/20 01:40:00 AM,16.06,48567.6,31.6883
4741,03/07/20 01:40:10 AM,16.06,48559.0,31.6819
4742,03/07/20 01:40:20 AM,16.06,48567.6,31.6883
4743,03/07/20 01:40:30 AM,16.06,48580.6,31.6977
4744,03/07/20 01:40:40 AM,16.06,48546.0,31.6725
4745,03/07/20 01:40:50 AM,16.06,48567.6,31.6883
4746,03/07/20 01:41:00 AM,16.06,48580.6,31.6977
4747,03/07/20 01:41:10 AM,16.06,48593.6,31.7072
4748,03/07/20 01:41:20 AM,16.06,48546.0,31.6725
4749,03/07/20 01:41:30 AM,16.06,48593.6,31.7072
4750,03/07/20 01:41:40 AM,16.06,48533.0,31.6630
4751,03/07/20 01:41:50 AM,16.06,48546.0,31.6725
4752,03/07/20 01:42:00 AM,16.06,48546.0,31.6725
4753,03/07/20 01:42:10 AM,16.06,48546.0,31.6725
4754,03/07/20 01:42:20 AM,16.06,48606.6,31.7167
4755,03/07/20 01:42:30 AM,16.06,48546.0,31.6725
4756,03/07/20 01:42:40 AM,16.06,48524.4,31.6566
4757,03/07/20 01:42:50 AM,16.06,48567.6,31.6883
4758,03/07/20 01:43:00 AM,16.06,48546.0,31.6725
4759,03/07/20 01:43:10 AM,16.06,48580.6,31.6977
4760,03/07/20 01:43:20 AM,16.06,48559.0,31.6819
4761,03/07/20 01:43:30 AM,16.06,48524.4,31.6566
4762,03/07/20 01:43:40 AM,16.06,48524.4,31.6566
4763,03/07/20 01:43:50 AM,16.06,48559.0,31.6819
4764,03/07/20 01:44:00 AM,16.06,48580.6,31.6977
4765,03/07/20 01:44:10 AM,16.06,48559.0,31.6819
4766,03/07/20 01:44:20 AM,16.06,48559.0,31.6819
4767,03/07/20 01:44:30 AM,16.06,48559.0,31.6819
4768,03/07/20 01:44:40 AM,16.06,48546.0,31.6725
4769,03/07/20 01:44:50 AM,16.06,48593.6,31.7072
4770,03/07/20 01:45:00 AM,16.06,48546.0,31.6725
4771,03/07/20 01:45:10 AM,16.06,48593.6,31.7072
4772,03/07/20 01:45:20 AM,16.06,48572.0,31.6914
4773,03/07/20 01:45:30 AM,16.06,48546.0,31.6725
4774,03/07/20 01:45:40 AM,16.06,48572.0,31.6914
4775,03/07/20 01:45:50 AM,16.06,48572.0,31.6914
4776,03/07/20 01:46:00 AM,16.06,48559.0,31.6819
4777,03/07/20 01:46:10 AM,16.06,48572.0,31.6914
4778,03/07/20 01:46:20 AM,16.06,48572.0,31.6914
4779,03/07/20 01:46:30 AM,16.06,48559.0,31.6819
4780,03/07/20 01:46:40 AM,16.06,48572.0,31.6914
4781,03/07/20 01:46:50 AM,16.06,48580.6,31.6977
4782,03/07/20 01:47:00 AM,16.06,48606.6,31.7167
4783,03/07/20 01:47:10 AM,16.06,48559.0,31.6819
4784,03/07/20 01:47:20 AM,16.06,48546.0,31.6725
4785,03/07/20 01:47:30 AM,16.06,48580.6,31.6977
4786,03/07/20 01:47:40 AM,16.06,48546.0,31.6725
4787,03/07/20 01:47:50 AM,16.06,48524.4,31.6566
4788,03/07/20 01:48:00 AM,16.06,48572.0,31.6914
4789,03/07/20 01:48:10 AM,16.06,48533.0,31.6630
4790,03/07/20 01:48:20 AM,16.06,48511.4,31.6472
4791,03/07/20 01:48:30 AM,16.06,48580.6,31.6977
4792,03/07/20 01:48:40 AM,16.06,48546.0,31.6725
4793,03/07/20 01:48:50 AM,16.06,48580.6,31.6977
4794,03/07/20 01:49:00 AM,16.06,48546.0,31.6725
4795,03/07/20 01:49:10 AM,16.06,48593.6,31.7072
4796,03/07/20 01:49:20 AM,16.06,48593.6,31.7072
4797,03/07/20 01:49:30 AM,16.06,48511.4,31.6472
4798,03/07/20 01:49:40 AM,16.06,48559.0,31.6819
4799,03/07/20 01:49:50 AM,16.06,48559.0,31.6819
4800,03/07/20 01:50:00 AM,16.06,48489.9,31.6314
4801,03/07/20 01:50:10 AM,16.06,48559.0,31.6819
4802,03/07/20 01:50:20 AM,16.06,48533.0,31.6630
4803,03/07/20 01:50:30 AM,16.06,48546.0,31.6725
4804,03/07/20 01:50:40 AM,16.05,48569.9,31.6899
4805,03/07/20 01:50:50 AM,16.06,48546.0,31.6725
4806,03/07/20 01:51:00 AM,16.06,48524.4,31.6566
4807,03/07/20 01:51:10 AM,16.06,48559.0,31.6819
4808,03/07/20 01:51:20 AM,16.06,48533.0,31.6630
4809,03/07/20 01:51:30 AM,16.06,48546.0,31.6725
4810,03/07/20 01:51:40 AM,16.06,48533.0,31.6630
4811,03/07/20 01:51:50 AM,16.06,48546.0,31.6725
4812,03/07/20 01:52:00 AM,16.06,48524.4,31.6566
4813,03/07/20 01:52:10 AM,16.06,48546.0,31.6725
4814,03/07/20 01:52:20 AM,16.06,48559.0,31.6819
4815,03/07/20 01:52:30 AM,16.05,48509.4,31.6457
4816,03/07/20 01:52:40 AM,16.06,48572.0,31.6914
4817,03/07/20 01:52:50 AM,16.06,48533.0,31.6630
4818,03/07/20 01:53:00 AM,16.06,48593.6,31.7072
4819,03/07/20 01:53:10 AM,16.06,48572.0,31.6914
4820,03/07/20 01:53:20 AM,16.05,48604.5,31.7152
4821,03/07/20 01:53:30 AM,16.05,48569.9,31.6899
4822,03/07/20 01:53:40 AM,16.05,48543.9,31.6709
4823,03/07/20 01:53:50 AM,16.06,48546.0,31.6725
4824,03/07/20 01:54:00 AM,16.06,48572.0,31.6914
4825,03/07/20 01:54:10 AM,16.06,48533.0,31.6630
4826,03/07/20 01:54:20 AM,16.05,48543.9,31.6709
4827,03/07/20 01:54:30 AM,16.05,48569.9,31.6899
4828,03/07/20 01:54:40 AM,16.05,48522.3,31.6551
4829,03/07/20 01:54:50 AM,16.06,48559.0,31.6819
4830,03/07/20 01:55:00 AM,16.06,48546.0,31.6725
4831,03/07/20 01:55:10 AM,16.06,48524.4,31.6566
4832,03/07/20 01:55:20 AM,16.05,48582.9,31.6994
4833,03/07/20 01:55:30 AM,16.06,48559.0,31.6819
4834,03/07/20 01:55:40 AM,16.05,48509.4,31.6457
4835,03/07/20 01:55:50 AM,16.06,48533.0,31.6630
4836,03/07/20 01:56:00 AM,16.05,48569.9,31.6899
4837,03/07/20 01:56:10 AM,16.05,48522.3,31.6551
4838,03/07/20 01:56:20 AM,16.05,48582.9,31.6994
4839,03/07/20 01:56:30 AM,16.05,48522.3,31.6551
4840,03/07/20 01:56:40 AM,16.05,48543.9,31.6709
4841,03/07/20 01:56:50 AM,16.06,48572.0,31.6914
4842,03/07/20 01:57:00 AM,16.06,48511.4,31.6472
4843,03/07/20 01:57:10 AM,16.06,48511.4,31.6472
4844,03/07/20 01:57:20 AM,16.05,48556.9,31.6804
4845,03/07/20 01:57:30 AM,16.05,48582.9,31.6994
4846,03/07/20 01:57:40 AM,16.05,48556.9,31.6804
4847,03/07/20 01:57:50 AM,16.05,48543.9,31.6709
4848,03/07/20 01:58:00 AM,16.05,48535.3,31.6646
4849,03/07/20 01:58:10 AM,16.05,48591.5,31.7057
4850,03/07/20 01:58:20 AM,16.06,48546.0,31.6725
4851,03/07/20 01:58:30 AM,16.05,48591.5,31.7057
4852,03/07/20 01:58:40 AM,16.06,48498.5,31.6378
4853,03/07/20 01:58:50 AM,16.06,48537.3,31.6661
4854,03/07/20 01:59:00 AM,16.06,48546.0,31.6725
4855,03/07/20 01:59:10 AM,16.05,48582.9,31.6994
4856,03/07/20 01:59:20 AM,16.05,48556.9,31.6804
4857,03/07/20 01:59:30 AM,16.05,48522.3,31.6551
4858,03/07/20 01:59:40 AM,16.05,48535.3,31.6646
4859,03/07/20 01:59:50 AM,16.05,48500.8,31.6394
4860,03/07/20 02:00:00 AM,16.05,48487.8,31.6299
4861,03/07/20 02:00:10 AM,16.06,48559.0,31.6819
4862,03/07/20 02:00:20 AM,16.05,48535.3,31.6646
4863,03/07/20 02:00:30 AM,16.05,48548.2,31.6741
4864,03/07/20 02:00:40 AM,16.05,48569.9,31.6899
4865,03/07/20 02:00:50 AM,16.06,48546.0,31.6725
4866,03/07/20 02:01:00 AM,16.05,48535.3,31.6646
4867,03/07/20 02:01:10 AM,16.05,48556.9,31.6804
4868,03/07/20 02:01:20 AM,16.05,48569.9,31.6899
4869,03/07/20 02:01:30 AM,16.05,48548.2,31.6741
4870,03/07/20 02:01:40 AM,16.06,48511.4,31.6472
4871,03/07/20 02:01:50 AM,16.05,48509.4,31.6457
4872,03/07/20 02:02:00 AM,16.06,48524.4,31.6566
4873,03/07/20 02:02:10 AM,16.05,48569.9,31.6899
4874,03/07/20 02:02:20 AM,16.06,48511.4,31.6472
4875,03/07/20 02:02:30 AM,16.06,48498.5,31.6378
4876,03/07/20 02:02:40 AM,16.05,48582.9,31.6994
4877,03/07/20 02:02:50 AM,16.06,48537.3,31.6661
4878,03/07/20 02:03:00 AM,16.06,48537.3,31.6661
4879,03/07/20 02:03:10 AM,16.05,48556.9,31.6804
4880,03/07/20 02:03:20 AM,16.06,48537.3,31.6661
4881,03/07/20 02:03:30 AM,16.05,48604.5,31.7152
4882,03/07/20 02:03:40 AM,16.05,48548.2,31.6741
4883,03/07/20 02:03:50 AM,16.06,48524.4,31.6566
4884,03/07/20 02:04:00 AM,16.06,48524.4,31.6566
4885,03/07/20 02:04:10 AM,16.05,48548.2,31.6741
4886,03/07/20 02:04:20 AM,16.05,48509.4,31.6457
4887,03/07/20 02:04:30 AM,16.05,48556.9,31.6804
4888,03/07/20 02:04:40 AM,16.05,48522.3,31.6551
4889,03/07/20 02:04:50 AM,16.06,48524.4,31.6566
4890,03/07/20 02:05:00 AM,16.05,48569.9,31.6899
4891,03/07/20 02:05:10 AM,16.06,48537.3,31.6661
4892,03/07/20 02:05:20 AM,16.05,48522.3,31.6551
4893,03/07/20 02:05:30 AM,16.06,48524.4,31.6566
4894,03/07/20 02:05:40 AM,16.05,48500.8,31.6394
4895,03/07/20 02:05:50 AM,16.05,48535.3,31.6646
4896,03/07/20 02:06:00 AM,16.06,48537.3,31.6661
4897,03/07/20 02:06:10 AM,16.05,48513.6,31.6488
4898,03/07/20 02:06:20 AM,16.05,48569.9,31.6899
4899,03/07/20 02:06:30 AM,16.06,48537.3,31.6661
4900,03/07/20 02:06:40 AM,16.05,48513.6,31.6488
4901,03/07/20 02:06:50 AM,16.05,48556.9,31.6804
4902,03/07/20 02:07:00 AM,16.05,48500.8,31.6394
4903,03/07/20 02:07:10 AM,16.05,48569.9,31.6899
4904,03/07/20 02:07:20 AM,16.06,48524.4,31.6566
4905,03/07/20 02:07:30 AM,16.06,48524.4,31.6566
4906,03/07/20 02:07:40 AM,16.05,48556.9,31.6804
4907,03/07/20 02:07:50 AM,16.06,48524.4,31.6566
4908,03/07/20 02:08:00 AM,16.06,48502.7,31.6408
4909,03/07/20 02:08:10 AM,16.05,48535.3,31.6646
4910,03/07/20 02:08:20 AM,16.05,48522.3,31.6551
4911,03/07/20 02:08:30 AM,16.06,48537.3,31.6661
4912,03/07/20 02:08:40 AM,16.05,48500.8,31.6394
4913,03/07/20 02:08:50 AM,16.06,48537.3,31.6661
4914,03/07/20 02:09:00 AM,16.05,48556.9,31.6804
4915,03/07/20 02:09:10 AM,16.06,48511.4,31.6472
4916,03/07/20 02:09:20 AM,16.05,48500.8,31.6394
4917,03/07/20 02:09:30 AM,16.05,48535.3,31.6646
4918,03/07/20 02:09:40 AM,16.05,48513.6,31.6488
4919,03/07/20 02:09:50 AM,16.05,48548.2,31.6741
4920,03/07/20 02:10:00 AM,16.05,48548.2,31.6741
4921,03/07/20 02:10:10 AM,16.05,48535.3,31.6646
4922,03/07/20 02:10:20 AM,16.05,48522.3,31.6551
4923,03/07/20 02:10:30 AM,16.05,48522.3,31.6551
4924,03/07/20 02:10:40 AM,16.05,48548.2,31.6741
4925,03/07/20 02:10:50 AM,16.05,48535.3,31.6646
4926,03/07/20 02:11:00 AM,16.05,48535.3,31.6646
4927,03/07/20 02:11:10 AM,16.05,48548.2,31.6741
4928,03/07/20 02:11:20 AM,16.05,48522.3,31.6551
4929,03/07/20 02:11:30 AM,16.05,48548.2,31.6741
4930,03/07/20 02:11:40 AM,16.05,48548.2,31.6741
4931,03/07/20 02:11:50 AM,16.05,48556.9,31.6804
4932,03/07/20 02:12:00 AM,16.05,48556.9,31.6804
4933,03/07/20 02:12:10 AM,16.05,48535.3,31.6646
4934,03/07/20 02:12:20 AM,16.05,48535.3,31.6646
4935,03/07/20 02:12:30 AM,16.05,48548.2,31.6741
4936,03/07/20 02:12:40 AM,16.05,48513.6,31.6488
4937,03/07/20 02:12:50 AM,16.05,48556.9,31.6804
4938,03/07/20 02:13:00 AM,16.05,48500.8,31.6394
4939,03/07/20 02:13:10 AM,16.05,48548.2,31.6741
4940,03/07/20 02:13:20 AM,16.05,48522.3,31.6551
4941,03/07/20 02:13:30 AM,16.06,48537.3,31.6661
4942,03/07/20 02:13:40 AM,16.05,48513.6,31.6488
4943,03/07/20 02:13:50 AM,16.05,48535.3,31.6646
4944,03/07/20 02:14:00 AM,16.05,48500.8,31.6394
4945,03/07/20 02:14:10 AM,16.05,48522.3,31.6551
4946,03/07/20 02:14:20 AM,16.05,48500.8,31.6394
4947,03/07/20 02:14:30 AM,16.05,48548.2,31.6741
4948,03/07/20 02:14:40 AM,16.05,48513.6,31.6488
4949,03/07/20 02:14:50 AM,16.05,48500.8,31.6394
4950,03/07/20 02:15:00 AM,16.05,48500.8,31.6394
4951,03/07/20 02:15:10 AM,16.05,48522.3,31.6551
4952,03/07/20 02:15:20 AM,16.05,48535.3,31.6646
4953,03/07/20 02:15:30 AM,16.05,48548.2,31.6741
4954,03/07/20 02:15:40 AM,16.05,48513.6,31.6488
4955,03/07/20 02:15:50 AM,16.05,48513.6,31.6488
4956,03/07/20 02:16:00 AM,16.06,48502.7,31.6408
4957,03/07/20 02:16:10 AM,16.05,48513.6,31.6488
4958,03/07/20 02:16:20 AM,16.06,48524.4,31.6566
4959,03/07/20 02:16:30 AM,16.05,48500.8,31.6394
4960,03/07/20 02:16:40 AM,16.05,48513.6,31.6488
4961,03/07/20 02:16:50 AM,16.05,48513.6,31.6488
4962,03/07/20 02:17:00 AM,16.05,48582.9,31.6994
4963,03/07/20 02:17:10 AM,16.05,48522.3,31.6551
4964,03/07/20 02:17:20 AM,16.05,48500.8,31.6394
4965,03/07/20 02:17:30 AM,16.05,48535.3,31.6646
4966,03/07/20 02:17:40 AM,16.05,48535.3,31.6646
4967,03/07/20 02:17:50 AM,16.05,48569.9,31.6899
4968,03/07/20 02:18:00 AM,16.05,48556.9,31.6804
4969,03/07/20 02:18:10 AM,16.05,48500.8,31.6394
4970,03/07/20 02:18:20 AM,16.05,48513.6,31.6488
4971,03/07/20 02:18:30 AM,16.05,48522.3,31.6551
4972,03/07/20 02:18:40 AM,16.05,48513.6,31.6488
4973,03/07/20 02:18:50 AM,16.05,48500.8,31.6394
4974,03/07/20 02:19:00 AM,16.05,48522.3,31.6551
4975,03/07/20 02:19:10 AM,16.05,48487.8,31.6299
4976,03/07/20 02:19:20 AM,16.05,48548.2,31.6741
4977,03/07/20 02:19:30 AM,16.05,48479.1,31.6236
4978,03/07/20 02:19:40 AM,16.05,48487.8,31.6299
4979,03/07/20 02:19:50 AM,16.05,48522.3,31.6551
4980,03/07/20 02:20:00 AM,16.05,48522.3,31.6551
4981,03/07/20 02:20:10 AM,16.05,48522.3,31.6551
4982,03/07/20 02:20:20 AM,16.05,48513.6,31.6488
4983,03/07/20 02:20:30 AM,16.05,48522.3,31.6551
4984,03/07/20 02:20:40 AM,16.05,48487.8,31.6299
4985,03/07/20 02:20:50 AM,16.05,48535.3,31.6646
4986,03/07/20 02:21:00 AM,16.05,48466.3,31.6142
4987,03/07/20 02:21:10 AM,16.05,48522.3,31.6551
4988,03/07/20 02:21:20 AM,16.05,48513.6,31.6488
4989,03/07/20 02:21:30 AM,16.05,48487.8,31.6299
4990,03/07/20 02:21:40 AM,16.05,48513.6,31.6488
4991,03/07/20 02:21:50 AM,16.05,48500.8,31.6394
4992,03/07/20 02:22:00 AM,16.05,48500.8,31.6394
4993,03/07/20 02:22:10 AM,16.05,48522.3,31.6551
4994,03/07/20 02:22:20 AM,16.05,48500.8,31.6394
4995,03/07/20 02:22:30 AM,16.05,48513.6,31.6488
4996,03/07/20 02:22:40 AM,16.05,48513.6,31.6488
4997,03/07/20 02:22:50 AM,16.05,48500.8,31.6394
4998,03/07/20 02:23:00 AM,16.05,48487.8,31.6299
4999,03/07/20 02:23:10 AM,16.05,48500.8,31.6394
5000,03/07/20 02:23:20 AM,16.05,48500.8,31.6394
5001,03/07/20 02:23:30 AM,16.05,48479.1,31.6236
5002,03/07/20 02:23:40 AM,16.05,48535.3,31.6646
5003,03/07/20 02:23:50 AM,16.05,48513.6,31.6488
5004,03/07/20 02:24:00 AM,16.05,48466.3,31.6142
5005,03/07/20 02:24:10 AM,16.05,48479.1,31.6236
5006,03/07/20 02:24:20 AM,16.05,48522.3,31.6551
5007,03/07/20 02:24:30 AM,16.05,48479.1,31.6236
5008,03/07/20 02:24:40 AM,16.05,48487.8,31.6299
5009,03/07/20 02:24:50 AM,16.03,48544.1,31.6711
5010,03/07/20 02:25:00 AM,16.05,48522.3,31.6551
5011,03/07/20 02:25:10 AM,16.05,48500.8,31.6394
5012,03/07/20 02:25:20 AM,16.05,48513.6,31.6488
5013,03/07/20 02:25:30 AM,16.05,48513.6,31.6488
5014,03/07/20 02:25:40 AM,16.05,48535.3,31.6646
5015,03/07/20 02:25:50 AM,16.05,48453.3,31.6047
5016,03/07/20 02:26:00 AM,16.05,48522.3,31.6551
5017,03/07/20 02:26:10 AM,16.05,48513.6,31.6488
5018,03/07/20 02:26:20 AM,16.05,48479.1,31.6236
5019,03/07/20 02:26:30 AM,16.05,48548.2,31.6741
5020,03/07/20 02:26:40 AM,16.03,48500.9,31.6395
5021,03/07/20 02:26:50 AM,16.05,48513.6,31.6488
5022,03/07/20 02:27:00 AM,16.05,48535.3,31.6646
5023,03/07/20 02:27:10 AM,16.05,48487.8,31.6299
5024,03/07/20 02:27:20 AM,16.05,48522.3,31.6551
5025,03/07/20 02:27:30 AM,16.05,48548.2,31.6741
5026,03/07/20 02:27:40 AM,16.05,48522.3,31.6551
5027,03/07/20 02:27:50 AM,16.05,48487.8,31.6299
5028,03/07/20 02:28:00 AM,16.05,48466.3,31.6142
5029,03/07/20 02:28:10 AM,16.05,48535.3,31.6646
5030,03/07/20 02:28:20 AM,16.05,48535.3,31.6646
5031,03/07/20 02:28:30 AM,16.05,48453.3,31.6047
5032,03/07/20 02:28:40 AM,16.05,48522.3,31.6551
5033,03/07/20 02:28:50 AM,16.05,48487.8,31.6299
5034,03/07/20 02:29:00 AM,16.05,48500.8,31.6394
5035,03/07/20 02:29:10 AM,16.05,48513.6,31.6488
5036,03/07/20 02:29:20 AM,16.05,48466.3,31.6142
5037,03/07/20 02:29:30 AM,16.05,48500.8,31.6394
5038,03/07/20 02:29:40 AM,16.05,48522.3,31.6551
5039,03/07/20 02:29:50 AM,16.05,48479.1,31.6236
5040,03/07/20 02:30:00 AM,16.05,48479.1,31.6236
5041,03/07/20 02:30:10 AM,16.05,48500.8,31.6394
5042,03/07/20 02:30:20 AM,16.05,48500.8,31.6394
5043,03/07/20 02:30:30 AM,16.05,48535.3,31.6646
5044,03/07/20 02:30:40 AM,16.05,48479.1,31.6236
5045,03/07/20 02:30:50 AM,16.05,48487.8,31.6299
5046,03/07/20 02:31:00 AM,16.05,48548.2,31.6741
5047,03/07/20 02:31:10 AM,16.05,48500.8,31.6394
5048,03/07/20 02:31:20 AM,16.05,48548.2,31.6741
5049,03/07/20 02:31:30 AM,16.05,48535.3,31.6646
5050,03/07/20 02:31:40 AM,16.05,48479.1,31.6236
5051,03/07/20 02:31:50 AM,16.05,48487.8,31.6299
5052,03/07/20 02:32:00 AM,16.05,48548.2,31.6741
5053,03/07/20 02:32:10 AM,16.05,48500.8,31.6394
5054,03/07/20 02:32:20 AM,16.05,48513.6,31.6488
5055,03/07/20 02:32:30 AM,16.05,48548.2,31.6741
5056,03/07/20 02:32:40 AM,16.05,48513.6,31.6488
5057,03/07/20 02:32:50 AM,16.05,48479.1,31.6236
5058,03/07/20 02:33:00 AM,16.05,48487.8,31.6299
5059,03/07/20 02:33:10 AM,16.03,48509.6,31.6458
5060,03/07/20 02:33:20 AM,16.05,48526.6,31.6583
5061,03/07/20 02:33:30 AM,16.05,48500.8,31.6394
5062,03/07/20 02:33:40 AM,16.05,48513.6,31.6488
5063,03/07/20 02:33:50 AM,16.05,48487.8,31.6299
5064,03/07/20 02:34:00 AM,16.05,48513.6,31.6488
5065,03/07/20 02:34:10 AM,16.05,48487.8,31.6299
5066,03/07/20 02:34:20 AM,16.05,48548.2,31.6741
5067,03/07/20 02:34:30 AM,16.05,48526.6,31.6583
5068,03/07/20 02:34:40 AM,16.05,48487.8,31.6299
5069,03/07/20 02:34:50 AM,16.05,48500.8,31.6394
5070,03/07/20 02:35:00 AM,16.05,48487.8,31.6299
5071,03/07/20 02:35:10 AM,16.05,48513.6,31.6488
5072,03/07/20 02:35:20 AM,16.05,48526.6,31.6583
5073,03/07/20 02:35:30 AM,16.05,48526.6,31.6583
5074,03/07/20 02:35:40 AM,16.05,48513.6,31.6488
5075,03/07/20 02:35:50 AM,16.05,48444.7,31.5985
5076,03/07/20 02:36:00 AM,16.05,48500.8,31.6394
5077,03/07/20 02:36:10 AM,16.05,48500.8,31.6394
5078,03/07/20 02:36:20 AM,16.05,48526.6,31.6583
5079,03/07/20 02:36:30 AM,16.05,48513.6,31.6488
5080,03/07/20 02:36:40 AM,16.05,48535.3,31.6646
5081,03/07/20 02:36:50 AM,16.05,48487.8,31.6299
5082,03/07/20 02:37:00 AM,16.05,48535.3,31.6646
5083,03/07/20 02:37:10 AM,16.05,48535.3,31.6646
5084,03/07/20 02:37:20 AM,16.05,48513.6,31.6488
5085,03/07/20 02:37:30 AM,16.05,48500.8,31.6394
5086,03/07/20 02:37:40 AM,16.05,48526.6,31.6583
5087,03/07/20 02:37:50 AM,16.05,48526.6,31.6583
5088,03/07/20 02:38:00 AM,16.05,48513.6,31.6488
5089,03/07/20 02:38:10 AM,16.05,48479.1,31.6236
5090,03/07/20 02:38:20 AM,16.05,48500.8,31.6394
5091,03/07/20 02:38:30 AM,16.05,48500.8,31.6394
5092,03/07/20 02:38:40 AM,16.05,48500.8,31.6394
5093,03/07/20 02:38:50 AM,16.05,48513.6,31.6488
5094,03/07/20 02:39:00 AM,16.05,48466.3,31.6142
5095,03/07/20 02:39:10 AM,16.05,48513.6,31.6488
5096,03/07/20 02:39:20 AM,16.05,48500.8,31.6394
5097,03/07/20 02:39:30 AM,16.05,48444.7,31.5985
5098,03/07/20 02:39:40 AM,16.05,48526.6,31.6583
5099,03/07/20 02:39:50 AM,16.05,48513.6,31.6488
5100,03/07/20 02:40:00 AM,16.05,48526.6,31.6583
5101,03/07/20 02:40:10 AM,16.05,48513.6,31.6488
5102,03/07/20 02:40:20 AM,16.05,48526.6,31.6583
5103,03/07/20 02:40:30 AM,16.05,48548.2,31.6741
5104,03/07/20 02:40:40 AM,16.05,48466.3,31.6142
5105,03/07/20 02:40:50 AM,16.05,48500.8,31.6394
5106,03/07/20 02:41:00 AM,16.05,48479.1,31.6236
5107,03/07/20 02:41:10 AM,16.05,48526.6,31.6583
5108,03/07/20 02:41:20 AM,16.05,48492.1,31.6331
5109,03/07/20 02:41:30 AM,16.05,48466.3,31.6142
5110,03/07/20 02:41:40 AM,16.05,48561.2,31.6836
5111,03/07/20 02:41:50 AM,16.05,48479.1,31.6236
5112,03/07/20 02:42:00 AM,16.05,48513.6,31.6488
5113,03/07/20 02:42:10 AM,16.05,48492.1,31.6331
5114,03/07/20 02:42:20 AM,16.05,48500.8,31.6394
5115,03/07/20 02:42:30 AM,16.05,48500.8,31.6394
5116,03/07/20 02:42:40 AM,16.05,48492.1,31.6331
5117,03/07/20 02:42:50 AM,16.03,48535.4,31.6647
5118,03/07/20 02:43:00 AM,16.05,48513.6,31.6488
5119,03/07/20 02:43:10 AM,16.05,48513.6,31.6488
5120,03/07/20 02:43:20 AM,16.05,48466.3,31.6142
5121,03/07/20 02:43:30 AM,16.05,48500.8,31.6394
5122,03/07/20 02:43:40 AM,16.05,48526.6,31.6583
5123,03/07/20 02:43:50 AM,16.05,48492.1,31.6331
5124,03/07/20 02:44:00 AM,16.05,48466.3,31.6142
5125,03/07/20 02:44:10 AM,16.05,48513.6,31.6488
5126,03/07/20 02:44:20 AM,16.05,48466.3,31.6142
5127,03/07/20 02:44:30 AM,16.03,48488.0,31.6301
5128,03/07/20 02:44:40 AM,16.05,48479.1,31.6236
5129,03/07/20 02:44:50 AM,16.05,48457.6,31.6079
5130,03/07/20 02:45:00 AM,16.05,48479.1,31.6236
5131,03/07/20 02:45:10 AM,16.05,48457.6,31.6079
5132,03/07/20 02:45:20 AM,16.05,48513.6,31.6488
5133,03/07/20 02:45:30 AM,16.05,48513.6,31.6488
5134,03/07/20 02:45:40 AM,16.05,48513.6,31.6488
5135,03/07/20 02:45:50 AM,16.05,48479.1,31.6236
5136,03/07/20 02:46:00 AM,16.05,48513.6,31.6488
5137,03/07/20 02:46:10 AM,16.05,48423.2,31.5828
5138,03/07/20 02:46:20 AM,16.05,48479.1,31.6236
5139,03/07/20 02:46:30 AM,16.05,48500.8,31.6394
5140,03/07/20 02:46:40 AM,16.05,48479.1,31.6236
5141,03/07/20 02:46:50 AM,16.05,48479.1,31.6236
5142,03/07/20 02:47:00 AM,16.05,48500.8,31.6394
5143,03/07/20 02:47:10 AM,16.05,48513.6,31.6488
5144,03/07/20 02:47:20 AM,16.05,48492.1,31.6331
5145,03/07/20 02:47:30 AM,16.05,48479.1,31.6236
5146,03/07/20 02:47:40 AM,16.05,48479.1,31.6236
5147,03/07/20 02:47:50 AM,16.05,48492.1,31.6331
5148,03/07/20 02:48:00 AM,16.05,48479.1,31.6236
5149,03/07/20 02:48:10 AM,16.05,48479.1,31.6236
5150,03/07/20 02:48:20 AM,16.05,48479.1,31.6236
5151,03/07/20 02:48:30 AM,16.05,48500.8,31.6394
5152,03/07/20 02:48:40 AM,16.05,48513.6,31.6488
5153,03/07/20 02:48:50 AM,16.05,48457.6,31.6079
5154,03/07/20 02:49:00 AM,16.05,48479.1,31.6236
5155,03/07/20 02:49:10 AM,16.05,48492.1,31.6331
5156,03/07/20 02:49:20 AM,16.05,48500.8,31.6394
5157,03/07/20 02:49:30 AM,16.05,48466.3,31.6142
5158,03/07/20 02:49:40 AM,16.05,48492.1,31.6331
5159,03/07/20 02:49:50 AM,16.03,48513.9,31.6490
5160,03/07/20 02:50:00 AM,16.05,48492.1,31.6331
5161,03/07/20 02:50:10 AM,16.05,48492.1,31.6331
5162,03/07/20 02:50:20 AM,16.05,48466.3,31.6142
5163,03/07/20 02:50:30 AM,16.05,48526.6,31.6583
5164,03/07/20 02:50:40 AM,16.05,48466.3,31.6142
5165,03/07/20 02:50:50 AM,16.05,48500.8,31.6394
5166,03/07/20 02:51:00 AM,16.05,48479.1,31.6236
5167,03/07/20 02:51:10 AM,16.05,48466.3,31.6142
5168,03/07/20 02:51:20 AM,16.05,48466.3,31.6142
5169,03/07/20 02:51:30 AM,16.05,48500.8,31.6394
5170,03/07/20 02:51:40 AM,16.05,48466.3,31.6142
5171,03/07/20 02:51:50 AM,16.05,48500.8,31.6394
5172,03/07/20 02:52:00 AM,16.05,48500.8,31.6394
5173,03/07/20 02:52:10 AM,16.05,48466.3,31.6142
5174,03/07/20 02:52:20 AM,16.05,48466.3,31.6142
5175,03/07/20 02:52:30 AM,16.05,48479.1,31.6236
5176,03/07/20 02:52:40 AM,16.05,48457.6,31.6079
5177,03/07/20 02:52:50 AM,16.03,48466.5,31.6144
5178,03/07/20 02:53:00 AM,16.05,48479.1,31.6236
5179,03/07/20 02:53:10 AM,16.05,48479.1,31.6236
5180,03/07/20 02:53:20 AM,16.05,48500.8,31.6394
5181,03/07/20 02:53:30 AM,16.05,48457.6,31.6079
5182,03/07/20 02:53:40 AM,16.05,48479.1,31.6236
5183,03/07/20 02:53:50 AM,16.05,48492.1,31.6331
5184,03/07/20 02:54:00 AM,16.05,48492.1,31.6331
5185,03/07/20 02:54:10 AM,16.05,48444.7,31.5985
5186,03/07/20 02:54:20 AM,16.05,48457.6,31.6079
5187,03/07/20 02:54:30 AM,16.05,48500.8,31.6394
5188,03/07/20 02:54:40 AM,16.05,48479.1,31.6236
5189,03/07/20 02:54:50 AM,16.05,48492.1,31.6331
5190,03/07/20 02:55:00 AM,16.05,48526.6,31.6583
5191,03/07/20 02:55:10 AM,16.03,48535.4,31.6647
5192,03/07/20 02:55:20 AM,16.05,48431.8,31.5890
5193,03/07/20 02:55:30 AM,16.05,48479.1,31.6236
5194,03/07/20 02:55:40 AM,16.05,48479.1,31.6236
5195,03/07/20 02:55:50 AM,16.05,48410.2,31.5733
5196,03/07/20 02:56:00 AM,16.05,48492.1,31.6331
5197,03/07/20 02:56:10 AM,16.05,48492.1,31.6331
5198,03/07/20 02:56:20 AM,16.05,48479.1,31.6236
5199,03/07/20 02:56:30 AM,16.05,48492.1,31.6331
5200,03/07/20 02:56:40 AM,16.05,48457.6,31.6079
5201,03/07/20 02:56:50 AM,16.05,48513.6,31.6488
5202,03/07/20 02:57:00 AM,16.05,48457.6,31.6079
5203,03/07/20 02:57:10 AM,16.05,48444.7,31.5985
5204,03/07/20 02:57:20 AM,16.05,48444.7,31.5985
5205,03/07/20 02:57:30 AM,16.05,48500.8,31.6394
5206,03/07/20 02:57:40 AM,16.05,48505.1,31.6426
5207,03/07/20 02:57:50 AM,16.05,48492.1,31.6331
5208,03/07/20 02:58:00 AM,16.05,48470.6,31.6174
5209,03/07/20 02:58:10 AM,16.05,48444.7,31.5985
5210,03/07/20 02:58:20 AM,16.05,48457.6,31.6079
5211,03/07/20 02:58:30 AM,16.05,48444.7,31.5985
5212,03/07/20 02:58:40 AM,16.05,48470.6,31.6174
5213,03/07/20 02:58:50 AM,16.03,48479.4,31.6238
5214,03/07/20 02:59:00 AM,16.05,48479.1,31.6236
5215,03/07/20 02:59:10 AM,16.05,48470.6,31.6174
5216,03/07/20 02:59:20 AM,16.03,48513.9,31.6490
5217,03/07/20 02:59:30 AM,16.05,48492.1,31.6331
5218,03/07/20 02:59:40 AM,16.03,48492.4,31.6333
5219,03/07/20 02:59:50 AM,16.05,48492.1,31.6331
5220,03/07/20 03:00:00 AM,16.05,48526.6,31.6583
5221,03/07/20 03:00:10 AM,16.03,48445.0,31.5987
5222,03/07/20 03:00:20 AM,16.05,48470.6,31.6174
5223,03/07/20 03:00:30 AM,16.03,48453.5,31.6049
5224,03/07/20 03:00:40 AM,16.03,48397.6,31.5641
5225,03/07/20 03:00:50 AM,16.03,48500.9,31.6395
5226,03/07/20 03:01:00 AM,16.03,48526.9,31.6585
5227,03/07/20 03:01:10 AM,16.03,48492.4,31.6333
5228,03/07/20 03:01:20 AM,16.03,48513.9,31.6490
5229,03/07/20 03:01:30 AM,16.03,48492.4,31.6333
5230,03/07/20 03:01:40 AM,16.03,48513.9,31.6490
5231,03/07/20 03:01:50 AM,16.03,48466.5,31.6144
5232,03/07/20 03:02:00 AM,16.03,48466.5,31.6144
5233,03/07/20 03:02:10 AM,16.05,48444.7,31.5985
5234,03/07/20 03:02:20 AM,16.05,48457.6,31.6079
5235,03/07/20 03:02:30 AM,16.03,48466.5,31.6144
5236,03/07/20 03:02:40 AM,16.03,48513.9,31.6490
5237,03/07/20 03:02:50 AM,16.03,48466.5,31.6144
5238,03/07/20 03:03:00 AM,16.03,48479.4,31.6238
5239,03/07/20 03:03:10 AM,16.03,48479.4,31.6238
5240,03/07/20 03:03:20 AM,16.03,48466.5,31.6144
5241,03/07/20 03:03:30 AM,16.03,48500.9,31.6395
5242,03/07/20 03:03:40 AM,16.03,48513.9,31.6490
5243,03/07/20 03:03:50 AM,16.03,48479.4,31.6238
5244,03/07/20 03:04:00 AM,16.03,48479.4,31.6238
5245,03/07/20 03:04:10 AM,16.03,48457.9,31.6081
5246,03/07/20 03:04:20 AM,16.03,48492.4,31.6333
5247,03/07/20 03:04:30 AM,16.03,48500.9,31.6395
5248,03/07/20 03:04:40 AM,16.03,48500.9,31.6395
5249,03/07/20 03:04:50 AM,16.03,48526.9,31.6585
5250,03/07/20 03:05:00 AM,16.03,48423.5,31.5829
5251,03/07/20 03:05:10 AM,16.03,48466.5,31.6144
5252,03/07/20 03:05:20 AM,16.03,48432.0,31.5892
5253,03/07/20 03:05:30 AM,16.03,48500.9,31.6395
5254,03/07/20 03:05:40 AM,16.03,48500.9,31.6395
5255,03/07/20 03:05:50 AM,16.03,48492.4,31.6333
5256,03/07/20 03:06:00 AM,16.03,48457.9,31.6081
5257,03/07/20 03:06:10 AM,16.03,48513.9,31.6490
5258,03/07/20 03:06:20 AM,16.03,48479.4,31.6238
5259,03/07/20 03:06:30 AM,16.03,48457.9,31.6081
5260,03/07/20 03:06:40 AM,16.03,48513.9,31.6490
5261,03/07/20 03:06:50 AM,16.03,48445.0,31.5987
5262,03/07/20 03:07:00 AM,16.03,48466.5,31.6144
5263,03/07/20 03:07:10 AM,16.03,48479.4,31.6238
5264,03/07/20 03:07:20 AM,16.03,48479.4,31.6238
5265,03/07/20 03:07:30 AM,16.03,48500.9,31.6395
5266,03/07/20 03:07:40 AM,16.03,48479.4,31.6238
5267,03/07/20 03:07:50 AM,16.03,48432.0,31.5892
5268,03/07/20 03:08:00 AM,16.03,48457.9,31.6081
5269,03/07/20 03:08:10 AM,16.03,48479.4,31.6238
5270,03/07/20 03:08:20 AM,16.03,48423.5,31.5829
5271,03/07/20 03:08:30 AM,16.03,48492.4,31.6333
5272,03/07/20 03:08:40 AM,16.03,48432.0,31.5892
5273,03/07/20 03:08:50 AM,16.03,48479.4,31.6238
5274,03/07/20 03:09:00 AM,16.03,48457.9,31.6081
5275,03/07/20 03:09:10 AM,16.05,48423.2,31.5828
5276,03/07/20 03:09:20 AM,16.03,48457.9,31.6081
5277,03/07/20 03:09:30 AM,16.03,48457.9,31.6081
5278,03/07/20 03:09:40 AM,16.03,48457.9,31.6081
5279,03/07/20 03:09:50 AM,16.03,48432.0,31.5892
5280,03/07/20 03:10:00 AM,16.03,48492.4,31.6333
5281,03/07/20 03:10:10 AM,16.03,48466.5,31.6144
5282,03/07/20 03:10:20 AM,16.03,48423.5,31.5829
5283,03/07/20 03:10:30 AM,16.03,48457.9,31.6081
5284,03/07/20 03:10:40 AM,16.03,48457.9,31.6081
5285,03/07/20 03:10:50 AM,16.03,48445.0,31.5987
5286,03/07/20 03:11:00 AM,16.03,48466.5,31.6144
5287,03/07/20 03:11:10 AM,16.03,48432.0,31.5892
5288,03/07/20 03:11:20 AM,16.03,48432.0,31.5892
5289,03/07/20 03:11:30 AM,16.03,48457.9,31.6081
5290,03/07/20 03:11:40 AM,16.03,48492.4,31.6333
5291,03/07/20 03:11:50 AM,16.03,48466.5,31.6144
5292,03/07/20 03:12:00 AM,16.03,48445.0,31.5987
5293,03/07/20 03:12:10 AM,16.03,48466.5,31.6144
5294,03/07/20 03:12:20 AM,16.03,48445.0,31.5987
5295,03/07/20 03:12:30 AM,16.03,48397.6,31.5641
5296,03/07/20 03:12:40 AM,16.03,48479.4,31.6238
5297,03/07/20 03:12:50 AM,16.03,48432.0,31.5892
5298,03/07/20 03:13:00 AM,16.03,48445.0,31.5987
5299,03/07/20 03:13:10 AM,16.03,48492.4,31.6333
5300,03/07/20 03:13:20 AM,16.03,48466.5,31.6144
5301,03/07/20 03:13:30 AM,16.03,48432.0,31.5892
5302,03/07/20 03:13:40 AM,16.03,48423.5,31.5829
5303,03/07/20 03:13:50 AM,16.03,48432.0,31.5892
5304,03/07/20 03:14:00 AM,16.03,48457.9,31.6081
5305,03/07/20 03:14:10 AM,16.03,48479.4,31.6238
5306,03/07/20 03:14:20 AM,16.03,48432.0,31.5892
5307,03/07/20 03:14:30 AM,16.03,48479.4,31.6238
5308,03/07/20 03:14:40 AM,16.03,48457.9,31.6081
5309,03/07/20 03:14:50 AM,16.02,48434.3,31.5909
5310,03/07/20 03:15:00 AM,16.03,48457.9,31.6081
5311,03/07/20 03:15:10 AM,16.02,48468.8,31.6160
5312,03/07/20 03:15:20 AM,16.03,48500.9,31.6395
5313,03/07/20 03:15:30 AM,16.02,48455.9,31.6066
5314,03/07/20 03:15:40 AM,16.03,48410.6,31.5736
5315,03/07/20 03:15:50 AM,16.02,48477.4,31.6224
5316,03/07/20 03:16:00 AM,16.03,48500.9,31.6395
5317,03/07/20 03:16:10 AM,16.03,48445.0,31.5987
5318,03/07/20 03:16:20 AM,16.03,48479.4,31.6238
5319,03/07/20 03:16:30 AM,16.03,48479.4,31.6238
5320,03/07/20 03:16:40 AM,16.03,48479.4,31.6238
5321,03/07/20 03:16:50 AM,16.03,48479.4,31.6238
5322,03/07/20 03:17:00 AM,16.02,48434.3,31.5909
5323,03/07/20 03:17:10 AM,16.03,48466.5,31.6144
5324,03/07/20 03:17:20 AM,16.02,48468.8,31.6160
5325,03/07/20 03:17:30 AM,16.02,48511.8,31.6475
5326,03/07/20 03:17:40 AM,16.03,48457.9,31.6081
5327,03/07/20 03:17:50 AM,16.03,48492.4,31.6333
5328,03/07/20 03:18:00 AM,16.02,48490.3,31.6318
5329,03/07/20 03:18:10 AM,16.03,48479.4,31.6238
5330,03/07/20 03:18:20 AM,16.03,48492.4,31.6333
5331,03/07/20 03:18:30 AM,16.03,48423.5,31.5829
5332,03/07/20 03:18:40 AM,16.03,48466.5,31.6144
5333,03/07/20 03:18:50 AM,16.03,48466.5,31.6144
5334,03/07/20 03:19:00 AM,16.02,48503.3,31.6412
5335,03/07/20 03:19:10 AM,16.03,48457.9,31.6081
5336,03/07/20 03:19:20 AM,16.03,48466.5,31.6144
5337,03/07/20 03:19:30 AM,16.03,48466.5,31.6144
5338,03/07/20 03:19:40 AM,16.03,48432.0,31.5892
5339,03/07/20 03:19:50 AM,16.03,48432.0,31.5892
5340,03/07/20 03:20:00 AM,16.03,48432.0,31.5892
5341,03/07/20 03:20:10 AM,16.03,48466.5,31.6144
5342,03/07/20 03:20:20 AM,16.03,48432.0,31.5892
5343,03/07/20 03:20:30 AM,16.03,48432.0,31.5892
5344,03/07/20 03:20:40 AM,16.03,48389.1,31.5578
5345,03/07/20 03:20:50 AM,16.03,48457.9,31.6081
5346,03/07/20 03:21:00 AM,16.03,48457.9,31.6081
5347,03/07/20 03:21:10 AM,16.03,48479.4,31.6238
5348,03/07/20 03:21:20 AM,16.03,48432.0,31.5892
5349,03/07/20 03:21:30 AM,16.03,48397.6,31.5641
5350,03/07/20 03:21:40 AM,16.03,48466.5,31.6144
5351,03/07/20 03:21:50 AM,16.03,48466.5,31.6144
5352,03/07/20 03:22:00 AM,16.03,48432.0,31.5892
5353,03/07/20 03:22:10 AM,16.03,48445.0,31.5987
5354,03/07/20 03:22:20 AM,16.03,48432.0,31.5892
5355,03/07/20 03:22:30 AM,16.03,48445.0,31.5987
5356,03/07/20 03:22:40 AM,16.03,48423.5,31.5829
5357,03/07/20 03:22:50 AM,16.03,48466.5,31.6144
5358,03/07/20 03:23:00 AM,16.03,48445.0,31.5987
5359,03/07/20 03:23:10 AM,16.02,48490.3,31.6318
5360,03/07/20 03:23:20 AM,16.03,48432.0,31.5892
5361,03/07/20 03:23:30 AM,16.03,48445.0,31.5987
5362,03/07/20 03:23:40 AM,16.03,48466.5,31.6144
5363,03/07/20 03:23:50 AM,16.03,48457.9,31.6081
5364,03/07/20 03:24:00 AM,16.03,48479.4,31.6238
5365,03/07/20 03:24:10 AM,16.03,48500.9,31.6395
5366,03/07/20 03:24:20 AM,16.02,48442.9,31.5971
5367,03/07/20 03:24:30 AM,16.03,48479.4,31.6238
5368,03/07/20 03:24:40 AM,16.03,48479.4,31.6238
5369,03/07/20 03:24:50 AM,16.03,48445.0,31.5987
5370,03/07/20 03:25:00 AM,16.03,48423.5,31.5829
5371,03/07/20 03:25:10 AM,16.03,48457.9,31.6081
5372,03/07/20 03:25:20 AM,16.03,48445.0,31.5987
5373,03/07/20 03:25:30 AM,16.03,48410.6,31.5736
5374,03/07/20 03:25:40 AM,16.03,48479.4,31.6238
5375,03/07/20 03:25:50 AM,16.03,48423.5,31.5829
5376,03/07/20 03:26:00 AM,16.02,48468.8,31.6160
5377,03/07/20 03:26:10 AM,16.03,48470.8,31.6176
5378,03/07/20 03:26:20 AM,16.03,48410.6,31.5736
5379,03/07/20 03:26:30 AM,16.03,48436.3,31.5923
5380,03/07/20 03:26:40 AM,16.03,48436.3,31.5923
5381,03/07/20 03:26:50 AM,16.03,48445.0,31.5987
5382,03/07/20 03:27:00 AM,16.03,48436.3,31.5923
5383,03/07/20 03:27:10 AM,16.03,48423.5,31.5829
5384,03/07/20 03:27:20 AM,16.03,48445.0,31.5987
5385,03/07/20 03:27:30 AM,16.03,48457.9,31.6081
5386,03/07/20 03:27:40 AM,16.03,48470.8,31.6176
5387,03/07/20 03:27:50 AM,16.02,48468.8,31.6160
5388,03/07/20 03:28:00 AM,16.03,48457.9,31.6081
5389,03/07/20 03:28:10 AM,16.03,48410.6,31.5736
5390,03/07/20 03:28:20 AM,16.03,48470.8,31.6176
5391,03/07/20 03:28:30 AM,16.03,48436.3,31.5923
5392,03/07/20 03:28:40 AM,16.03,48445.0,31.5987
5393,03/07/20 03:28:50 AM,16.03,48389.1,31.5578
5394,03/07/20 03:29:00 AM,16.03,48457.9,31.6081
5395,03/07/20 03:29:10 AM,16.03,48401.9,31.5672
5396,03/07/20 03:29:20 AM,16.03,48436.3,31.5923
5397,03/07/20 03:29:30 AM,16.02,48447.2,31.6003
5398,03/07/20 03:29:40 AM,16.03,48470.8,31.6176
5399,03/07/20 03:29:50 AM,16.03,48492.4,31.6333
5400,03/07/20 03:30:00 AM,16.03,48457.9,31.6081
5401,03/07/20 03:30:10 AM,16.03,48470.8,31.6176
5402,03/07/20 03:30:20 AM,16.02,48412.8,31.5752
5403,03/07/20 03:30:30 AM,16.03,48445.0,31.5987
5404,03/07/20 03:30:40 AM,16.03,48410.6,31.5736
5405,03/07/20 03:30:50 AM,16.03,48479.4,31.6238
5406,03/07/20 03:31:00 AM,16.03,48505.2,31.6427
5407,03/07/20 03:31:10 AM,16.03,48470.8,31.6176
5408,03/07/20 03:31:20 AM,16.03,48470.8,31.6176
5409,03/07/20 03:31:30 AM,16.03,48457.9,31.6081
5410,03/07/20 03:31:40 AM,16.03,48479.4,31.6238
5411,03/07/20 03:31:50 AM,16.03,48436.3,31.5923
5412,03/07/20 03:32:00 AM,16.03,48423.5,31.5829
5413,03/07/20 03:32:10 AM,16.03,48445.0,31.5987
5414,03/07/20 03:32:20 AM,16.03,48457.9,31.6081
5415,03/07/20 03:32:30 AM,16.03,48479.4,31.6238
5416,03/07/20 03:32:40 AM,16.03,48445.0,31.5987
5417,03/07/20 03:32:50 AM,16.03,48505.2,31.6427
5418,03/07/20 03:33:00 AM,16.03,48436.3,31.5923
5419,03/07/20 03:33:10 AM,16.03,48457.9,31.6081
5420,03/07/20 03:33:20 AM,16.03,48445.0,31.5987
5421,03/07/20 03:33:30 AM,16.03,48445.0,31.5987
5422,03/07/20 03:33:40 AM,16.03,48423.5,31.5829
5423,03/07/20 03:33:50 AM,16.05,48401.7,31.5671
5424,03/07/20 03:34:00 AM,16.03,48445.0,31.5987
5425,03/07/20 03:34:10 AM,16.03,48479.4,31.6238
5426,03/07/20 03:34:20 AM,16.03,48457.9,31.6081
5427,03/07/20 03:34:30 AM,16.03,48479.4,31.6238
5428,03/07/20 03:34:40 AM,16.03,48470.8,31.6176
5429,03/07/20 03:34:50 AM,16.03,48470.8,31.6176
5430,03/07/20 03:35:00 AM,16.03,48436.3,31.5923
5431,03/07/20 03:35:10 AM,16.03,48445.0,31.5987
5432,03/07/20 03:35:20 AM,16.03,48445.0,31.5987
5433,03/07/20 03:35:30 AM,16.03,48436.3,31.5923
5434,03/07/20 03:35:40 AM,16.03,48423.5,31.5829
5435,03/07/20 03:35:50 AM,16.03,48457.9,31.6081
5436,03/07/20 03:36:00 AM,16.03,48457.9,31.6081
5437,03/07/20 03:36:10 AM,16.03,48410.6,31.5736
5438,03/07/20 03:36:20 AM,16.03,48423.5,31.5829
5439,03/07/20 03:36:30 AM,16.03,48470.8,31.6176
5440,03/07/20 03:36:40 AM,16.03,48470.8,31.6176
5441,03/07/20 03:36:50 AM,16.03,48436.3,31.5923
5442,03/07/20 03:37:00 AM,16.03,48457.9,31.6081
5443,03/07/20 03:37:10 AM,16.03,48401.9,31.5672
5444,03/07/20 03:37:20 AM,16.03,48436.3,31.5923
5445,03/07/20 03:37:30 AM,16.03,48457.9,31.6081
5446,03/07/20 03:37:40 AM,16.03,48457.9,31.6081
5447,03/07/20 03:37:50 AM,16.03,48423.5,31.5829
5448,03/07/20 03:38:00 AM,16.03,48410.6,31.5736
5449,03/07/20 03:38:10 AM,16.03,48410.6,31.5736
5450,03/07/20 03:38:20 AM,16.03,48423.5,31.5829
5451,03/07/20 03:38:30 AM,16.03,48492.4,31.6333
5452,03/07/20 03:38:40 AM,16.03,48401.9,31.5672
5453,03/07/20 03:38:50 AM,16.03,48401.9,31.5672
5454,03/07/20 03:39:00 AM,16.03,48445.0,31.5987
5455,03/07/20 03:39:10 AM,16.05,48423.2,31.5828
5456,03/07/20 03:39:20 AM,16.03,48423.5,31.5829
5457,03/07/20 03:39:30 AM,16.03,48457.9,31.6081
5458,03/07/20 03:39:40 AM,16.03,48470.8,31.6176
5459,03/07/20 03:39:50 AM,16.03,48457.9,31.6081
5460,03/07/20 03:40:00 AM,16.03,48470.8,31.6176
5461,03/07/20 03:40:10 AM,16.03,48436.3,31.5923
5462,03/07/20 03:40:20 AM,16.03,48410.6,31.5736
5463,03/07/20 03:40:30 AM,16.03,48401.9,31.5672
5464,03/07/20 03:40:40 AM,16.03,48445.0,31.5987
5465,03/07/20 03:40:50 AM,16.03,48410.6,31.5736
5466,03/07/20 03:41:00 AM,16.03,48423.5,31.5829
5467,03/07/20 03:41:10 AM,16.03,48457.9,31.6081
5468,03/07/20 03:41:20 AM,16.03,48445.0,31.5987
5469,03/07/20 03:41:30 AM,16.03,48470.8,31.6176
5470,03/07/20 03:41:40 AM,16.05,48423.2,31.5828
5471,03/07/20 03:41:50 AM,16.03,48445.0,31.5987
5472,03/07/20 03:42:00 AM,16.03,48389.1,31.5578
5473,03/07/20 03:42:10 AM,16.03,48457.9,31.6081
5474,03/07/20 03:42:20 AM,16.03,48479.4,31.6238
5475,03/07/20 03:42:30 AM,16.03,48436.3,31.5923
5476,03/07/20 03:42:40 AM,16.03,48479.4,31.6238
5477,03/07/20 03:42:50 AM,16.03,48492.4,31.6333
5478,03/07/20 03:43:00 AM,16.03,48423.5,31.5829
5479,03/07/20 03:43:10 AM,16.03,48445.0,31.5987
5480,03/07/20 03:43:20 AM,16.03,48457.9,31.6081
5481,03/07/20 03:43:30 AM,16.03,48436.3,31.5923
5482,03/07/20 03:43:40 AM,16.03,48436.3,31.5923
5483,03/07/20 03:43:50 AM,16.03,48401.9,31.5672
5484,03/07/20 03:44:00 AM,16.03,48423.5,31.5829
5485,03/07/20 03:44:10 AM,16.03,48436.3,31.5923
5486,03/07/20 03:44:20 AM,16.03,48423.5,31.5829
5487,03/07/20 03:44:30 AM,16.03,48445.0,31.5987
5488,03/07/20 03:44:40 AM,16.03,48457.9,31.6081
5489,03/07/20 03:44:50 AM,16.03,48410.6,31.5736
5490,03/07/20 03:45:00 AM,16.03,48436.3,31.5923
5491,03/07/20 03:45:10 AM,16.03,48470.8,31.6176
5492,03/07/20 03:45:20 AM,16.03,48470.8,31.6176
5493,03/07/20 03:45:30 AM,16.03,48445.0,31.5987
5494,03/07/20 03:45:40 AM,16.02,48468.8,31.6160
5495,03/07/20 03:45:50 AM,16.03,48449.3,31.6018
5496,03/07/20 03:46:00 AM,16.03,48436.3,31.5923
5497,03/07/20 03:46:10 AM,16.03,48457.9,31.6081
5498,03/07/20 03:46:20 AM,16.03,48449.3,31.6018
5499,03/07/20 03:46:30 AM,16.03,48457.9,31.6081
5500,03/07/20 03:46:40 AM,16.03,48457.9,31.6081
5501,03/07/20 03:46:50 AM,16.03,48470.8,31.6176
5502,03/07/20 03:47:00 AM,16.02,48447.2,31.6003
5503,03/07/20 03:47:10 AM,16.03,48470.8,31.6176
5504,03/07/20 03:47:20 AM,16.03,48457.9,31.6081
5505,03/07/20 03:47:30 AM,16.03,48449.3,31.6018
5506,03/07/20 03:47:40 AM,16.03,48401.9,31.5672
5507,03/07/20 03:47:50 AM,16.03,48414.8,31.5766
5508,03/07/20 03:48:00 AM,16.03,48449.3,31.6018
5509,03/07/20 03:48:10 AM,16.03,48414.8,31.5766
5510,03/07/20 03:48:20 AM,16.03,48414.8,31.5766
5511,03/07/20 03:48:30 AM,16.03,48449.3,31.6018
5512,03/07/20 03:48:40 AM,16.03,48414.8,31.5766
5513,03/07/20 03:48:50 AM,16.03,48449.3,31.6018
5514,03/07/20 03:49:00 AM,16.03,48449.3,31.6018
5515,03/07/20 03:49:10 AM,16.02,48460.2,31.6098
5516,03/07/20 03:49:20 AM,16.03,48436.3,31.5923
5517,03/07/20 03:49:30 AM,16.03,48423.5,31.5829
5518,03/07/20 03:49:40 AM,16.03,48470.8,31.6176
5519,03/07/20 03:49:50 AM,16.03,48436.3,31.5923
5520,03/07/20 03:50:00 AM,16.03,48436.3,31.5923
5521,03/07/20 03:50:10 AM,16.03,48470.8,31.6176
5522,03/07/20 03:50:20 AM,16.03,48423.5,31.5829
5523,03/07/20 03:50:30 AM,16.03,48414.8,31.5766
5524,03/07/20 03:50:40 AM,16.03,48389.1,31.5578
5525,03/07/20 03:50:50 AM,16.03,48389.1,31.5578
5526,03/07/20 03:51:00 AM,16.03,48436.3,31.5923
5527,03/07/20 03:51:10 AM,16.03,48414.8,31.5766
5528,03/07/20 03:51:20 AM,16.03,48483.7,31.6270
5529,03/07/20 03:51:30 AM,16.03,48423.5,31.5829
5530,03/07/20 03:51:40 AM,16.03,48423.5,31.5829
5531,03/07/20 03:51:50 AM,16.03,48449.3,31.6018
5532,03/07/20 03:52:00 AM,16.03,48449.3,31.6018
5533,03/07/20 03:52:10 AM,16.03,48449.3,31.6018
5534,03/07/20 03:52:20 AM,16.03,48414.8,31.5766
5535,03/07/20 03:52:30 AM,16.03,48449.3,31.6018
5536,03/07/20 03:52:40 AM,16.03,48414.8,31.5766
5537,03/07/20 03:52:50 AM,16.03,48389.1,31.5578
5538,03/07/20 03:53:00 AM,16.03,48457.9,31.6081
5539,03/07/20 03:53:10 AM,16.03,48423.5,31.5829
5540,03/07/20 03:53:20 AM,16.03,48423.5,31.5829
5541,03/07/20 03:53:30 AM,16.03,48449.3,31.6018
5542,03/07/20 03:53:40 AM,16.03,48449.3,31.6018
5543,03/07/20 03:53:50 AM,16.03,48436.3,31.5923
5544,03/07/20 03:54:00 AM,16.03,48423.5,31.5829
5545,03/07/20 03:54:10 AM,16.03,48414.8,31.5766
5546,03/07/20 03:54:20 AM,16.03,48423.5,31.5829
5547,03/07/20 03:54:30 AM,16.03,48414.8,31.5766
5548,03/07/20 03:54:40 AM,16.03,48449.3,31.6018
5549,03/07/20 03:54:50 AM,16.03,48414.8,31.5766
5550,03/07/20 03:55:00 AM,16.03,48436.3,31.5923
5551,03/07/20 03:55:10 AM,16.03,48457.9,31.6081
5552,03/07/20 03:55:20 AM,16.03,48436.3,31.5923
5553,03/07/20 03:55:30 AM,16.03,48436.3,31.5923
5554,03/07/20 03:55:40 AM,16.03,48401.9,31.5672
5555,03/07/20 03:55:50 AM,16.03,48436.3,31.5923
5556,03/07/20 03:56:00 AM,16.03,48401.9,31.5672
5557,03/07/20 03:56:10 AM,16.03,48436.3,31.5923
5558,03/07/20 03:56:20 AM,16.03,48414.8,31.5766
5559,03/07/20 03:56:30 AM,16.02,48425.7,31.5846
5560,03/07/20 03:56:40 AM,16.03,48423.5,31.5829
5561,03/07/20 03:56:50 AM,16.03,48414.8,31.5766
5562,03/07/20 03:57:00 AM,16.03,48414.8,31.5766
5563,03/07/20 03:57:10 AM,16.03,48423.5,31.5829
5564,03/07/20 03:57:20 AM,16.02,48399.9,31.5658
5565,03/07/20 03:57:30 AM,16.03,48414.8,31.5766
5566,03/07/20 03:57:40 AM,16.03,48470.8,31.6176
5567,03/07/20 03:57:50 AM,16.03,48414.8,31.5766
5568,03/07/20 03:58:00 AM,16.03,48449.3,31.6018
5569,03/07/20 03:58:10 AM,16.03,48449.3,31.6018
5570,03/07/20 03:58:20 AM,16.02,48412.8,31.5752
5571,03/07/20 03:58:30 AM,16.03,48414.8,31.5766
5572,03/07/20 03:58:40 AM,16.03,48423.5,31.5829
5573,03/07/20 03:58:50 AM,16.03,48389.1,31.5578
5574,03/07/20 03:59:00 AM,16.03,48414.8,31.5766
5575,03/07/20 03:59:10 AM,16.03,48414.8,31.5766
5576,03/07/20 03:59:20 AM,16.03,48423.5,31.5829
5577,03/07/20 03:59:30 AM,16.03,48423.5,31.5829
5578,03/07/20 03:59:40 AM,16.03,48423.5,31.5829
5579,03/07/20 03:59:50 AM,16.03,48389.1,31.5578
5580,03/07/20 04:00:00 AM,16.03,48449.3,31.6018
5581,03/07/20 04:00:10 AM,16.03,48414.8,31.5766
5582,03/07/20 04:00:20 AM,16.03,48436.3,31.5923
5583,03/07/20 04:00:30 AM,16.03,48457.9,31.6081
5584,03/07/20 04:00:40 AM,16.03,48436.3,31.5923
5585,03/07/20 04:00:50 AM,16.03,48401.9,31.5672
5586,03/07/20 04:01:00 AM,16.03,48436.3,31.5923
5587,03/07/20 04:01:10 AM,16.03,48436.3,31.5923
5588,03/07/20 04:01:20 AM,16.03,48457.9,31.6081
5589,03/07/20 04:01:30 AM,16.03,48423.5,31.5829
5590,03/07/20 04:01:40 AM,16.03,48457.9,31.6081
5591,03/07/20 04:01:50 AM,16.03,48423.5,31.5829
5592,03/07/20 04:02:00 AM,16.05,48414.6,31.5765
5593,03/07/20 04:02:10 AM,16.03,48414.8,31.5766
5594,03/07/20 04:02:20 AM,16.03,48457.9,31.6081
5595,03/07/20 04:02:30 AM,16.03,48470.8,31.6176
5596,03/07/20 04:02:40 AM,16.03,48401.9,31.5672
5597,03/07/20 04:02:50 AM,16.03,48427.8,31.5861
5598,03/07/20 04:03:00 AM,16.03,48423.5,31.5829
5599,03/07/20 04:03:10 AM,16.03,48427.8,31.5861
5600,03/07/20 04:03:20 AM,16.03,48423.5,31.5829
5601,03/07/20 04:03:30 AM,16.03,48483.7,31.6270
5602,03/07/20 04:03:40 AM,16.03,48401.9,31.5672
5603,03/07/20 04:03:50 AM,16.03,48436.3,31.5923
5604,03/07/20 04:04:00 AM,16.03,48423.5,31.5829
5605,03/07/20 04:04:10 AM,16.03,48436.3,31.5923
5606,03/07/20 04:04:20 AM,16.03,48427.8,31.5861
5607,03/07/20 04:04:30 AM,16.03,48449.3,31.6018
5608,03/07/20 04:04:40 AM,16.03,48427.8,31.5861
5609,03/07/20 04:04:50 AM,16.03,48449.3,31.6018
5610,03/07/20 04:05:00 AM,16.03,48462.2,31.6112
5611,03/07/20 04:05:10 AM,16.03,48462.2,31.6112
5612,03/07/20 04:05:20 AM,16.03,48414.8,31.5766
5613,03/07/20 04:05:30 AM,16.03,48436.3,31.5923
5614,03/07/20 04:05:40 AM,16.03,48414.8,31.5766
5615,03/07/20 04:05:50 AM,16.03,48436.3,31.5923
5616,03/07/20 04:06:00 AM,16.03,48449.3,31.6018
5617,03/07/20 04:06:10 AM,16.03,48449.3,31.6018
5618,03/07/20 04:06:20 AM,16.03,48436.3,31.5923
5619,03/07/20 04:06:30 AM,16.03,48414.8,31.5766
5620,03/07/20 04:06:40 AM,16.03,48449.3,31.6018
5621,03/07/20 04:06:50 AM,16.03,48427.8,31.5861
5622,03/07/20 04:07:00 AM,16.03,48427.8,31.5861
5623,03/07/20 04:07:10 AM,16.03,48449.3,31.6018
5624,03/07/20 04:07:20 AM,16.03,48427.8,31.5861
5625,03/07/20 04:07:30 AM,16.03,48449.3,31.6018
5626,03/07/20 04:07:40 AM,16.03,48414.8,31.5766
5627,03/07/20 04:07:50 AM,16.03,48380.5,31.5516
5628,03/07/20 04:08:00 AM,16.03,48449.3,31.6018
5629,03/07/20 04:08:10 AM,16.03,48367.7,31.5422
5630,03/07/20 04:08:20 AM,16.03,48427.8,31.5861
5631,03/07/20 04:08:30 AM,16.03,48401.9,31.5672
5632,03/07/20 04:08:40 AM,16.03,48449.3,31.6018
5633,03/07/20 04:08:50 AM,16.03,48393.4,31.5610
5634,03/07/20 04:09:00 AM,16.03,48436.3,31.5923
5635,03/07/20 04:09:10 AM,16.03,48427.8,31.5861
5636,03/07/20 04:09:20 AM,16.03,48427.8,31.5861
5637,03/07/20 04:09:30 AM,16.03,48380.5,31.5516
5638,03/07/20 04:09:40 AM,16.03,48401.9,31.5672
5639,03/07/20 04:09:50 AM,16.03,48436.3,31.5923
5640,03/07/20 04:10:00 AM,16.03,48401.9,31.5672
5641,03/07/20 04:10:10 AM,16.03,48393.4,31.5610
5642,03/07/20 04:10:20 AM,16.03,48449.3,31.6018
5643,03/07/20 04:10:30 AM,16.02,48412.8,31.5752
5644,03/07/20 04:10:40 AM,16.03,48414.8,31.5766
5645,03/07/20 04:10:50 AM,16.02,48438.7,31.5941
5646,03/07/20 04:11:00 AM,16.03,48427.8,31.5861
5647,03/07/20 04:11:10 AM,16.03,48380.5,31.5516
5648,03/07/20 04:11:20 AM,16.03,48427.8,31.5861
5649,03/07/20 04:11:30 AM,16.03,48414.8,31.5766
5650,03/07/20 04:11:40 AM,16.02,48438.7,31.5941
5651,03/07/20 04:11:50 AM,16.03,48401.9,31.5672
5652,03/07/20 04:12:00 AM,16.03,48427.8,31.5861
5653,03/07/20 04:12:10 AM,16.03,48436.3,31.5923
5654,03/07/20 04:12:20 AM,16.03,48406.3,31.5704
5655,03/07/20 04:12:30 AM,16.03,48401.9,31.5672
5656,03/07/20 04:12:40 AM,16.03,48436.3,31.5923
5657,03/07/20 04:12:50 AM,16.03,48401.9,31.5672
5658,03/07/20 04:13:00 AM,16.03,48401.9,31.5672
5659,03/07/20 04:13:10 AM,16.03,48414.8,31.5766
5660,03/07/20 04:13:20 AM,16.03,48367.7,31.5422
5661,03/07/20 04:13:30 AM,16.03,48449.3,31.6018
5662,03/07/20 04:13:40 AM,16.03,48470.8,31.6176
5663,03/07/20 04:13:50 AM,16.02,48391.4,31.5595
5664,03/07/20 04:14:00 AM,16.02,48447.2,31.6003
5665,03/07/20 04:14:10 AM,16.02,48404.3,31.5689
5666,03/07/20 04:14:20 AM,16.03,48427.8,31.5861
5667,03/07/20 04:14:30 AM,16.03,48393.4,31.5610
5668,03/07/20 04:14:40 AM,16.02,48391.4,31.5595
5669,03/07/20 04:14:50 AM,16.02,48357.0,31.5344
5670,03/07/20 04:15:00 AM,16.02,48425.7,31.5846
5671,03/07/20 04:15:10 AM,16.02,48404.3,31.5689
5672,03/07/20 04:15:20 AM,16.03,48359.0,31.5359
5673,03/07/20 04:15:30 AM,16.02,48425.7,31.5846
5674,03/07/20 04:15:40 AM,16.02,48460.2,31.6098
5675,03/07/20 04:15:50 AM,16.03,48427.8,31.5861
5676,03/07/20 04:16:00 AM,16.03,48449.3,31.6018
5677,03/07/20 04:16:10 AM,16.02,48438.7,31.5941
5678,03/07/20 04:16:20 AM,16.02,48438.7,31.5941
5679,03/07/20 04:16:30 AM,16.03,48414.8,31.5766
5680,03/07/20 04:16:40 AM,16.03,48406.3,31.5704
5681,03/07/20 04:16:50 AM,16.03,48393.4,31.5610
5682,03/07/20 04:17:00 AM,16.02,48404.3,31.5689
5683,03/07/20 04:17:10 AM,16.03,48414.8,31.5766
5684,03/07/20 04:17:20 AM,16.03,48406.3,31.5704
5685,03/07/20 04:17:30 AM,16.03,48414.8,31.5766
5686,03/07/20 04:17:40 AM,16.03,48359.0,31.5359
5687,03/07/20 04:17:50 AM,16.03,48371.9,31.5453
5688,03/07/20 04:18:00 AM,16.03,48427.8,31.5861
5689,03/07/20 04:18:10 AM,16.02,48425.7,31.5846
5690,03/07/20 04:18:20 AM,16.03,48427.8,31.5861
5691,03/07/20 04:18:30 AM,16.02,48460.2,31.6098
5692,03/07/20 04:18:40 AM,16.02,48369.9,31.5438
5693,03/07/20 04:18:50 AM,16.02,48404.3,31.5689
5694,03/07/20 04:19:00 AM,16.02,48404.3,31.5689
5695,03/07/20 04:19:10 AM,16.03,48414.8,31.5766
5696,03/07/20 04:19:20 AM,16.02,48417.1,31.5783
5697,03/07/20 04:19:30 AM,16.03,48380.5,31.5516
5698,03/07/20 04:19:40 AM,16.02,48404.3,31.5689
5699,03/07/20 04:19:50 AM,16.02,48425.7,31.5846
5700,03/07/20 04:20:00 AM,16.03,48359.0,31.5359
5701,03/07/20 04:20:10 AM,16.02,48382.7,31.5532
5702,03/07/20 04:20:20 AM,16.02,48382.7,31.5532
5703,03/07/20 04:20:30 AM,16.02,48404.3,31.5689
5704,03/07/20 04:20:40 AM,16.02,48438.7,31.5941
5705,03/07/20 04:20:50 AM,16.02,48391.4,31.5595
5706,03/07/20 04:21:00 AM,16.02,48404.3,31.5689
5707,03/07/20 04:21:10 AM,16.02,48451.5,31.6035
5708,03/07/20 04:21:20 AM,16.03,48406.3,31.5704
5709,03/07/20 04:21:30 AM,16.03,48380.5,31.5516
5710,03/07/20 04:21:40 AM,16.03,48462.2,31.6112
5711,03/07/20 04:21:50 AM,16.03,48440.7,31.5955
5712,03/07/20 04:22:00 AM,16.03,48440.7,31.5955
5713,03/07/20 04:22:10 AM,16.03,48427.8,31.5861
5714,03/07/20 04:22:20 AM,16.02,48451.5,31.6035
5715,03/07/20 04:22:30 AM,16.03,48440.7,31.5955
5716,03/07/20 04:22:40 AM,16.03,48393.4,31.5610
5717,03/07/20 04:22:50 AM,16.02,48451.5,31.6035
5718,03/07/20 04:23:00 AM,16.02,48451.5,31.6035
5719,03/07/20 04:23:10 AM,16.02,48473.1,31.6192
5720,03/07/20 04:23:20 AM,16.02,48391.4,31.5595
5721,03/07/20 04:23:30 AM,16.03,48427.8,31.5861
5722,03/07/20 04:23:40 AM,16.03,48393.4,31.5610
5723,03/07/20 04:23:50 AM,16.03,48440.7,31.5955
5724,03/07/20 04:24:00 AM,16.03,48393.4,31.5610
5725,03/07/20 04:24:10 AM,16.03,48475.1,31.6206
5726,03/07/20 04:24:20 AM,16.03,48427.8,31.5861
5727,03/07/20 04:24:30 AM,16.03,48414.8,31.5766
5728,03/07/20 04:24:40 AM,16.03,48380.5,31.5516
5729,03/07/20 04:24:50 AM,16.02,48438.7,31.5941
5730,03/07/20 04:25:00 AM,16.03,48393.4,31.5610
5731,03/07/20 04:25:10 AM,16.03,48406.3,31.5704
5732,03/07/20 04:25:20 AM,16.03,48414.8,31.5766
5733,03/07/20 04:25:30 AM,16.03,48406.3,31.5704
5734,03/07/20 04:25:40 AM,16.02,48438.7,31.5941
5735,03/07/20 04:25:50 AM,16.02,48451.5,31.6035
5736,03/07/20 04:26:00 AM,16.03,48449.3,31.6018
5737,03/07/20 04:26:10 AM,16.03,48427.8,31.5861
5738,03/07/20 04:26:20 AM,16.02,48417.1,31.5783
5739,03/07/20 04:26:30 AM,16.02,48391.4,31.5595
5740,03/07/20 04:26:40 AM,16.03,48440.7,31.5955
5741,03/07/20 04:26:50 AM,16.02,48425.7,31.5846
5742,03/07/20 04:27:00 AM,16.03,48380.5,31.5516
5743,03/07/20 04:27:10 AM,16.03,48440.7,31.5955
5744,03/07/20 04:27:20 AM,16.03,48406.3,31.5704
5745,03/07/20 04:27:30 AM,16.02,48417.1,31.5783
5746,03/07/20 04:27:40 AM,16.03,48462.2,31.6112
5747,03/07/20 04:27:50 AM,16.02,48438.7,31.5941
5748,03/07/20 04:28:00 AM,16.03,48414.8,31.5766
5749,03/07/20 04:28:10 AM,16.02,48486.0,31.6286
5750,03/07/20 04:28:20 AM,16.03,48406.3,31.5704
5751,03/07/20 04:28:30 AM,16.02,48438.7,31.5941
5752,03/07/20 04:28:40 AM,16.02,48382.7,31.5532
5753,03/07/20 04:28:50 AM,16.03,48380.5,31.5516
5754,03/07/20 04:29:00 AM,16.02,48391.4,31.5595
5755,03/07/20 04:29:10 AM,16.03,48380.5,31.5516
5756,03/07/20 04:29:20 AM,16.03,48406.3,31.5704
5757,03/07/20 04:29:30 AM,16.02,48417.1,31.5783
5758,03/07/20 04:29:40 AM,16.03,48406.3,31.5704
5759,03/07/20 04:29:50 AM,16.03,48440.7,31.5955
5760,03/07/20 04:30:00 AM,16.03,48414.8,31.5766
5761,03/07/20 04:30:10 AM,16.02,48417.1,31.5783
5762,03/07/20 04:30:20 AM,16.03,48406.3,31.5704
5763,03/07/20 04:30:30 AM,16.03,48414.8,31.5766
5764,03/07/20 04:30:40 AM,16.02,48425.7,31.5846
5765,03/07/20 04:30:50 AM,16.03,48414.8,31.5766
5766,03/07/20 04:31:00 AM,16.03,48475.1,31.6206
5767,03/07/20 04:31:10 AM,16.03,48440.7,31.5955
5768,03/07/20 04:31:20 AM,16.03,48406.3,31.5704
5769,03/07/20 04:31:30 AM,16.03,48414.8,31.5766
5770,03/07/20 04:31:40 AM,16.03,48475.1,31.6206
5771,03/07/20 04:31:50 AM,16.03,48440.7,31.5955
5772,03/07/20 04:32:00 AM,16.03,48414.8,31.5766
5773,03/07/20 04:32:10 AM,16.03,48427.8,31.5861
5774,03/07/20 04:32:20 AM,16.02,48417.1,31.5783
5775,03/07/20 04:32:30 AM,16.03,48414.8,31.5766
5776,03/07/20 04:32:40 AM,16.03,48380.5,31.5516
5777,03/07/20 04:32:50 AM,16.03,48427.8,31.5861
5778,03/07/20 04:33:00 AM,16.03,48427.8,31.5861
5779,03/07/20 04:33:10 AM,16.02,48382.7,31.5532
5780,03/07/20 04:33:20 AM,16.03,48393.4,31.5610
5781,03/07/20 04:33:30 AM,16.03,48406.3,31.5704
5782,03/07/20 04:33:40 AM,16.03,48393.4,31.5610
5783,03/07/20 04:33:50 AM,16.03,48427.8,31.5861
5784,03/07/20 04:34:00 AM,16.02,48417.1,31.5783
5785,03/07/20 04:34:10 AM,16.03,48427.8,31.5861
5786,03/07/20 04:34:20 AM,16.03,48419.1,31.5798
5787,03/07/20 04:34:30 AM,16.02,48438.7,31.5941
5788,03/07/20 04:34:40 AM,16.02,48430.0,31.5877
5789,03/07/20 04:34:50 AM,16.02,48451.5,31.6035
5790,03/07/20 04:35:00 AM,16.02,48438.7,31.5941
5791,03/07/20 04:35:10 AM,16.03,48427.8,31.5861
5792,03/07/20 04:35:20 AM,16.03,48406.3,31.5704
5793,03/07/20 04:35:30 AM,16.02,48417.1,31.5783
5794,03/07/20 04:35:40 AM,16.03,48406.3,31.5704
5795,03/07/20 04:35:50 AM,16.02,48473.1,31.6192
5796,03/07/20 04:36:00 AM,16.02,48417.1,31.5783
5797,03/07/20 04:36:10 AM,16.03,48427.8,31.5861
5798,03/07/20 04:36:20 AM,16.03,48427.8,31.5861
5799,03/07/20 04:36:30 AM,16.03,48406.3,31.5704
5800,03/07/20 04:36:40 AM,16.02,48417.1,31.5783
5801,03/07/20 04:36:50 AM,16.02,48417.1,31.5783
5802,03/07/20 04:37:00 AM,16.02,48430.0,31.5877
5803,03/07/20 04:37:10 AM,16.02,48417.1,31.5783
5804,03/07/20 04:37:20 AM,16.02,48417.1,31.5783
5805,03/07/20 04:37:30 AM,16.02,48382.7,31.5532
5806,03/07/20 04:37:40 AM,16.03,48427.8,31.5861
5807,03/07/20 04:37:50 AM,16.03,48406.3,31.5704
5808,03/07/20 04:38:00 AM,16.02,48404.3,31.5689
5809,03/07/20 04:38:10 AM,16.02,48395.6,31.5626
5810,03/07/20 04:38:20 AM,16.03,48406.3,31.5704
5811,03/07/20 04:38:30 AM,16.02,48417.1,31.5783
5812,03/07/20 04:38:40 AM,16.02,48451.5,31.6035
5813,03/07/20 04:38:50 AM,16.02,48382.7,31.5532
5814,03/07/20 04:39:00 AM,16.02,48382.7,31.5532
5815,03/07/20 04:39:10 AM,16.02,48382.7,31.5532
5816,03/07/20 04:39:20 AM,16.02,48404.3,31.5689
5817,03/07/20 04:39:30 AM,16.02,48382.7,31.5532
5818,03/07/20 04:39:40 AM,16.02,48348.5,31.5282
5819,03/07/20 04:39:50 AM,16.02,48395.6,31.5626
5820,03/07/20 04:40:00 AM,16.02,48417.1,31.5783
5821,03/07/20 04:40:10 AM,16.02,48438.7,31.5941
5822,03/07/20 04:40:20 AM,16.02,48438.7,31.5941
5823,03/07/20 04:40:30 AM,16.02,48438.7,31.5941
5824,03/07/20 04:40:40 AM,16.02,48382.7,31.5532
5825,03/07/20 04:40:50 AM,16.02,48404.3,31.5689
5826,03/07/20 04:41:00 AM,16.02,48464.4,31.6129
5827,03/07/20 04:41:10 AM,16.03,48406.3,31.5704
5828,03/07/20 04:41:20 AM,16.02,48382.7,31.5532
5829,03/07/20 04:41:30 AM,16.02,48404.3,31.5689
5830,03/07/20 04:41:40 AM,16.02,48404.3,31.5689
5831,03/07/20 04:41:50 AM,16.02,48417.1,31.5783
5832,03/07/20 04:42:00 AM,16.03,48440.7,31.5955
5833,03/07/20 04:42:10 AM,16.03,48371.9,31.5453
5834,03/07/20 04:42:20 AM,16.02,48417.1,31.5783
5835,03/07/20 04:42:30 AM,16.02,48395.6,31.5626
5836,03/07/20 04:42:40 AM,16.02,48417.1,31.5783
5837,03/07/20 04:42:50 AM,16.02,48404.3,31.5689
5838,03/07/20 04:43:00 AM,16.02,48438.7,31.5941
5839,03/07/20 04:43:10 AM,16.02,48438.7,31.5941
5840,03/07/20 04:43:20 AM,16.02,48438.7,31.5941
5841,03/07/20 04:43:30 AM,16.02,48404.3,31.5689
5842,03/07/20 04:43:40 AM,16.02,48404.3,31.5689
5843,03/07/20 04:43:50 AM,16.02,48430.0,31.5877
5844,03/07/20 04:44:00 AM,16.02,48369.9,31.5438
5845,03/07/20 04:44:10 AM,16.01,48440.9,31.5957
5846,03/07/20 04:44:20 AM,16.02,48417.1,31.5783
5847,03/07/20 04:44:30 AM,16.02,48361.3,31.5376
5848,03/07/20 04:44:40 AM,16.01,48440.9,31.5957
5849,03/07/20 04:44:50 AM,16.02,48417.1,31.5783
5850,03/07/20 04:45:00 AM,16.01,48393.6,31.5612
5851,03/07/20 04:45:10 AM,16.01,48475.3,31.6208
5852,03/07/20 04:45:20 AM,16.02,48361.3,31.5376
5853,03/07/20 04:45:30 AM,16.01,48393.6,31.5612
5854,03/07/20 04:45:40 AM,16.02,48395.6,31.5626
5855,03/07/20 04:45:50 AM,16.01,48440.9,31.5957
5856,03/07/20 04:46:00 AM,16.01,48359.3,31.5361
5857,03/07/20 04:46:10 AM,16.01,48393.6,31.5612
5858,03/07/20 04:46:20 AM,16.01,48419.4,31.5800
5859,03/07/20 04:46:30 AM,16.01,48372.2,31.5455
5860,03/07/20 04:46:40 AM,16.01,48393.6,31.5612
5861,03/07/20 04:46:50 AM,16.02,48361.3,31.5376
5862,03/07/20 04:47:00 AM,16.01,48406.5,31.5706
5863,03/07/20 04:47:10 AM,16.01,48406.5,31.5706
5864,03/07/20 04:47:20 AM,16.02,48408.5,31.5720
5865,03/07/20 04:47:30 AM,16.01,48419.4,31.5800
5866,03/07/20 04:47:40 AM,16.02,48395.6,31.5626
5867,03/07/20 04:47:50 AM,16.01,48428.0,31.5863
5868,03/07/20 04:48:00 AM,16.01,48393.6,31.5612
5869,03/07/20 04:48:10 AM,16.02,48395.6,31.5626
5870,03/07/20 04:48:20 AM,16.01,48406.5,31.5706
5871,03/07/20 04:48:30 AM,16.01,48385.1,31.5549
5872,03/07/20 04:48:40 AM,16.01,48393.6,31.5612
5873,03/07/20 04:48:50 AM,16.01,48419.4,31.5800
5874,03/07/20 04:49:00 AM,16.02,48374.2,31.5470
5875,03/07/20 04:49:10 AM,16.02,48382.7,31.5532
5876,03/07/20 04:49:20 AM,16.01,48393.6,31.5612
5877,03/07/20 04:49:30 AM,16.02,48382.7,31.5532
5878,03/07/20 04:49:40 AM,16.01,48419.4,31.5800
5879,03/07/20 04:49:50 AM,16.02,48382.7,31.5532
5880,03/07/20 04:50:00 AM,16.01,48440.9,31.5957
5881,03/07/20 04:50:10 AM,16.02,48395.6,31.5626
5882,03/07/20 04:50:20 AM,16.02,48382.7,31.5532
5883,03/07/20 04:50:30 AM,16.01,48385.1,31.5549
5884,03/07/20 04:50:40 AM,16.02,48408.5,31.5720
5885,03/07/20 04:50:50 AM,16.02,48430.0,31.5877
5886,03/07/20 04:51:00 AM,16.02,48374.2,31.5470
5887,03/07/20 04:51:10 AM,16.02,48374.2,31.5470
5888,03/07/20 04:51:20 AM,16.02,48382.7,31.5532
5889,03/07/20 04:51:30 AM,16.01,48393.6,31.5612
5890,03/07/20 04:51:40 AM,16.02,48382.7,31.5532
5891,03/07/20 04:51:50 AM,16.01,48393.6,31.5612
5892,03/07/20 04:52:00 AM,16.02,48382.7,31.5532
5893,03/07/20 04:52:10 AM,16.02,48382.7,31.5532
5894,03/07/20 04:52:20 AM,16.01,48337.9,31.5205
5895,03/07/20 04:52:30 AM,16.01,48406.5,31.5706
5896,03/07/20 04:52:40 AM,16.01,48372.2,31.5455
5897,03/07/20 04:52:50 AM,16.01,48406.5,31.5706
5898,03/07/20 04:53:00 AM,16.01,48428.0,31.5863
5899,03/07/20 04:53:10 AM,16.02,48408.5,31.5720
5900,03/07/20 04:53:20 AM,16.02,48361.3,31.5376
5901,03/07/20 04:53:30 AM,16.02,48430.0,31.5877
5902,03/07/20 04:53:40 AM,16.02,48395.6,31.5626
5903,03/07/20 04:53:50 AM,16.02,48417.1,31.5783
5904,03/07/20 04:54:00 AM,16.02,48361.3,31.5376
5905,03/07/20 04:54:10 AM,16.02,48395.6,31.5626
5906,03/07/20 04:54:20 AM,16.02,48395.6,31.5626
5907,03/07/20 04:54:30 AM,16.02,48361.3,31.5376
5908,03/07/20 04:54:40 AM,16.02,48374.2,31.5470
5909,03/07/20 04:54:50 AM,16.02,48382.7,31.5532
5910,03/07/20 04:55:00 AM,16.02,48374.2,31.5470
5911,03/07/20 04:55:10 AM,16.02,48339.9,31.5219
5912,03/07/20 04:55:20 AM,16.01,48385.1,31.5549
5913,03/07/20 04:55:30 AM,16.02,48339.9,31.5219
5914,03/07/20 04:55:40 AM,16.01,48372.2,31.5455
5915,03/07/20 04:55:50 AM,16.01,48363.7,31.5393
5916,03/07/20 04:56:00 AM,16.01,48440.9,31.5957
5917,03/07/20 04:56:10 AM,16.02,48374.2,31.5470
5918,03/07/20 04:56:20 AM,16.02,48352.8,31.5313
5919,03/07/20 04:56:30 AM,16.02,48395.6,31.5626
5920,03/07/20 04:56:40 AM,16.01,48419.4,31.5800
5921,03/07/20 04:56:50 AM,16.02,48408.5,31.5720
5922,03/07/20 04:57:00 AM,16.01,48398.0,31.5643
5923,03/07/20 04:57:10 AM,16.01,48385.1,31.5549
5924,03/07/20 04:57:20 AM,16.01,48337.9,31.5205
5925,03/07/20 04:57:30 AM,16.01,48372.2,31.5455
5926,03/07/20 04:57:40 AM,16.02,48387.1,31.5564
5927,03/07/20 04:57:50 AM,16.01,48453.8,31.6051
5928,03/07/20 04:58:00 AM,16.02,48374.2,31.5470
5929,03/07/20 04:58:10 AM,16.02,48395.6,31.5626
5930,03/07/20 04:58:20 AM,16.01,48398.0,31.5643
5931,03/07/20 04:58:30 AM,16.02,48382.7,31.5532
5932,03/07/20 04:58:40 AM,16.01,48398.0,31.5643
5933,03/07/20 04:58:50 AM,16.01,48419.4,31.5800
5934,03/07/20 04:59:00 AM,16.02,48387.1,31.5564
5935,03/07/20 04:59:10 AM,16.01,48419.4,31.5800
5936,03/07/20 04:59:20 AM,16.01,48350.8,31.5299
5937,03/07/20 04:59:30 AM,16.01,48406.5,31.5706
5938,03/07/20 04:59:40 AM,16.02,48361.3,31.5376
5939,03/07/20 04:59:50 AM,16.01,48337.9,31.5205
5940,03/07/20 05:00:00 AM,16.01,48363.7,31.5393
5941,03/07/20 05:00:10 AM,16.01,48363.7,31.5393
5942,03/07/20 05:00:20 AM,16.02,48417.1,31.5783
5943,03/07/20 05:00:30 AM,16.02,48352.8,31.5313
5944,03/07/20 05:00:40 AM,16.02,48374.2,31.5470
5945,03/07/20 05:00:50 AM,16.01,48372.2,31.5455
5946,03/07/20 05:01:00 AM,16.02,48327.0,31.5125
5947,03/07/20 05:01:10 AM,16.02,48387.1,31.5564
5948,03/07/20 05:01:20 AM,16.01,48385.1,31.5549
5949,03/07/20 05:01:30 AM,16.01,48406.5,31.5706
5950,03/07/20 05:01:40 AM,16.01,48406.5,31.5706
5951,03/07/20 05:01:50 AM,16.01,48385.1,31.5549
5952,03/07/20 05:02:00 AM,16.02,48361.3,31.5376
5953,03/07/20 05:02:10 AM,16.02,48361.3,31.5376
5954,03/07/20 05:02:20 AM,16.01,48372.2,31.5455
5955,03/07/20 05:02:30 AM,16.01,48342.1,31.5236
5956,03/07/20 05:02:40 AM,16.01,48419.4,31.5800
5957,03/07/20 05:02:50 AM,16.01,48372.2,31.5455
5958,03/07/20 05:03:00 AM,16.02,48395.6,31.5626
5959,03/07/20 05:03:10 AM,16.01,48385.1,31.5549
5960,03/07/20 05:03:20 AM,16.01,48385.1,31.5549
5961,03/07/20 05:03:30 AM,16.02,48387.1,31.5564
5962,03/07/20 05:03:40 AM,16.02,48361.3,31.5376
5963,03/07/20 05:03:50 AM,16.01,48363.7,31.5393
5964,03/07/20 05:04:00 AM,16.01,48398.0,31.5643
5965,03/07/20 05:04:10 AM,16.01,48385.1,31.5549
5966,03/07/20 05:04:20 AM,16.02,48374.2,31.5470
5967,03/07/20 05:04:30 AM,16.01,48363.7,31.5393
5968,03/07/20 05:04:40 AM,16.01,48372.2,31.5455
5969,03/07/20 05:04:50 AM,16.02,48361.3,31.5376
5970,03/07/20 05:05:00 AM,16.01,48398.0,31.5643
5971,03/07/20 05:05:10 AM,16.02,48442.9,31.5971
5972,03/07/20 05:05:20 AM,16.01,48419.4,31.5800
5973,03/07/20 05:05:30 AM,16.01,48363.7,31.5393
5974,03/07/20 05:05:40 AM,16.01,48350.8,31.5299
5975,03/07/20 05:05:50 AM,16.02,48374.2,31.5470
5976,03/07/20 05:06:00 AM,16.02,48374.2,31.5470
5977,03/07/20 05:06:10 AM,16.02,48339.9,31.5219
5978,03/07/20 05:06:20 AM,16.01,48385.1,31.5549
5979,03/07/20 05:06:30 AM,16.02,48374.2,31.5470
5980,03/07/20 05:06:40 AM,16.02,48387.1,31.5564
5981,03/07/20 05:06:50 AM,16.01,48372.2,31.5455
5982,03/07/20 05:07:00 AM,16.02,48361.3,31.5376
5983,03/07/20 05:07:10 AM,16.01,48398.0,31.5643
5984,03/07/20 05:07:20 AM,16.02,48361.3,31.5376
5985,03/07/20 05:07:30 AM,16.02,48395.6,31.5626
5986,03/07/20 05:07:40 AM,16.02,48395.6,31.5626
5987,03/07/20 05:07:50 AM,16.01,48385.1,31.5549
5988,03/07/20 05:08:00 AM,16.02,48361.3,31.5376
5989,03/07/20 05:08:10 AM,16.01,48363.7,31.5393
5990,03/07/20 05:08:20 AM,16.01,48406.5,31.5706
5991,03/07/20 05:08:30 AM,16.02,48374.2,31.5470
5992,03/07/20 05:08:40 AM,16.02,48387.1,31.5564
5993,03/07/20 05:08:50 AM,16.02,48361.3,31.5376
5994,03/07/20 05:09:00 AM,16.01,48398.0,31.5643
5995,03/07/20 05:09:10 AM,16.02,48361.3,31.5376
5996,03/07/20 05:09:20 AM,16.01,48385.1,31.5549
5997,03/07/20 05:09:30 AM,16.02,48421.5,31.5815
5998,03/07/20 05:09:40 AM,16.01,48419.4,31.5800
5999,03/07/20 05:09:50 AM,16.01,48406.5,31.5706
6000,03/07/20 05:10:00 AM,16.01,48372.2,31.5455
6001,03/07/20 05:10:10 AM,16.02,48408.5,31.5720
6002,03/07/20 05:10:20 AM,16.02,48387.1,31.5564
6003,03/07/20 05:10:30 AM,16.01,48372.2,31.5455
6004,03/07/20 05:10:40 AM,16.01,48350.8,31.5299
6005,03/07/20 05:10:50 AM,16.01,48372.2,31.5455
6006,03/07/20 05:11:00 AM,16.02,48395.6,31.5626
6007,03/07/20 05:11:10 AM,16.02,48361.3,31.5376
6008,03/07/20 05:11:20 AM,16.01,48406.5,31.5706
6009,03/07/20 05:11:30 AM,16.01,48372.2,31.5455
6010,03/07/20 05:11:40 AM,16.02,48361.3,31.5376
6011,03/07/20 05:11:50 AM,16.01,48406.5,31.5706
6012,03/07/20 05:12:00 AM,16.02,48374.2,31.5470
6013,03/07/20 05:12:10 AM,16.01,48372.2,31.5455
6014,03/07/20 05:12:20 AM,16.01,48372.2,31.5455
6015,03/07/20 05:12:30 AM,16.02,48374.2,31.5470
6016,03/07/20 05:12:40 AM,16.01,48419.4,31.5800
6017,03/07/20 05:12:50 AM,16.01,48372.2,31.5455
6018,03/07/20 05:13:00 AM,16.02,48395.6,31.5626
6019,03/07/20 05:13:10 AM,16.01,48385.1,31.5549
6020,03/07/20 05:13:20 AM,16.01,48419.4,31.5800
6021,03/07/20 05:13:30 AM,16.01,48350.8,31.5299
6022,03/07/20 05:13:40 AM,16.02,48339.9,31.5219
6023,03/07/20 05:13:50 AM,16.01,48385.1,31.5549
6024,03/07/20 05:14:00 AM,16.02,48374.2,31.5470
6025,03/07/20 05:14:10 AM,16.01,48385.1,31.5549
6026,03/07/20 05:14:20 AM,16.02,48387.1,31.5564
6027,03/07/20 05:14:30 AM,16.01,48363.7,31.5393
6028,03/07/20 05:14:40 AM,16.01,48406.5,31.5706
6029,03/07/20 05:14:50 AM,16.02,48387.1,31.5564
6030,03/07/20 05:15:00 AM,16.02,48318.5,31.5063
6031,03/07/20 05:15:10 AM,16.01,48398.0,31.5643
6032,03/07/20 05:15:20 AM,16.01,48385.1,31.5549
6033,03/07/20 05:15:30 AM,16.01,48385.1,31.5549
6034,03/07/20 05:15:40 AM,16.01,48363.7,31.5393
6035,03/07/20 05:15:50 AM,16.01,48350.8,31.5299
6036,03/07/20 05:16:00 AM,16.02,48352.8,31.5313
6037,03/07/20 05:16:10 AM,16.01,48410.8,31.5737
6038,03/07/20 05:16:20 AM,16.02,48387.1,31.5564
6039,03/07/20 05:16:30 AM,16.01,48342.1,31.5236
6040,03/07/20 05:16:40 AM,16.01,48398.0,31.5643
6041,03/07/20 05:16:50 AM,16.02,48374.2,31.5470
6042,03/07/20 05:17:00 AM,16.02,48365.7,31.5407
6043,03/07/20 05:17:10 AM,16.02,48352.8,31.5313
6044,03/07/20 05:17:20 AM,16.01,48376.5,31.5487
6045,03/07/20 05:17:30 AM,16.01,48440.9,31.5957
6046,03/07/20 05:17:40 AM,16.02,48365.7,31.5407
6047,03/07/20 05:17:50 AM,16.01,48363.7,31.5393
6048,03/07/20 05:18:00 AM,16.01,48398.0,31.5643
6049,03/07/20 05:18:10 AM,16.01,48398.0,31.5643
6050,03/07/20 05:18:20 AM,16.01,48350.8,31.5299
6051,03/07/20 05:18:30 AM,16.01,48363.7,31.5393
6052,03/07/20 05:18:40 AM,16.02,48365.7,31.5407
6053,03/07/20 05:18:50 AM,16.01,48350.8,31.5299
6054,03/07/20 05:19:00 AM,16.02,48365.7,31.5407
6055,03/07/20 05:19:10 AM,16.02,48387.1,31.5564
6056,03/07/20 05:19:20 AM,16.01,48398.0,31.5643
6057,03/07/20 05:19:30 AM,16.01,48342.1,31.5236
6058,03/07/20 05:19:40 AM,16.01,48376.5,31.5487
6059,03/07/20 05:19:50 AM,16.01,48376.5,31.5487
6060,03/07/20 05:20:00 AM,16.02,48365.7,31.5407
6061,03/07/20 05:20:10 AM,16.01,48376.5,31.5487
6062,03/07/20 05:20:20 AM,16.02,48365.7,31.5407
6063,03/07/20 05:20:30 AM,16.01,48376.5,31.5487
6064,03/07/20 05:20:40 AM,16.01,48398.0,31.5643
6065,03/07/20 05:20:50 AM,16.01,48376.5,31.5487
6066,03/07/20 05:21:00 AM,16.01,48350.8,31.5299
6067,03/07/20 05:21:10 AM,16.01,48350.8,31.5299
6068,03/07/20 05:21:20 AM,16.01,48410.8,31.5737
6069,03/07/20 05:21:30 AM,16.02,48365.7,31.5407
6070,03/07/20 05:21:40 AM,16.02,48374.2,31.5470
6071,03/07/20 05:21:50 AM,16.01,48376.5,31.5487
6072,03/07/20 05:22:00 AM,16.01,48432.4,31.5894
6073,03/07/20 05:22:10 AM,16.01,48363.7,31.5393
6074,03/07/20 05:22:20 AM,16.02,48374.2,31.5470
6075,03/07/20 05:22:30 AM,16.01,48376.5,31.5487
6076,03/07/20 05:22:40 AM,16.01,48363.7,31.5393
6077,03/07/20 05:22:50 AM,16.02,48374.2,31.5470
6078,03/07/20 05:23:00 AM,16.01,48410.8,31.5737
6079,03/07/20 05:23:10 AM,16.01,48385.1,31.5549
6080,03/07/20 05:23:20 AM,16.01,48342.1,31.5236
6081,03/07/20 05:23:30 AM,16.01,48376.5,31.5487
6082,03/07/20 05:23:40 AM,16.01,48363.7,31.5393
6083,03/07/20 05:23:50 AM,16.01,48363.7,31.5393
6084,03/07/20 05:24:00 AM,16.01,48363.7,31.5393
6085,03/07/20 05:24:10 AM,16.01,48432.4,31.5894
6086,03/07/20 05:24:20 AM,16.01,48342.1,31.5236
6087,03/07/20 05:24:30 AM,16.01,48398.0,31.5643
6088,03/07/20 05:24:40 AM,16.01,48342.1,31.5236
6089,03/07/20 05:24:50 AM,16.01,48355.0,31.5330
6090,03/07/20 05:25:00 AM,16.01,48363.7,31.5393
6091,03/07/20 05:25:10 AM,16.01,48385.1,31.5549
6092,03/07/20 05:25:20 AM,16.01,48376.5,31.5487
6093,03/07/20 05:25:30 AM,16.01,48363.7,31.5393
6094,03/07/20 05:25:40 AM,16.01,48363.7,31.5393
6095,03/07/20 05:25:50 AM,16.01,48376.5,31.5487
6096,03/07/20 05:26:00 AM,16.01,48410.8,31.5737
6097,03/07/20 05:26:10 AM,16.02,48399.9,31.5658
6098,03/07/20 05:26:20 AM,16.01,48376.5,31.5487
6099,03/07/20 05:26:30 AM,16.02,48331.3,31.5156
6100,03/07/20 05:26:40 AM,16.02,48408.5,31.5720
6101,03/07/20 05:26:50 AM,16.01,48376.5,31.5487
6102,03/07/20 05:27:00 AM,16.01,48363.7,31.5393
6103,03/07/20 05:27:10 AM,16.02,48374.2,31.5470
6104,03/07/20 05:27:20 AM,16.02,48387.1,31.5564
6105,03/07/20 05:27:30 AM,16.01,48389.4,31.5581
6106,03/07/20 05:27:40 AM,16.01,48389.4,31.5581
6107,03/07/20 05:27:50 AM,16.01,48376.5,31.5487
6108,03/07/20 05:28:00 AM,16.01,48363.7,31.5393
6109,03/07/20 05:28:10 AM,16.01,48355.0,31.5330
6110,03/07/20 05:28:20 AM,16.02,48352.8,31.5313
6111,03/07/20 05:28:30 AM,16.02,48378.5,31.5501
6112,03/07/20 05:28:40 AM,16.01,48355.0,31.5330
6113,03/07/20 05:28:50 AM,16.01,48410.8,31.5737
6114,03/07/20 05:29:00 AM,16.01,48376.5,31.5487
6115,03/07/20 05:29:10 AM,16.01,48355.0,31.5330
6116,03/07/20 05:29:20 AM,16.01,48376.5,31.5487
6117,03/07/20 05:29:30 AM,16.01,48355.0,31.5330
6118,03/07/20 05:29:40 AM,16.01,48376.5,31.5487
6119,03/07/20 05:29:50 AM,16.01,48398.0,31.5643
6120,03/07/20 05:30:00 AM,16.01,48389.4,31.5581
6121,03/07/20 05:30:10 AM,16.01,48376.5,31.5487
6122,03/07/20 05:30:20 AM,16.01,48342.1,31.5236
6123,03/07/20 05:30:30 AM,16.01,48389.4,31.5581
6124,03/07/20 05:30:40 AM,16.01,48398.0,31.5643
6125,03/07/20 05:30:50 AM,16.01,48389.4,31.5581
6126,03/07/20 05:31:00 AM,16.01,48410.8,31.5737
6127,03/07/20 05:31:10 AM,16.02,48387.1,31.5564
6128,03/07/20 05:31:20 AM,16.01,48410.8,31.5737
6129,03/07/20 05:31:30 AM,16.01,48389.4,31.5581
6130,03/07/20 05:31:40 AM,16.01,48389.4,31.5581
6131,03/07/20 05:31:50 AM,16.01,48342.1,31.5236
6132,03/07/20 05:32:00 AM,16.01,48363.7,31.5393
6133,03/07/20 05:32:10 AM,16.01,48355.0,31.5330
6134,03/07/20 05:32:20 AM,16.01,48363.7,31.5393
6135,03/07/20 05:32:30 AM,16.01,48389.4,31.5581
6136,03/07/20 05:32:40 AM,16.01,48363.7,31.5393
6137,03/07/20 05:32:50 AM,16.01,48398.0,31.5643
6138,03/07/20 05:33:00 AM,16.01,48342.1,31.5236
6139,03/07/20 05:33:10 AM,16.01,48376.5,31.5487
6140,03/07/20 05:33:20 AM,16.01,48376.5,31.5487
6141,03/07/20 05:33:30 AM,16.01,48389.4,31.5581
6142,03/07/20 05:33:40 AM,16.01,48363.7,31.5393
6143,03/07/20 05:33:50 AM,16.01,48363.7,31.5393
6144,03/07/20 05:34:00 AM,16.01,48376.5,31.5487
6145,03/07/20 05:34:10 AM,16.01,48333.6,31.5173
6146,03/07/20 05:34:20 AM,16.02,48309.8,31.5000
6147,03/07/20 05:34:30 AM,16.01,48389.4,31.5581
6148,03/07/20 05:34:40 AM,16.01,48389.4,31.5581
6149,03/07/20 05:34:50 AM,16.01,48376.5,31.5487
6150,03/07/20 05:35:00 AM,16.01,48363.7,31.5393
6151,03/07/20 05:35:10 AM,16.01,48363.7,31.5393
6152,03/07/20 05:35:20 AM,16.01,48376.5,31.5487
6153,03/07/20 05:35:30 AM,16.02,48331.3,31.5156
6154,03/07/20 05:35:40 AM,16.01,48376.5,31.5487
6155,03/07/20 05:35:50 AM,16.01,48320.7,31.5079
6156,03/07/20 05:36:00 AM,16.01,48342.1,31.5236
6157,03/07/20 05:36:10 AM,16.01,48376.5,31.5487
6158,03/07/20 05:36:20 AM,16.01,48320.7,31.5079
6159,03/07/20 05:36:30 AM,16.01,48363.7,31.5393
6160,03/07/20 05:36:40 AM,16.01,48363.7,31.5393
6161,03/07/20 05:36:50 AM,16.02,48365.7,31.5407
6162,03/07/20 05:37:00 AM,16.01,48355.0,31.5330
6163,03/07/20 05:37:10 AM,16.01,48363.7,31.5393
6164,03/07/20 05:37:20 AM,16.01,48333.6,31.5173
6165,03/07/20 05:37:30 AM,16.01,48376.5,31.5487
6166,03/07/20 05:37:40 AM,16.01,48410.8,31.5737
6167,03/07/20 05:37:50 AM,16.01,48376.5,31.5487
6168,03/07/20 05:38:00 AM,16.02,48322.7,31.5094
6169,03/07/20 05:38:10 AM,16.01,48355.0,31.5330
6170,03/07/20 05:38:20 AM,16.01,48376.5,31.5487
6171,03/07/20 05:38:30 AM,16.01,48410.8,31.5737
6172,03/07/20 05:38:40 AM,16.01,48376.5,31.5487
6173,03/07/20 05:38:50 AM,16.01,48376.5,31.5487
6174,03/07/20 05:39:00 AM,16.01,48342.1,31.5236
6175,03/07/20 05:39:10 AM,16.01,48376.5,31.5487
6176,03/07/20 05:39:20 AM,16.01,48355.0,31.5330
6177,03/07/20 05:39:30 AM,16.01,48376.5,31.5487
6178,03/07/20 05:39:40 AM,16.01,48355.0,31.5330
6179,03/07/20 05:39:50 AM,16.01,48333.6,31.5173
6180,03/07/20 05:40:00 AM,16.01,48342.1,31.5236
6181,03/07/20 05:40:10 AM,16.01,48410.8,31.5737
6182,03/07/20 05:40:20 AM,16.01,48367.9,31.5424
6183,03/07/20 05:40:30 AM,16.01,48367.9,31.5424
6184,03/07/20 05:40:40 AM,16.01,48355.0,31.5330
6185,03/07/20 05:40:50 AM,16.01,48320.7,31.5079
6186,03/07/20 05:41:00 AM,16.01,48355.0,31.5330
6187,03/07/20 05:41:10 AM,16.01,48333.6,31.5173
6188,03/07/20 05:41:20 AM,16.01,48355.0,31.5330
6189,03/07/20 05:41:30 AM,16.01,48355.0,31.5330
6190,03/07/20 05:41:40 AM,16.01,48355.0,31.5330
6191,03/07/20 05:41:50 AM,16.01,48333.6,31.5173
6192,03/07/20 05:42:00 AM,16.01,48355.0,31.5330
6193,03/07/20 05:42:10 AM,16.01,48355.0,31.5330
6194,03/07/20 05:42:20 AM,16.01,48367.9,31.5424
6195,03/07/20 05:42:30 AM,16.01,48389.4,31.5581
6196,03/07/20 05:42:40 AM,16.01,48333.6,31.5173
6197,03/07/20 05:42:50 AM,16.01,48367.9,31.5424
6198,03/07/20 05:43:00 AM,16.01,48342.1,31.5236
6199,03/07/20 05:43:10 AM,16.01,48333.6,31.5173
6200,03/07/20 05:43:20 AM,16.01,48355.0,31.5330
6201,03/07/20 05:43:30 AM,16.01,48367.9,31.5424
6202,03/07/20 05:43:40 AM,16.01,48376.5,31.5487
6203,03/07/20 05:43:50 AM,16.01,48376.5,31.5487
6204,03/07/20 05:44:00 AM,16.01,48376.5,31.5487
6205,03/07/20 05:44:10 AM,16.01,48389.4,31.5581
6206,03/07/20 05:44:20 AM,16.01,48367.9,31.5424
6207,03/07/20 05:44:30 AM,16.01,48367.9,31.5424
6208,03/07/20 05:44:40 AM,16.01,48376.5,31.5487
6209,03/07/20 05:44:50 AM,16.01,48342.1,31.5236
6210,03/07/20 05:45:00 AM,16.01,48376.5,31.5487
6211,03/07/20 05:45:10 AM,16.01,48342.1,31.5236
6212,03/07/20 05:45:20 AM,16.01,48320.7,31.5079
6213,03/07/20 05:45:30 AM,16.01,48333.6,31.5173
6214,03/07/20 05:45:40 AM,16.01,48333.6,31.5173
6215,03/07/20 05:45:50 AM,16.01,48342.1,31.5236
6216,03/07/20 05:46:00 AM,16.01,48342.1,31.5236
6217,03/07/20 05:46:10 AM,16.01,48320.7,31.5079
6218,03/07/20 05:46:20 AM,16.01,48367.9,31.5424
6219,03/07/20 05:46:30 AM,16.01,48376.5,31.5487
6220,03/07/20 05:46:40 AM,16.01,48355.0,31.5330
6221,03/07/20 05:46:50 AM,16.01,48355.0,31.5330
6222,03/07/20 05:47:00 AM,16.01,48376.5,31.5487
6223,03/07/20 05:47:10 AM,16.01,48355.0,31.5330
6224,03/07/20 05:47:20 AM,16.01,48342.1,31.5236
6225,03/07/20 05:47:30 AM,16.01,48355.0,31.5330
6226,03/07/20 05:47:40 AM,16.01,48367.9,31.5424
6227,03/07/20 05:47:50 AM,16.01,48376.5,31.5487
6228,03/07/20 05:48:00 AM,16.01,48342.1,31.5236
6229,03/07/20 05:48:10 AM,16.01,48355.0,31.5330
6230,03/07/20 05:48:20 AM,16.01,48333.6,31.5173
6231,03/07/20 05:48:30 AM,16.02,48322.7,31.5094
6232,03/07/20 05:48:40 AM,16.01,48376.5,31.5487
6233,03/07/20 05:48:50 AM,16.01,48342.1,31.5236
6234,03/07/20 05:49:00 AM,16.01,48376.5,31.5487
6235,03/07/20 05:49:10 AM,16.01,48355.0,31.5330
6236,03/07/20 05:49:20 AM,16.01,48355.0,31.5330
6237,03/07/20 05:49:30 AM,16.00,48378.7,31.5503
6238,03/07/20 05:49:40 AM,16.01,48355.0,31.5330
6239,03/07/20 05:49:50 AM,16.01,48367.9,31.5424
6240,03/07/20 05:50:00 AM,16.01,48333.6,31.5173
6241,03/07/20 05:50:10 AM,16.01,48389.4,31.5581
6242,03/07/20 05:50:20 AM,16.01,48333.6,31.5173
6243,03/07/20 05:50:30 AM,16.01,48333.6,31.5173
6244,03/07/20 05:50:40 AM,16.01,48355.0,31.5330
6245,03/07/20 05:50:50 AM,16.01,48346.5,31.5267
6246,03/07/20 05:51:00 AM,16.01,48367.9,31.5424
6247,03/07/20 05:51:10 AM,16.01,48333.6,31.5173
6248,03/07/20 05:51:20 AM,16.01,48333.6,31.5173
6249,03/07/20 05:51:30 AM,16.01,48346.5,31.5267
6250,03/07/20 05:51:40 AM,16.01,48355.0,31.5330
6251,03/07/20 05:51:50 AM,16.01,48346.5,31.5267
6252,03/07/20 05:52:00 AM,16.01,48355.0,31.5330
6253,03/07/20 05:52:10 AM,16.01,48367.9,31.5424
6254,03/07/20 05:52:20 AM,16.01,48380.7,31.5518
6255,03/07/20 05:52:30 AM,16.01,48367.9,31.5424
6256,03/07/20 05:52:40 AM,16.01,48389.4,31.5581
6257,03/07/20 05:52:50 AM,16.01,48346.5,31.5267
6258,03/07/20 05:53:00 AM,16.01,48320.7,31.5079
6259,03/07/20 05:53:10 AM,16.01,48380.7,31.5518
6260,03/07/20 05:53:20 AM,16.01,48355.0,31.5330
6261,03/07/20 05:53:30 AM,16.01,48389.4,31.5581
6262,03/07/20 05:53:40 AM,16.01,48367.9,31.5424
6263,03/07/20 05:53:50 AM,16.01,48346.5,31.5267
6264,03/07/20 05:54:00 AM,16.02,48335.6,31.5188
6265,03/07/20 05:54:10 AM,16.01,48355.0,31.5330
6266,03/07/20 05:54:20 AM,16.01,48367.9,31.5424
6267,03/07/20 05:54:30 AM,16.01,48367.9,31.5424
6268,03/07/20 05:54:40 AM,16.00,48357.3,31.5347
6269,03/07/20 05:54:50 AM,16.01,48312.2,31.5017
6270,03/07/20 05:55:00 AM,16.01,48320.7,31.5079
6271,03/07/20 05:55:10 AM,16.01,48312.2,31.5017
6272,03/07/20 05:55:20 AM,16.01,48320.7,31.5079
6273,03/07/20 05:55:30 AM,16.02,48335.6,31.5188
6274,03/07/20 05:55:40 AM,16.01,48320.7,31.5079
6275,03/07/20 05:55:50 AM,16.02,48335.6,31.5188
6276,03/07/20 05:56:00 AM,16.01,48299.3,31.4923
6277,03/07/20 05:56:10 AM,16.01,48312.2,31.5017
6278,03/07/20 05:56:20 AM,16.01,48355.0,31.5330
6279,03/07/20 05:56:30 AM,16.01,48355.0,31.5330
6280,03/07/20 05:56:40 AM,16.01,48346.5,31.5267
6281,03/07/20 05:56:50 AM,16.00,48344.4,31.5252
6282,03/07/20 05:57:00 AM,16.01,48333.6,31.5173
6283,03/07/20 05:57:10 AM,16.01,48355.0,31.5330
6284,03/07/20 05:57:20 AM,16.01,48320.7,31.5079
6285,03/07/20 05:57:30 AM,16.01,48320.7,31.5079
6286,03/07/20 05:57:40 AM,16.01,48320.7,31.5079
6287,03/07/20 05:57:50 AM,16.01,48320.7,31.5079
6288,03/07/20 05:58:00 AM,16.01,48355.0,31.5330
6289,03/07/20 05:58:10 AM,16.01,48346.5,31.5267
6290,03/07/20 05:58:20 AM,16.01,48333.6,31.5173
6291,03/07/20 05:58:30 AM,16.01,48333.6,31.5173
6292,03/07/20 05:58:40 AM,16.01,48333.6,31.5173
6293,03/07/20 05:58:50 AM,16.00,48331.6,31.5158
6294,03/07/20 05:59:00 AM,16.01,48333.6,31.5173
6295,03/07/20 05:59:10 AM,16.01,48320.7,31.5079
6296,03/07/20 05:59:20 AM,16.01,48320.7,31.5079
6297,03/07/20 05:59:30 AM,16.01,48355.0,31.5330
6298,03/07/20 05:59:40 AM,16.01,48367.9,31.5424
6299,03/07/20 05:59:50 AM,16.01,48333.6,31.5173
6300,03/07/20 06:00:00 AM,16.01,48320.7,31.5079
6301,03/07/20 06:00:10 AM,16.01,48333.6,31.5173
6302,03/07/20 06:00:20 AM,16.01,48333.6,31.5173
6303,03/07/20 06:00:30 AM,16.01,48333.6,31.5173
6304,03/07/20 06:00:40 AM,16.01,48333.6,31.5173
6305,03/07/20 06:00:50 AM,16.01,48346.5,31.5267
6306,03/07/20 06:01:00 AM,16.01,48299.3,31.4923
6307,03/07/20 06:01:10 AM,16.01,48320.7,31.5079
6308,03/07/20 06:01:20 AM,16.00,48344.4,31.5252
6309,03/07/20 06:01:30 AM,16.01,48333.6,31.5173
6310,03/07/20 06:01:40 AM,16.00,48357.3,31.5347
6311,03/07/20 06:01:50 AM,16.00,48331.6,31.5158
6312,03/07/20 06:02:00 AM,16.00,48323.0,31.5096
6313,03/07/20 06:02:10 AM,16.00,48310.2,31.5002
6314,03/07/20 06:02:20 AM,16.01,48320.7,31.5079
6315,03/07/20 06:02:30 AM,16.01,48355.0,31.5330
6316,03/07/20 06:02:40 AM,16.01,48299.3,31.4923
6317,03/07/20 06:02:50 AM,16.01,48355.0,31.5330
6318,03/07/20 06:03:00 AM,16.01,47390.6,30.8300
6319,03/07/20 06:03:10 AM,16.01,47589.9,30.9750
6320,03/07/20 06:03:20 AM,16.01,47556.5,30.9508
6321,03/07/20 06:03:30 AM,16.01,47589.9,30.9750
6322,03/07/20 06:03:40 AM,16.01,47469.3,30.8872
6323,03/07/20 06:03:50 AM,16.01,47619.1,30.9963
6324,03/07/20 06:04:00 AM,16.01,47619.1,30.9963
6325,03/07/20 06:04:10 AM,16.00,47401.3,30.8377
6326,03/07/20 06:04:20 AM,16.01,47456.8,30.8781
6327,03/07/20 06:04:30 AM,16.01,47456.8,30.8781
6328,03/07/20 06:04:40 AM,16.01,47357.5,30.8059
6329,03/07/20 06:04:50 AM,16.01,47316.2,30.7759
6330,03/07/20 06:05:00 AM,16.01,47237.9,30.7189
6331,03/07/20 06:05:10 AM,16.00,47273.2,30.7446
6332,03/07/20 06:05:20 AM,16.01,47328.6,30.7849
6333,03/07/20 06:05:30 AM,16.01,47357.5,30.8059
6334,03/07/20 06:05:40 AM,16.01,47037.2,30.5729
6335,03/07/20 06:05:50 AM,16.01,46253.0,30.0038
6336,03/07/20 06:06:00 AM,16.01,46079.4,29.8780
6337,03/07/20 06:06:10 AM,16.01,46531.9,30.2060
6338,03/07/20 06:06:20 AM,16.01,46408.0,30.1162
6339,03/07/20 06:06:30 AM,16.01,46324.4,30.0555
6340,03/07/20 06:06:40 AM,16.00,46490.2,30.1758
6341,03/07/20 06:06:50 AM,16.01,46584.0,30.2438
6342,03/07/20 06:07:00 AM,16.01,46636.1,30.2816
6343,03/07/20 06:07:10 AM,16.00,46763.5,30.3741
6344,03/07/20 06:07:20 AM,16.01,46740.9,30.3577
6345,03/07/20 06:07:30 AM,16.01,46728.7,30.3489
6346,03/07/20 06:07:40 AM,16.00,46743.2,30.3594
6347,03/07/20 06:07:50 AM,16.01,46801.4,30.4017
6348,03/07/20 06:08:00 AM,16.01,46636.1,30.2816
6349,03/07/20 06:08:10 AM,16.01,46696.5,30.3255
6350,03/07/20 06:08:20 AM,16.00,46594.5,30.2514
6351,03/07/20 06:08:30 AM,16.01,46720.7,30.3431
6352,03/07/20 06:08:40 AM,16.00,46731.2,30.3507
6353,03/07/20 06:08:50 AM,16.01,46740.9,30.3577
6354,03/07/20 06:09:00 AM,16.00,46574.4,30.2368
6355,03/07/20 06:09:10 AM,16.01,46656.2,30.2962
6356,03/07/20 06:09:20 AM,16.01,46584.0,30.2438
6357,03/07/20 06:09:30 AM,16.01,46584.0,30.2438
6358,03/07/20 06:09:40 AM,16.00,46658.7,30.2981
6359,03/07/20 06:09:50 AM,16.01,46781.2,30.3870
6360,03/07/20 06:10:00 AM,16.00,46739.3,30.3565
6361,03/07/20 06:10:10 AM,16.01,46479.8,30.1682
6362,03/07/20 06:10:20 AM,16.00,46666.7,30.3038
6363,03/07/20 06:10:30 AM,16.00,46698.9,30.3273
6364,03/07/20 06:10:40 AM,16.01,46781.2,30.3870
6365,03/07/20 06:10:50 AM,16.01,46773.2,30.3811
6366,03/07/20 06:11:00 AM,16.01,46773.2,30.3811
6367,03/07/20 06:11:10 AM,16.00,46848.4,30.4358
6368,03/07/20 06:11:20 AM,16.00,46856.5,30.4417
6369,03/07/20 06:11:30 AM,16.00,46848.4,30.4358
6370,03/07/20 06:11:40 AM,16.01,46648.2,30.2905
6371,03/07/20 06:11:50 AM,16.01,46720.7,30.3431
6372,03/07/20 06:12:00 AM,16.00,46522.2,30.1990
6373,03/07/20 06:12:10 AM,16.01,46656.2,30.2962
6374,03/07/20 06:12:20 AM,16.01,46700.5,30.3284
6375,03/07/20 06:12:30 AM,16.01,46628.1,30.2759
6376,03/07/20 06:12:40 AM,16.00,46666.7,30.3038
6377,03/07/20 06:12:50 AM,16.00,46666.7,30.3038
6378,03/07/20 06:13:00 AM,16.01,46712.6,30.3372
6379,03/07/20 06:13:10 AM,16.00,46771.5,30.3800
6380,03/07/20 06:13:20 AM,16.01,46878.5,30.4576
6381,03/07/20 06:13:30 AM,16.00,46723.1,30.3448
6382,03/07/20 06:13:40 AM,16.01,46752.9,30.3665
6383,03/07/20 06:13:50 AM,16.01,46700.5,30.3284
6384,03/07/20 06:14:00 AM,16.00,46711.0,30.3360
6385,03/07/20 06:14:10 AM,16.01,46616.0,30.2671
6386,03/07/20 06:14:20 AM,16.01,46700.5,30.3284
6387,03/07/20 06:14:30 AM,16.00,46690.9,30.3214
6388,03/07/20 06:14:40 AM,16.01,46720.7,30.3431
6389,03/07/20 06:14:50 AM,16.01,46732.7,30.3518
6390,03/07/20 06:15:00 AM,16.01,46491.8,30.1769
6391,03/07/20 06:15:10 AM,16.00,46514.3,30.1933
6392,03/07/20 06:15:20 AM,16.00,46670.8,30.3068
6393,03/07/20 06:15:30 AM,16.00,46598.4,30.2543
6394,03/07/20 06:15:40 AM,16.00,46510.3,30.1904
6395,03/07/20 06:15:50 AM,16.00,46554.3,30.2223
6396,03/07/20 06:16:00 AM,16.00,46462.3,30.1555
6397,03/07/20 06:16:10 AM,16.00,46586.4,30.2456
6398,03/07/20 06:16:20 AM,16.00,46574.4,30.2368
6399,03/07/20 06:16:30 AM,16.00,46554.3,30.2223
6400,03/07/20 06:16:40 AM,16.00,46514.3,30.1933
6401,03/07/20 06:16:50 AM,16.00,46534.3,30.2078
6402,03/07/20 06:17:00 AM,16.00,46534.3,30.2078
6403,03/07/20 06:17:10 AM,16.01,46543.8,30.2147
6404,03/07/20 06:17:20 AM,16.00,46490.2,30.1758
6405,03/07/20 06:17:30 AM,16.00,46534.3,30.2078
6406,03/07/20 06:17:40 AM,16.00,46514.3,30.1933
6407,03/07/20 06:17:50 AM,16.00,46534.3,30.2078
6408,03/07/20 06:18:00 AM,16.00,46506.2,30.1874
6409,03/07/20 06:18:10 AM,16.00,46554.3,30.2223
6410,03/07/20 06:18:20 AM,16.00,46514.3,30.1933
6411,03/07/20 06:18:30 AM,16.01,46563.9,30.2292
6412,03/07/20 06:18:40 AM,16.00,46658.7,30.2981
6413,03/07/20 06:18:50 AM,16.00,46731.2,30.3507
6414,03/07/20 06:19:00 AM,16.00,46554.3,30.2223
6415,03/07/20 06:19:10 AM,16.00,46598.4,30.2543
6416,03/07/20 06:19:20 AM,16.01,46439.9,30.1393
6417,03/07/20 06:19:30 AM,16.00,46462.3,30.1555
6418,03/07/20 06:19:40 AM,16.01,46451.8,30.1480
6419,03/07/20 06:19:50 AM,16.00,46526.3,30.2020
6420,03/07/20 06:20:00 AM,16.00,46494.3,30.1788
6421,03/07/20 06:20:10 AM,16.00,46422.4,30.1266
6422,03/07/20 06:20:20 AM,16.01,46483.8,30.1712
6423,03/07/20 06:20:30 AM,16.00,46450.4,30.1469
6424,03/07/20 06:20:40 AM,16.00,46546.3,30.2165
6425,03/07/20 06:20:50 AM,16.01,46515.9,30.1944
6426,03/07/20 06:21:00 AM,16.00,46430.4,30.1324
6427,03/07/20 06:21:10 AM,16.00,46422.4,30.1266
6428,03/07/20 06:21:20 AM,16.00,46474.3,30.1643
6429,03/07/20 06:21:30 AM,16.00,46606.5,30.2602
6430,03/07/20 06:21:40 AM,16.01,46596.0,30.2526
6431,03/07/20 06:21:50 AM,16.00,46534.3,30.2078
6432,03/07/20 06:22:00 AM,16.00,46526.3,30.2020
6433,03/07/20 06:22:10 AM,16.00,46506.2,30.1874
6434,03/07/20 06:22:20 AM,16.01,46535.8,30.2089
6435,03/07/20 06:22:30 AM,16.01,46535.8,30.2089
6436,03/07/20 06:22:40 AM,16.00,46350.8,30.0747
6437,03/07/20 06:22:50 AM,16.00,46598.4,30.2543
6438,03/07/20 06:23:00 AM,16.00,46494.3,30.1788
6439,03/07/20 06:23:10 AM,16.01,46475.8,30.1653
6440,03/07/20 06:23:20 AM,16.00,46534.3,30.2078
6441,03/07/20 06:23:30 AM,16.01,46547.9,30.2176
6442,03/07/20 06:23:40 AM,16.00,46526.3,30.2020
6443,03/07/20 06:23:50 AM,16.00,46578.3,30.2397
6444,03/07/20 06:24:00 AM,16.00,46442.3,30.1411
6445,03/07/20 06:24:10 AM,16.00,46526.3,30.2020
6446,03/07/20 06:24:20 AM,16.00,46566.3,30.2310
6447,03/07/20 06:24:30 AM,16.01,46547.9,30.2176
6448,03/07/20 06:24:40 AM,16.00,46514.3,30.1933
6449,03/07/20 06:24:50 AM,16.00,46586.4,30.2456
6450,03/07/20 06:25:00 AM,16.00,46486.2,30.1729
6451,03/07/20 06:25:10 AM,16.01,46475.8,30.1653
6452,03/07/20 06:25:20 AM,16.01,46400.0,30.1103
6453,03/07/20 06:25:30 AM,16.01,46412.0,30.1191
6454,03/07/20 06:25:40 AM,16.00,46442.3,30.1411
6455,03/07/20 06:25:50 AM,16.00,46454.3,30.1498
6456,03/07/20 06:26:00 AM,16.01,46340.4,30.0672
6457,03/07/20 06:26:10 AM,16.01,46372.2,30.0902
6458,03/07/20 06:26:20 AM,16.01,46400.0,30.1103
6459,03/07/20 06:26:30 AM,16.00,46279.3,30.0229
6460,03/07/20 06:26:40 AM,16.01,46280.8,30.0240
6461,03/07/20 06:26:50 AM,16.01,46300.7,30.0384
6462,03/07/20 06:27:00 AM,16.01,46372.2,30.0902
6463,03/07/20 06:27:10 AM,16.01,46308.5,30.0440
6464,03/07/20 06:27:20 AM,16.00,46338.8,30.0660
6465,03/07/20 06:27:30 AM,16.01,46300.7,30.0384
6466,03/07/20 06:27:40 AM,16.00,46370.7,30.0891
6467,03/07/20 06:27:50 AM,16.00,46105.5,29.8969
6468,03/07/20 06:28:00 AM,16.00,46362.7,30.0834
6469,03/07/20 06:28:10 AM,16.00,46402.5,30.1122
6470,03/07/20 06:28:20 AM,16.00,46402.5,30.1122
6471,03/07/20 06:28:30 AM,16.01,46423.9,30.1277
6472,03/07/20 06:28:40 AM,16.00,46466.3,30.1584
6473,03/07/20 06:28:50 AM,16.00,46494.3,30.1788
6474,03/07/20 06:29:00 AM,16.01,46392.0,30.1046
6475,03/07/20 06:29:10 AM,16.00,46402.5,30.1122
6476,03/07/20 06:29:20 AM,16.00,46558.3,30.2252
6477,03/07/20 06:29:30 AM,16.00,46622.5,30.2718
6478,03/07/20 06:29:40 AM,16.00,46434.4,30.1353
6479,03/07/20 06:29:50 AM,16.01,46249.1,30.0009
6480,03/07/20 06:30:00 AM,16.01,46436.0,30.1364
6481,03/07/20 06:30:10 AM,16.00,45406.4,29.3911
6482,03/07/20 06:30:20 AM,16.00,45683.7,29.5916
6483,03/07/20 06:30:30 AM,16.00,46188.3,29.9569
6484,03/07/20 06:30:40 AM,16.00,46015.1,29.8314
6485,03/07/20 06:30:50 AM,16.00,46180.4,29.9512
6486,03/07/20 06:31:00 AM,16.01,46158.2,29.9351
6487,03/07/20 06:31:10 AM,16.01,46126.7,29.9122
6488,03/07/20 06:31:20 AM,16.00,46271.4,30.0171
6489,03/07/20 06:31:30 AM,16.00,46208.1,29.9712
6490,03/07/20 06:31:40 AM,16.00,46279.3,30.0229
6491,03/07/20 06:31:50 AM,16.00,45956.2,29.7888
6492,03/07/20 06:32:00 AM,16.00,45843.0,29.7068
6493,03/07/20 06:32:10 AM,16.00,45734.1,29.6281
6494,03/07/20 06:32:20 AM,16.00,45956.2,29.7888
6495,03/07/20 06:32:30 AM,16.00,46370.7,30.0891
6496,03/07/20 06:32:40 AM,16.00,46322.9,30.0545
6497,03/07/20 06:32:50 AM,16.01,46209.6,29.9723
6498,03/07/20 06:33:00 AM,16.00,46279.3,30.0229
6499,03/07/20 06:33:10 AM,16.00,46251.6,30.0028
6500,03/07/20 06:33:20 AM,16.00,46291.2,30.0315
6501,03/07/20 06:33:30 AM,16.00,46251.6,30.0028
6502,03/07/20 06:33:40 AM,16.01,46324.4,30.0555
6503,03/07/20 06:33:50 AM,16.00,46406.4,30.1150
6504,03/07/20 06:34:00 AM,16.00,46334.8,30.0631
6505,03/07/20 06:34:10 AM,16.00,46350.8,30.0747
6506,03/07/20 06:34:20 AM,16.00,46434.4,30.1353
6507,03/07/20 06:34:30 AM,16.00,46394.5,30.1064
6508,03/07/20 06:34:40 AM,16.01,46016.5,29.8325
6509,03/07/20 06:34:50 AM,16.01,46189.7,29.9579
6510,03/07/20 06:35:00 AM,16.01,46261.0,30.0096
6511,03/07/20 06:35:10 AM,16.01,45704.5,29.6066
6512,03/07/20 06:35:20 AM,16.01,45743.2,29.6346
6513,03/07/20 06:35:30 AM,16.00,45668.3,29.5804
6514,03/07/20 06:35:40 AM,16.00,46038.6,29.8484
6515,03/07/20 06:35:50 AM,16.00,46070.1,29.8713
6516,03/07/20 06:36:00 AM,16.00,46129.1,29.9140
6517,03/07/20 06:36:10 AM,16.01,46221.4,29.9809
6518,03/07/20 06:36:20 AM,16.00,46200.1,29.9655
6519,03/07/20 06:36:30 AM,16.00,46518.3,30.1961
6520,03/07/20 06:36:40 AM,16.01,46447.9,30.1451
6521,03/07/20 06:36:50 AM,16.00,46426.4,30.1295
6522,03/07/20 06:37:00 AM,16.01,46404.1,30.1133
6523,03/07/20 06:37:10 AM,16.00,46386.6,30.1006
6524,03/07/20 06:37:20 AM,16.00,46470.4,30.1614
6525,03/07/20 06:37:30 AM,16.00,46394.5,30.1064
6526,03/07/20 06:37:40 AM,16.00,46346.9,30.0718
6527,03/07/20 06:37:50 AM,16.01,46980.0,30.5314
6528,03/07/20 06:38:00 AM,16.00,48305.9,31.4971
6529,03/07/20 06:38:10 AM,16.00,48340.2,31.5222
6530,03/07/20 06:38:20 AM,16.01,48363.7,31.5393
6531,03/07/20 06:38:30 AM,16.01,48363.7,31.5393
6532,03/07/20 06:38:40 AM,16.01,48376.5,31.5487
6533,03/07/20 06:38:50 AM,16.00,48353.0,31.5315
6534,03/07/20 06:39:00 AM,16.00,48340.2,31.5222
6535,03/07/20 06:39:10 AM,16.01,48342.1,31.5236
6536,03/07/20 06:39:20 AM,16.00,48396.0,31.5629
6537,03/07/20 06:39:30 AM,16.00,48374.5,31.5472
6538,03/07/20 06:39:40 AM,16.01,48329.4,31.5142
6539,03/07/20 06:39:50 AM,16.00,48374.5,31.5472
6540,03/07/20 06:40:00 AM,16.00,48374.5,31.5472
6541,03/07/20 06:40:10 AM,16.01,48342.1,31.5236
6542,03/07/20 06:40:20 AM,16.01,48410.8,31.5737
6543,03/07/20 06:40:30 AM,16.01,48320.7,31.5079
6544,03/07/20 06:40:40 AM,16.00,48365.9,31.5409
6545,03/07/20 06:40:50 AM,16.01,48398.0,31.5643
6546,03/07/20 06:41:00 AM,16.00,48340.2,31.5222
6547,03/07/20 06:41:10 AM,16.01,48342.1,31.5236
6548,03/07/20 06:41:20 AM,16.01,48363.7,31.5393
6549,03/07/20 06:41:30 AM,16.00,48387.4,31.5566
6550,03/07/20 06:41:40 AM,16.00,48318.8,31.5065
6551,03/07/20 06:41:50 AM,16.00,48396.0,31.5629
6552,03/07/20 06:42:00 AM,16.00,48396.0,31.5629
6553,03/07/20 06:42:10 AM,16.01,48350.8,31.5299
6554,03/07/20 06:42:20 AM,16.01,48385.1,31.5549
6555,03/07/20 06:42:30 AM,16.00,48331.6,31.5158
6556,03/07/20 06:42:40 AM,16.00,48374.5,31.5472
6557,03/07/20 06:42:50 AM,16.00,48374.5,31.5472
6558,03/07/20 06:43:00 AM,16.00,48353.0,31.5315
6559,03/07/20 06:43:10 AM,16.01,48320.7,31.5079
6560,03/07/20 06:43:20 AM,16.00,48331.6,31.5158
6561,03/07/20 06:43:30 AM,16.01,48329.4,31.5142
6562,03/07/20 06:43:40 AM,16.00,48365.9,31.5409
6563,03/07/20 06:43:50 AM,16.01,48342.1,31.5236
6564,03/07/20 06:44:00 AM,16.01,48376.5,31.5487
6565,03/07/20 06:44:10 AM,16.01,48355.0,31.5330
6566,03/07/20 06:44:20 AM,16.00,48353.0,31.5315
6567,03/07/20 06:44:30 AM,16.00,48374.5,31.5472
6568,03/07/20 06:44:40 AM,16.01,48342.1,31.5236
6569,03/07/20 06:44:50 AM,16.00,48353.0,31.5315
6570,03/07/20 06:45:00 AM,16.01,48320.7,31.5079
6571,03/07/20 06:45:10 AM,16.00,48365.9,31.5409
6572,03/07/20 06:45:20 AM,16.01,48333.6,31.5173
6573,03/07/20 06:45:30 AM,16.01,48342.1,31.5236
6574,03/07/20 06:45:40 AM,16.00,48365.9,31.5409
6575,03/07/20 06:45:50 AM,16.01,48376.5,31.5487
6576,03/07/20 06:46:00 AM,16.00,48331.6,31.5158
6577,03/07/20 06:46:10 AM,16.01,48355.0,31.5330
6578,03/07/20 06:46:20 AM,16.01,48308.0,31.4986
6579,03/07/20 06:46:30 AM,16.00,48331.6,31.5158
6580,03/07/20 06:46:40 AM,16.00,48331.6,31.5158
6581,03/07/20 06:46:50 AM,16.00,48318.8,31.5065
6582,03/07/20 06:47:00 AM,16.01,48355.0,31.5330
6583,03/07/20 06:47:10 AM,16.00,48365.9,31.5409
6584,03/07/20 06:47:20 AM,16.00,48331.6,31.5158
6585,03/07/20 06:47:30 AM,16.00,48331.6,31.5158
6586,03/07/20 06:47:40 AM,16.00,48353.0,31.5315
6587,03/07/20 06:47:50 AM,16.00,48318.8,31.5065
6588,03/07/20 06:48:00 AM,16.00,48310.2,31.5002
6589,03/07/20 06:48:10 AM,16.00,48353.0,31.5315
6590,03/07/20 06:48:20 AM,16.00,48297.4,31.4909
6591,03/07/20 06:48:30 AM,15.98,48331.9,31.5161
6592,03/07/20 06:48:40 AM,15.98,48353.3,31.5317
6593,03/07/20 06:48:50 AM,15.98,48340.6,31.5224
6594,03/07/20 06:49:00 AM,15.98,48319.1,31.5068
6595,03/07/20 06:49:10 AM,15.98,48340.6,31.5224
6596,03/07/20 06:49:20 AM,15.98,48327.7,31.5130
6597,03/07/20 06:49:30 AM,15.97,48407.2,31.5711
6598,03/07/20 06:49:40 AM,15.97,48385.6,31.5553
6599,03/07/20 06:49:50 AM,15.97,48351.4,31.5303
6600,03/07/20 06:50:00 AM,15.97,48364.2,31.5397
6601,03/07/20 06:50:10 AM,15.97,48364.2,31.5397
6602,03/07/20 06:50:20 AM,15.97,48364.2,31.5397
6603,03/07/20 06:50:30 AM,15.97,48351.4,31.5303
6604,03/07/20 06:50:40 AM,15.96,48306.7,31.4977
6605,03/07/20 06:50:50 AM,15.97,48351.4,31.5303
6606,03/07/20 06:51:00 AM,15.97,48342.8,31.5240
6607,03/07/20 06:51:10 AM,15.97,48351.4,31.5303
6608,03/07/20 06:51:20 AM,15.97,48330.0,31.5147
6609,03/07/20 06:51:30 AM,15.97,48351.4,31.5303
6610,03/07/20 06:51:40 AM,15.97,48351.4,31.5303
6611,03/07/20 06:51:50 AM,15.97,48308.6,31.4990
6612,03/07/20 06:52:00 AM,15.97,48364.2,31.5397
6613,03/07/20 06:52:10 AM,15.97,48342.8,31.5240
6614,03/07/20 06:52:20 AM,15.97,48330.0,31.5147
6615,03/07/20 06:52:30 AM,15.97,48330.0,31.5147
6616,03/07/20 06:52:40 AM,15.97,48364.2,31.5397
6617,03/07/20 06:52:50 AM,15.97,48385.6,31.5553
6618,03/07/20 06:53:00 AM,15.97,48351.4,31.5303
6619,03/07/20 06:53:10 AM,15.97,48342.8,31.5240
6620,03/07/20 06:53:20 AM,15.97,48321.4,31.5085
6621,03/07/20 06:53:30 AM,15.97,48308.6,31.4990
6622,03/07/20 06:53:40 AM,15.97,48364.2,31.5397
6623,03/07/20 06:53:50 AM,15.97,48330.0,31.5147
6624,03/07/20 06:54:00 AM,15.96,48340.9,31.5226
6625,03/07/20 06:54:10 AM,15.97,48330.0,31.5147
6626,03/07/20 06:54:20 AM,15.97,48308.6,31.4990
6627,03/07/20 06:54:30 AM,15.97,48330.0,31.5147
6628,03/07/20 06:54:40 AM,15.96,48353.6,31.5320
6629,03/07/20 06:54:50 AM,15.96,48396.5,31.5633
6630,03/07/20 06:55:00 AM,15.97,48330.0,31.5147
6631,03/07/20 06:55:10 AM,15.96,48362.3,31.5383
6632,03/07/20 06:55:20 AM,15.97,48364.2,31.5397
6633,03/07/20 06:55:30 AM,15.96,48375.1,31.5476
6634,03/07/20 06:55:40 AM,15.97,48385.6,31.5553
6635,03/07/20 06:55:50 AM,15.96,48332.3,31.5164
6636,03/07/20 06:56:00 AM,15.96,48375.1,31.5476
6637,03/07/20 06:56:10 AM,15.96,48319.4,31.5070
6638,03/07/20 06:56:20 AM,15.97,48364.2,31.5397
6639,03/07/20 06:56:30 AM,15.96,48340.9,31.5226
6640,03/07/20 06:56:40 AM,15.96,48362.3,31.5383
6641,03/07/20 06:56:50 AM,15.96,48332.3,31.5164
6642,03/07/20 06:57:00 AM,15.97,48308.6,31.4990
6643,03/07/20 06:57:10 AM,15.96,48362.3,31.5383
6644,03/07/20 06:57:20 AM,15.97,48295.8,31.4897
6645,03/07/20 06:57:30 AM,15.96,48362.3,31.5383
6646,03/07/20 06:57:40 AM,15.96,48375.1,31.5476
6647,03/07/20 06:57:50 AM,15.96,48306.7,31.4977
6648,03/07/20 06:58:00 AM,15.95,48364.5,31.5399
6649,03/07/20 06:58:10 AM,15.96,48319.4,31.5070
6650,03/07/20 06:58:20 AM,15.96,48332.3,31.5164
6651,03/07/20 06:58:30 AM,15.96,48362.3,31.5383
6652,03/07/20 06:58:40 AM,15.96,48340.9,31.5226
6653,03/07/20 06:58:50 AM,15.96,48353.6,31.5320
6654,03/07/20 06:59:00 AM,15.96,48306.7,31.4977
6655,03/07/20 06:59:10 AM,15.95,48364.5,31.5399
6656,03/07/20 06:59:20 AM,15.96,48306.7,31.4977
6657,03/07/20 06:59:30 AM,15.95,48343.2,31.5243
6658,03/07/20 06:59:40 AM,15.96,48306.7,31.4977
6659,03/07/20 06:59:50 AM,15.95,48351.7,31.5306
6660,03/07/20 07:00:00 AM,15.96,48396.5,31.5633
6661,03/07/20 07:00:10 AM,15.96,48319.4,31.5070
6662,03/07/20 07:00:20 AM,15.96,48298.1,31.4914
6663,03/07/20 07:00:30 AM,15.96,48182.8,31.4073
6664,03/07/20 07:00:40 AM,15.96,48229.7,31.4415
6665,03/07/20 07:00:50 AM,15.95,48343.2,31.5243
6666,03/07/20 07:01:00 AM,15.96,48251.1,31.4571
6667,03/07/20 07:01:10 AM,15.96,48298.1,31.4914
6668,03/07/20 07:01:20 AM,15.96,48340.9,31.5226
6669,03/07/20 07:01:30 AM,15.96,48332.3,31.5164
6670,03/07/20 07:01:40 AM,15.96,48340.9,31.5226
6671,03/07/20 07:01:50 AM,15.96,48332.3,31.5164
6672,03/07/20 07:02:00 AM,15.95,48373.2,31.5462
6673,03/07/20 07:02:10 AM,15.96,48362.3,31.5383
6674,03/07/20 07:02:20 AM,15.96,48306.7,31.4977
6675,03/07/20 07:02:30 AM,15.96,48353.6,31.5320
6676,03/07/20 07:02:40 AM,15.96,48319.4,31.5070
6677,03/07/20 07:02:50 AM,15.96,48340.9,31.5226
6678,03/07/20 07:03:00 AM,15.96,48340.9,31.5226
6679,03/07/20 07:03:10 AM,15.96,48375.1,31.5476
6680,03/07/20 07:03:20 AM,15.96,48340.9,31.5226
6681,03/07/20 07:03:30 AM,15.96,48332.3,31.5164
6682,03/07/20 07:03:40 AM,15.96,48319.4,31.5070
6683,03/07/20 07:03:50 AM,15.96,48353.6,31.5320
6684,03/07/20 07:04:00 AM,15.95,48386.0,31.5556
6685,03/07/20 07:04:10 AM,15.96,48298.1,31.4914
6686,03/07/20 07:04:20 AM,15.96,48340.9,31.5226
6687,03/07/20 07:04:30 AM,15.96,48375.1,31.5476
6688,03/07/20 07:04:40 AM,15.96,48319.4,31.5070
6689,03/07/20 07:04:50 AM,15.96,48332.3,31.5164
6690,03/07/20 07:05:00 AM,15.96,48353.6,31.5320
6691,03/07/20 07:05:10 AM,15.96,48306.7,31.4977
6692,03/07/20 07:05:20 AM,15.96,48319.4,31.5070
6693,03/07/20 07:05:30 AM,15.95,48343.2,31.5243
6694,03/07/20 07:05:40 AM,15.96,48319.4,31.5070
6695,03/07/20 07:05:50 AM,15.96,48353.6,31.5320
6696,03/07/20 07:06:00 AM,15.96,48353.6,31.5320
6697,03/07/20 07:06:10 AM,15.96,48366.5,31.5414
6698,03/07/20 07:06:20 AM,15.95,48364.5,31.5399
6699,03/07/20 07:06:30 AM,15.96,48310.9,31.5007
6700,03/07/20 07:06:40 AM,15.96,48332.3,31.5164
6701,03/07/20 07:06:50 AM,15.96,48298.1,31.4914
6702,03/07/20 07:07:00 AM,15.95,48364.5,31.5399
6703,03/07/20 07:07:10 AM,15.95,48321.7,31.5087
6704,03/07/20 07:07:20 AM,15.96,48319.4,31.5070
6705,03/07/20 07:07:30 AM,15.95,48351.7,31.5306
6706,03/07/20 07:07:40 AM,15.96,48353.6,31.5320
6707,03/07/20 07:07:50 AM,15.95,48321.7,31.5087
6708,03/07/20 07:08:00 AM,15.95,48321.7,31.5087
6709,03/07/20 07:08:10 AM,15.95,48364.5,31.5399
6710,03/07/20 07:08:20 AM,15.95,48364.5,31.5399
6711,03/07/20 07:08:30 AM,15.95,48343.2,31.5243
6712,03/07/20 07:08:40 AM,15.96,48345.1,31.5257
6713,03/07/20 07:08:50 AM,15.95,48343.2,31.5243
6714,03/07/20 07:09:00 AM,15.95,48321.7,31.5087
6715,03/07/20 07:09:10 AM,15.95,48321.7,31.5087
6716,03/07/20 07:09:20 AM,15.96,48319.4,31.5070
6717,03/07/20 07:09:30 AM,15.95,48343.2,31.5243
6718,03/07/20 07:09:40 AM,15.95,48356.0,31.5337
6719,03/07/20 07:09:50 AM,15.95,48309.0,31.4993
6720,03/07/20 07:10:00 AM,15.95,48309.0,31.4993
6721,03/07/20 07:10:10 AM,15.95,48321.7,31.5087
6722,03/07/20 07:10:20 AM,15.95,48321.7,31.5087
6723,03/07/20 07:10:30 AM,15.95,48343.2,31.5243
6724,03/07/20 07:10:40 AM,15.96,48345.1,31.5257
6725,03/07/20 07:10:50 AM,15.96,48332.3,31.5164
6726,03/07/20 07:11:00 AM,15.95,48343.2,31.5243
6727,03/07/20 07:11:10 AM,15.96,48310.9,31.5007
6728,03/07/20 07:11:20 AM,15.95,48356.0,31.5337
6729,03/07/20 07:11:30 AM,15.95,48364.5,31.5399
6730,03/07/20 07:11:40 AM,15.96,48366.5,31.5414
6731,03/07/20 07:11:50 AM,15.96,48319.4,31.5070
6732,03/07/20 07:12:00 AM,15.96,48345.1,31.5257
6733,03/07/20 07:12:10 AM,15.96,48345.1,31.5257
6734,03/07/20 07:12:20 AM,15.95,48343.2,31.5243
6735,03/07/20 07:12:30 AM,15.96,48345.1,31.5257
6736,03/07/20 07:12:40 AM,15.95,48377.4,31.5493
6737,03/07/20 07:12:50 AM,15.95,48287.5,31.4837
6738,03/07/20 07:13:00 AM,15.96,48332.3,31.5164
6739,03/07/20 07:13:10 AM,15.96,48319.4,31.5070
6740,03/07/20 07:13:20 AM,15.96,48319.4,31.5070
6741,03/07/20 07:13:30 AM,15.95,48356.0,31.5337
6742,03/07/20 07:13:40 AM,15.96,48366.5,31.5414
6743,03/07/20 07:13:50 AM,15.95,48309.0,31.4993
6744,03/07/20 07:14:00 AM,15.96,48319.4,31.5070
6745,03/07/20 07:14:10 AM,15.96,48332.3,31.5164
6746,03/07/20 07:14:20 AM,15.96,48375.1,31.5476
6747,03/07/20 07:14:30 AM,15.96,48310.9,31.5007
6748,03/07/20 07:14:40 AM,15.96,48353.6,31.5320
6749,03/07/20 07:14:50 AM,15.96,48310.9,31.5007
6750,03/07/20 07:15:00 AM,15.96,48366.5,31.5414
6751,03/07/20 07:15:10 AM,15.96,48310.9,31.5007
6752,03/07/20 07:15:20 AM,15.96,48345.1,31.5257
6753,03/07/20 07:15:30 AM,15.96,48319.4,31.5070
6754,03/07/20 07:15:40 AM,15.96,48345.1,31.5257
6755,03/07/20 07:15:50 AM,15.96,48366.5,31.5414
6756,03/07/20 07:16:00 AM,15.96,48332.3,31.5164
6757,03/07/20 07:16:10 AM,15.96,48332.3,31.5164
6758,03/07/20 07:16:20 AM,15.96,48310.9,31.5007
6759,03/07/20 07:16:30 AM,15.96,48319.4,31.5070
6760,03/07/20 07:16:40 AM,15.96,48332.3,31.5164
6761,03/07/20 07:16:50 AM,15.96,48379.4,31.5508
6762,03/07/20 07:17:00 AM,15.96,48310.9,31.5007
6763,03/07/20 07:17:10 AM,15.96,48310.9,31.5007
6764,03/07/20 07:17:20 AM,15.96,48298.1,31.4914
6765,03/07/20 07:17:30 AM,15.96,48332.3,31.5164
6766,03/07/20 07:17:40 AM,15.96,48310.9,31.5007
6767,03/07/20 07:17:50 AM,15.96,48310.9,31.5007
6768,03/07/20 07:18:00 AM,15.96,48332.3,31.5164
6769,03/07/20 07:18:10 AM,15.96,48345.1,31.5257
6770,03/07/20 07:18:20 AM,15.96,48345.1,31.5257
6771,03/07/20 07:18:30 AM,15.95,48356.0,31.5337
6772,03/07/20 07:18:40 AM,15.95,48364.5,31.5399
6773,03/07/20 07:18:50 AM,15.95,48309.0,31.4993
6774,03/07/20 07:19:00 AM,15.96,48319.4,31.5070
6775,03/07/20 07:19:10 AM,15.95,48300.4,31.4931
6776,03/07/20 07:19:20 AM,15.96,48345.1,31.5257
6777,03/07/20 07:19:30 AM,15.96,48332.3,31.5164
6778,03/07/20 07:19:40 AM,15.96,48379.4,31.5508
6779,03/07/20 07:19:50 AM,15.96,48332.3,31.5164
6780,03/07/20 07:20:00 AM,15.95,48313.2,31.5024
6781,03/07/20 07:20:10 AM,15.95,48334.6,31.5181
6782,03/07/20 07:20:20 AM,15.96,48323.8,31.5101
6783,03/07/20 07:20:30 AM,15.96,48345.1,31.5257
6784,03/07/20 07:20:40 AM,15.96,48358.0,31.5351
6785,03/07/20 07:20:50 AM,15.95,48309.0,31.4993
6786,03/07/20 07:21:00 AM,15.96,48323.8,31.5101
6787,03/07/20 07:21:10 AM,15.96,48310.9,31.5007
6788,03/07/20 07:21:20 AM,15.96,48319.4,31.5070
6789,03/07/20 07:21:30 AM,15.96,48289.6,31.4852
6790,03/07/20 07:21:40 AM,15.96,48379.4,31.5508
6791,03/07/20 07:21:50 AM,15.96,48345.1,31.5257
6792,03/07/20 07:22:00 AM,15.96,48323.8,31.5101
6793,03/07/20 07:22:10 AM,15.96,48289.6,31.4852
6794,03/07/20 07:22:20 AM,15.96,48323.8,31.5101
6795,03/07/20 07:22:30 AM,15.96,48358.0,31.5351
6796,03/07/20 07:22:40 AM,15.96,48332.3,31.5164
6797,03/07/20 07:22:50 AM,15.96,48379.4,31.5508
6798,03/07/20 07:23:00 AM,15.96,48345.1,31.5257
6799,03/07/20 07:23:10 AM,15.96,48323.8,31.5101
6800,03/07/20 07:23:20 AM,15.96,48310.9,31.5007
6801,03/07/20 07:23:30 AM,15.96,48323.8,31.5101
6802,03/07/20 07:23:40 AM,15.96,48323.8,31.5101
6803,03/07/20 07:23:50 AM,15.96,48332.3,31.5164
6804,03/07/20 07:24:00 AM,15.96,48332.3,31.5164
6805,03/07/20 07:24:10 AM,15.97,48347.1,31.5272
6806,03/07/20 07:24:20 AM,15.96,48332.3,31.5164
6807,03/07/20 07:24:30 AM,15.97,48300.0,31.4928
6808,03/07/20 07:24:40 AM,15.96,48366.5,31.5414
6809,03/07/20 07:24:50 AM,15.97,48312.9,31.5022
6810,03/07/20 07:25:00 AM,15.97,48334.2,31.5178
6811,03/07/20 07:25:10 AM,15.96,48345.1,31.5257
6812,03/07/20 07:25:20 AM,15.96,48345.1,31.5257
6813,03/07/20 07:25:30 AM,15.97,48321.4,31.5085
6814,03/07/20 07:25:40 AM,15.97,48347.1,31.5272
6815,03/07/20 07:25:50 AM,15.97,48368.5,31.5428
6816,03/07/20 07:26:00 AM,15.96,48388.0,31.5570
6817,03/07/20 07:26:10 AM,15.96,48345.1,31.5257
6818,03/07/20 07:26:20 AM,15.97,48312.9,31.5022
6819,03/07/20 07:26:30 AM,15.97,48334.2,31.5178
6820,03/07/20 07:26:40 AM,15.97,48312.9,31.5022
6821,03/07/20 07:26:50 AM,15.97,48321.4,31.5085
6822,03/07/20 07:27:00 AM,15.96,48358.0,31.5351
6823,03/07/20 07:27:10 AM,15.97,48334.2,31.5178
6824,03/07/20 07:27:20 AM,15.97,48334.2,31.5178
6825,03/07/20 07:27:30 AM,15.96,48379.4,31.5508
6826,03/07/20 07:27:40 AM,15.97,48321.4,31.5085
6827,03/07/20 07:27:50 AM,15.96,48345.1,31.5257
6828,03/07/20 07:28:00 AM,15.96,48310.9,31.5007
6829,03/07/20 07:28:10 AM,15.96,48323.8,31.5101
6830,03/07/20 07:28:20 AM,15.97,48334.2,31.5178
6831,03/07/20 07:28:30 AM,15.96,48358.0,31.5351
6832,03/07/20 07:28:40 AM,15.96,48358.0,31.5351
6833,03/07/20 07:28:50 AM,15.97,48312.9,31.5022
6834,03/07/20 07:29:00 AM,15.96,48345.1,31.5257
6835,03/07/20 07:29:10 AM,15.96,48323.8,31.5101
6836,03/07/20 07:29:20 AM,15.96,48281.0,31.4789
6837,03/07/20 07:29:30 AM,15.96,48358.0,31.5351
6838,03/07/20 07:29:40 AM,15.96,48345.1,31.5257
6839,03/07/20 07:29:50 AM,15.96,48302.3,31.4945
6840,03/07/20 07:30:00 AM,15.96,48302.3,31.4945
6841,03/07/20 07:30:10 AM,15.96,48392.3,31.5602
6842,03/07/20 07:30:20 AM,15.97,48334.2,31.5178
6843,03/07/20 07:30:30 AM,15.97,48300.0,31.4928
6844,03/07/20 07:30:40 AM,15.96,48302.3,31.4945
6845,03/07/20 07:30:50 AM,15.96,48345.1,31.5257
6846,03/07/20 07:31:00 AM,15.97,48304.3,31.4960
6847,03/07/20 07:31:10 AM,15.97,48368.5,31.5428
6848,03/07/20 07:31:20 AM,15.97,48300.0,31.4928
6849,03/07/20 07:31:30 AM,15.97,48312.9,31.5022
6850,03/07/20 07:31:40 AM,15.97,48291.5,31.4866
6851,03/07/20 07:31:50 AM,15.97,48347.1,31.5272
6852,03/07/20 07:32:00 AM,15.97,48334.2,31.5178
6853,03/07/20 07:32:10 AM,15.97,48312.9,31.5022
6854,03/07/20 07:32:20 AM,15.96,48323.8,31.5101
6855,03/07/20 07:32:30 AM,15.97,48300.0,31.4928
6856,03/07/20 07:32:40 AM,15.96,48323.8,31.5101
6857,03/07/20 07:32:50 AM,15.97,48270.1,31.4710
6858,03/07/20 07:33:00 AM,15.96,48323.8,31.5101
6859,03/07/20 07:33:10 AM,15.96,48315.2,31.5039
6860,03/07/20 07:33:20 AM,15.97,48325.7,31.5115
6861,03/07/20 07:33:30 AM,15.96,48289.6,31.4852
6862,03/07/20 07:33:40 AM,15.96,48315.2,31.5039
6863,03/07/20 07:33:50 AM,15.96,48302.3,31.4945
6864,03/07/20 07:34:00 AM,15.96,48358.0,31.5351
6865,03/07/20 07:34:10 AM,15.96,48281.0,31.4789
6866,03/07/20 07:34:20 AM,15.97,48312.9,31.5022
6867,03/07/20 07:34:30 AM,15.97,48325.7,31.5115
6868,03/07/20 07:34:40 AM,15.96,48281.0,31.4789
6869,03/07/20 07:34:50 AM,15.96,48315.2,31.5039
6870,03/07/20 07:35:00 AM,15.97,48312.9,31.5022
6871,03/07/20 07:35:10 AM,15.97,48325.7,31.5115
6872,03/07/20 07:35:20 AM,15.96,48315.2,31.5039
6873,03/07/20 07:35:30 AM,15.96,48315.2,31.5039
6874,03/07/20 07:35:40 AM,15.96,48315.2,31.5039
6875,03/07/20 07:35:50 AM,15.97,48304.3,31.4960
6876,03/07/20 07:36:00 AM,15.96,48315.2,31.5039
6877,03/07/20 07:36:10 AM,15.96,48370.9,31.5445
6878,03/07/20 07:36:20 AM,15.97,48312.9,31.5022
6879,03/07/20 07:36:30 AM,15.96,48345.1,31.5257
6880,03/07/20 07:36:40 AM,15.96,48315.2,31.5039
6881,03/07/20 07:36:50 AM,15.96,48315.2,31.5039
6882,03/07/20 07:37:00 AM,15.96,48281.0,31.4789
6883,03/07/20 07:37:10 AM,15.96,48323.8,31.5101
6884,03/07/20 07:37:20 AM,15.97,48304.3,31.4960
6885,03/07/20 07:37:30 AM,15.97,48325.7,31.5115
6886,03/07/20 07:37:40 AM,15.96,48379.4,31.5508
6887,03/07/20 07:37:50 AM,15.96,48345.1,31.5257
6888,03/07/20 07:38:00 AM,15.96,48315.2,31.5039
6889,03/07/20 07:38:10 AM,15.97,48278.7,31.4772
6890,03/07/20 07:38:20 AM,15.96,48336.5,31.5195
6891,03/07/20 07:38:30 AM,15.97,48334.2,31.5178
6892,03/07/20 07:38:40 AM,15.97,48278.7,31.4772
6893,03/07/20 07:38:50 AM,15.96,48315.2,31.5039
6894,03/07/20 07:39:00 AM,15.96,48289.6,31.4852
6895,03/07/20 07:39:10 AM,15.97,48270.1,31.4710
6896,03/07/20 07:39:20 AM,15.97,48312.9,31.5022
6897,03/07/20 07:39:30 AM,15.97,48304.3,31.4960
6898,03/07/20 07:39:40 AM,15.97,48278.7,31.4772
6899,03/07/20 07:39:50 AM,15.96,48315.2,31.5039
6900,03/07/20 07:40:00 AM,15.97,48304.3,31.4960
6901,03/07/20 07:40:10 AM,15.97,48304.3,31.4960
6902,03/07/20 07:40:20 AM,15.97,48334.2,31.5178
6903,03/07/20 07:40:30 AM,15.97,48312.9,31.5022
6904,03/07/20 07:40:40 AM,15.97,48334.2,31.5178
6905,03/07/20 07:40:50 AM,15.97,48325.7,31.5115
6906,03/07/20 07:41:00 AM,15.97,48278.7,31.4772
6907,03/07/20 07:41:10 AM,15.96,48289.6,31.4852
6908,03/07/20 07:41:20 AM,15.97,48291.5,31.4866
6909,03/07/20 07:41:30 AM,15.97,48304.3,31.4960
6910,03/07/20 07:41:40 AM,15.96,48323.8,31.5101
6911,03/07/20 07:41:50 AM,15.97,48278.7,31.4772
6912,03/07/20 07:42:00 AM,15.97,48334.2,31.5178
6913,03/07/20 07:42:10 AM,15.97,48312.9,31.5022
6914,03/07/20 07:42:20 AM,15.97,48304.3,31.4960
6915,03/07/20 07:42:30 AM,15.97,48334.2,31.5178
6916,03/07/20 07:42:40 AM,15.97,48312.9,31.5022
6917,03/07/20 07:42:50 AM,15.97,48291.5,31.4866
6918,03/07/20 07:43:00 AM,15.96,48323.8,31.5101
6919,03/07/20 07:43:10 AM,15.97,48291.5,31.4866
6920,03/07/20 07:43:20 AM,15.97,48291.5,31.4866
6921,03/07/20 07:43:30 AM,15.97,48291.5,31.4866
6922,03/07/20 07:43:40 AM,15.97,47812.6,31.1373
6923,03/07/20 07:43:50 AM,15.97,47649.4,31.0184
6924,03/07/20 07:44:00 AM,15.97,47628.5,31.0032
6925,03/07/20 07:44:10 AM,15.97,47662.0,31.0275
6926,03/07/20 07:44:20 AM,15.97,47616.1,30.9941
6927,03/07/20 07:44:30 AM,15.97,47313.4,30.7738
6928,03/07/20 07:44:40 AM,15.97,47259.8,30.7348
6929,03/07/20 07:44:50 AM,15.97,47239.4,30.7199
6930,03/07/20 07:45:00 AM,15.98,47261.6,30.7361
6931,03/07/20 07:45:10 AM,15.97,47334.0,30.7888
6932,03/07/20 07:45:20 AM,15.96,47291.1,30.7576
6933,03/07/20 07:45:30 AM,15.97,47173.6,30.6721
6934,03/07/20 07:45:40 AM,15.97,47259.8,30.7348
6935,03/07/20 07:45:50 AM,15.96,47278.8,30.7486
6936,03/07/20 07:46:00 AM,15.96,47258.2,30.7336
6937,03/07/20 07:46:10 AM,15.97,47280.4,30.7498
6938,03/07/20 07:46:20 AM,15.96,47291.1,30.7576
6939,03/07/20 07:46:30 AM,15.97,47313.4,30.7738
6940,03/07/20 07:46:40 AM,15.97,47268.1,30.7409
6941,03/07/20 07:46:50 AM,15.97,47334.0,30.7888
6942,03/07/20 07:47:00 AM,15.96,47291.1,30.7576
6943,03/07/20 07:47:10 AM,15.97,47325.8,30.7829
6944,03/07/20 07:47:20 AM,15.96,47237.6,30.7187
6945,03/07/20 07:47:30 AM,15.97,47227.0,30.7109
6946,03/07/20 07:47:40 AM,15.97,47313.4,30.7738
6947,03/07/20 07:47:50 AM,15.97,47280.4,30.7498
6948,03/07/20 07:48:00 AM,15.97,47280.4,30.7498
6949,03/07/20 07:48:10 AM,15.97,47292.8,30.7588
6950,03/07/20 07:48:20 AM,15.97,47305.1,30.7678
6951,03/07/20 07:48:30 AM,15.96,47315.8,30.7755
6952,03/07/20 07:48:40 AM,15.96,47217.1,30.7038
6953,03/07/20 07:48:50 AM,15.96,47270.5,30.7426
6954,03/07/20 07:49:00 AM,15.96,47303.5,30.7666
6955,03/07/20 07:49:10 AM,15.97,47325.8,30.7829
6956,03/07/20 07:49:20 AM,15.97,47313.4,30.7738
6957,03/07/20 07:49:30 AM,15.97,47313.4,30.7738
6958,03/07/20 07:49:40 AM,15.97,47292.8,30.7588
6959,03/07/20 07:49:50 AM,15.97,47292.8,30.7588
6960,03/07/20 07:50:00 AM,15.97,47305.1,30.7678
6961,03/07/20 07:50:10 AM,15.97,47284.5,30.7528
6962,03/07/20 07:50:20 AM,15.97,47313.4,30.7738
6963,03/07/20 07:50:30 AM,15.97,47305.1,30.7678
6964,03/07/20 07:50:40 AM,15.97,47313.4,30.7738
6965,03/07/20 07:50:50 AM,15.97,47313.4,30.7738
6966,03/07/20 07:51:00 AM,15.97,47367.0,30.8128
6967,03/07/20 07:51:10 AM,15.97,47325.8,30.7829
6968,03/07/20 07:51:20 AM,15.97,47259.8,30.7348
6969,03/07/20 07:51:30 AM,15.97,47259.8,30.7348
6970,03/07/20 07:51:40 AM,15.97,47305.1,30.7678
6971,03/07/20 07:51:50 AM,15.97,47305.1,30.7678
6972,03/07/20 07:52:00 AM,15.97,47313.4,30.7738
6973,03/07/20 07:52:10 AM,15.97,47334.0,30.7888
6974,03/07/20 07:52:20 AM,15.97,47313.4,30.7738
6975,03/07/20 07:52:30 AM,15.97,47325.8,30.7829
6976,03/07/20 07:52:40 AM,15.97,47227.0,30.7109
6977,03/07/20 07:52:50 AM,15.97,47227.0,30.7109
6978,03/07/20 07:53:00 AM,15.97,47227.0,30.7109
6979,03/07/20 07:53:10 AM,15.97,47301.0,30.7648
6980,03/07/20 07:53:20 AM,15.97,47227.0,30.7109
6981,03/07/20 07:53:30 AM,15.97,47272.2,30.7439
6982,03/07/20 07:53:40 AM,15.97,47272.2,30.7439
6983,03/07/20 07:53:50 AM,15.97,47264.1,30.7379
6984,03/07/20 07:54:00 AM,15.97,47272.2,30.7439
6985,03/07/20 07:54:10 AM,15.97,47284.5,30.7528
6986,03/07/20 07:54:20 AM,15.97,47292.8,30.7588
6987,03/07/20 07:54:30 AM,15.97,47284.5,30.7528
6988,03/07/20 07:54:40 AM,15.97,47305.1,30.7678
6989,03/07/20 07:54:50 AM,15.97,47284.5,30.7528
6990,03/07/20 07:55:00 AM,15.97,47313.4,30.7738
6991,03/07/20 07:55:10 AM,15.97,47313.4,30.7738
6992,03/07/20 07:55:20 AM,15.97,47305.1,30.7678
6993,03/07/20 07:55:30 AM,15.97,47284.5,30.7528
6994,03/07/20 07:55:40 AM,15.97,47292.8,30.7588
6995,03/07/20 07:55:50 AM,15.97,47313.4,30.7738
6996,03/07/20 07:56:00 AM,15.97,47272.2,30.7439
6997,03/07/20 07:56:10 AM,15.96,47303.5,30.7666
6998,03/07/20 07:56:20 AM,15.96,47336.5,30.7906
6999,03/07/20 07:56:30 AM,15.97,47284.5,30.7528
7000,03/07/20 07:56:40 AM,15.97,47313.4,30.7738
7001,03/07/20 07:56:50 AM,15.96,47262.3,30.7366
7002,03/07/20 07:57:00 AM,15.97,47251.6,30.7289
7003,03/07/20 07:57:10 AM,15.96,47282.9,30.7516
7004,03/07/20 07:57:20 AM,15.96,47262.3,30.7366
7005,03/07/20 07:57:30 AM,15.96,47303.5,30.7666
7006,03/07/20 07:57:40 AM,15.97,47272.2,30.7439
7007,03/07/20 07:57:50 AM,15.96,47282.9,30.7516
7008,03/07/20 07:58:00 AM,15.96,47324.1,30.7816
7009,03/07/20 07:58:10 AM,15.97,47313.4,30.7738
7010,03/07/20 07:58:20 AM,15.96,47328.2,30.7846
7011,03/07/20 07:58:30 AM,15.96,47336.5,30.7906
7012,03/07/20 07:58:40 AM,15.96,47303.5,30.7666
7013,03/07/20 07:58:50 AM,15.96,47348.8,30.7995
7014,03/07/20 07:59:00 AM,15.96,47315.8,30.7755
7015,03/07/20 07:59:10 AM,15.96,47295.2,30.7605
7016,03/07/20 07:59:20 AM,15.96,47274.7,30.7456
7017,03/07/20 07:59:30 AM,15.96,47282.9,30.7516
7018,03/07/20 07:59:40 AM,15.96,47254.1,30.7307
7019,03/07/20 07:59:50 AM,15.96,47262.3,30.7366
7020,03/07/20 08:00:00 AM,15.96,47295.2,30.7605
7021,03/07/20 08:00:10 AM,15.96,47315.8,30.7755
7022,03/07/20 08:00:20 AM,15.96,47303.5,30.7666
7023,03/07/20 08:00:30 AM,15.96,47324.1,30.7816
7024,03/07/20 08:00:40 AM,15.96,47315.8,30.7755
7025,03/07/20 08:00:50 AM,15.96,47315.8,30.7755
7026,03/07/20 08:01:00 AM,15.96,47282.9,30.7516
7027,03/07/20 08:01:10 AM,15.96,47303.5,30.7666
7028,03/07/20 08:01:20 AM,15.96,47254.1,30.7307
7029,03/07/20 08:01:30 AM,15.96,47315.8,30.7755
7030,03/07/20 08:01:40 AM,15.96,47282.9,30.7516
7031,03/07/20 08:01:50 AM,15.96,47262.3,30.7366
7032,03/07/20 08:02:00 AM,15.96,47262.3,30.7366
7033,03/07/20 08:02:10 AM,15.96,47274.7,30.7456
7034,03/07/20 08:02:20 AM,15.96,47282.9,30.7516
7035,03/07/20 08:02:30 AM,15.97,47317.5,30.7768
7036,03/07/20 08:02:40 AM,15.96,47315.8,30.7755
7037,03/07/20 08:02:50 AM,15.96,47241.8,30.7217
7038,03/07/20 08:03:00 AM,15.97,47272.2,30.7439
7039,03/07/20 08:03:10 AM,15.96,47336.5,30.7906
7040,03/07/20 08:03:20 AM,15.96,47348.8,30.7995
7041,03/07/20 08:03:30 AM,15.96,47328.2,30.7846
7042,03/07/20 08:03:40 AM,15.96,47315.8,30.7755
7043,03/07/20 08:03:50 AM,15.96,47328.2,30.7846
7044,03/07/20 08:04:00 AM,15.96,47340.6,30.7936
7045,03/07/20 08:04:10 AM,15.95,47305.8,30.7683
7046,03/07/20 08:04:20 AM,15.96,47307.6,30.7696
7047,03/07/20 08:04:30 AM,15.97,47317.5,30.7768
7048,03/07/20 08:04:40 AM,15.96,47328.2,30.7846
7049,03/07/20 08:04:50 AM,15.97,47305.1,30.7678
7050,03/07/20 08:05:00 AM,15.97,47391.8,30.8309
7051,03/07/20 08:05:10 AM,15.96,47369.5,30.8146
7052,03/07/20 08:05:20 AM,15.96,47348.8,30.7995
7053,03/07/20 08:05:30 AM,15.96,47369.5,30.8146
7054,03/07/20 08:05:40 AM,15.96,47369.5,30.8146
7055,03/07/20 08:05:50 AM,15.96,47295.2,30.7605
7056,03/07/20 08:06:00 AM,15.96,47348.8,30.7995
7057,03/07/20 08:06:10 AM,15.96,47390.1,30.8296
7058,03/07/20 08:06:20 AM,15.96,47369.5,30.8146
7059,03/07/20 08:06:30 AM,15.96,47394.2,30.8326
7060,03/07/20 08:06:40 AM,15.96,47381.9,30.8236
7061,03/07/20 08:06:50 AM,15.96,47369.5,30.8146
7062,03/07/20 08:07:00 AM,15.96,47369.5,30.8146
7063,03/07/20 08:07:10 AM,15.96,47361.2,30.8086
7064,03/07/20 08:07:20 AM,15.96,47381.9,30.8236
7065,03/07/20 08:07:30 AM,15.96,47414.9,30.8477
7066,03/07/20 08:07:40 AM,15.97,47371.2,30.8159
7067,03/07/20 08:07:50 AM,15.97,47391.8,30.8309
7068,03/07/20 08:08:00 AM,15.96,47348.8,30.7995
7069,03/07/20 08:08:10 AM,15.96,47369.5,30.8146
7070,03/07/20 08:08:20 AM,15.96,47328.2,30.7846
7071,03/07/20 08:08:30 AM,15.97,47437.4,30.8640
7072,03/07/20 08:08:40 AM,15.97,47412.6,30.8459
7073,03/07/20 08:08:50 AM,15.96,47361.2,30.8086
7074,03/07/20 08:09:00 AM,15.97,47383.5,30.8248
7075,03/07/20 08:09:10 AM,15.97,47350.5,30.8008
7076,03/07/20 08:09:20 AM,15.96,47402.5,30.8386
7077,03/07/20 08:09:30 AM,15.97,47362.9,30.8098
7078,03/07/20 08:09:40 AM,15.97,47362.9,30.8098
7079,03/07/20 08:09:50 AM,15.96,47414.9,30.8477
7080,03/07/20 08:10:00 AM,15.96,47361.2,30.8086
7081,03/07/20 08:10:10 AM,15.96,47402.5,30.8386
7082,03/07/20 08:10:20 AM,15.96,48349.4,31.5289
7083,03/07/20 08:10:30 AM,15.97,48317.1,31.5053
7084,03/07/20 08:10:40 AM,15.97,48295.8,31.4897
7085,03/07/20 08:10:50 AM,15.96,48306.7,31.4977
7086,03/07/20 08:11:00 AM,15.96,48340.9,31.5226
7087,03/07/20 08:11:10 AM,15.96,48349.4,31.5289
7088,03/07/20 08:11:20 AM,15.96,48328.0,31.5132
7089,03/07/20 08:11:30 AM,15.97,48338.5,31.5209
7090,03/07/20 08:11:40 AM,15.96,48340.9,31.5226
7091,03/07/20 08:11:50 AM,15.96,48293.8,31.4882
7092,03/07/20 08:12:00 AM,15.96,48319.4,31.5070
7093,03/07/20 08:12:10 AM,15.96,48306.7,31.4977
7094,03/07/20 08:12:20 AM,15.96,48298.1,31.4914
7095,03/07/20 08:12:30 AM,15.96,48306.7,31.4977
7096,03/07/20 08:12:40 AM,15.96,48306.7,31.4977
7097,03/07/20 08:12:50 AM,15.96,48349.4,31.5289
7098,03/07/20 08:13:00 AM,15.96,48285.2,31.4820
7099,03/07/20 08:13:10 AM,15.97,48295.8,31.4897
7100,03/07/20 08:13:20 AM,15.96,48306.7,31.4977
7101,03/07/20 08:13:30 AM,15.96,48349.4,31.5289
7102,03/07/20 08:13:40 AM,15.96,48306.7,31.4977
7103,03/07/20 08:13:50 AM,15.96,48332.3,31.5164
7104,03/07/20 08:14:00 AM,15.96,48306.7,31.4977
7105,03/07/20 08:14:10 AM,15.96,48319.4,31.5070
7106,03/07/20 08:14:20 AM,15.97,48295.8,31.4897
7107,03/07/20 08:14:30 AM,15.96,48328.0,31.5132
7108,03/07/20 08:14:40 AM,15.97,48274.4,31.4741
7109,03/07/20 08:14:50 AM,15.96,48340.9,31.5226
7110,03/07/20 08:15:00 AM,15.97,48321.4,31.5085
7111,03/07/20 08:15:10 AM,15.96,48306.7,31.4977
7112,03/07/20 08:15:20 AM,15.96,48306.7,31.4977
7113,03/07/20 08:15:30 AM,15.96,48310.9,31.5007
7114,03/07/20 08:15:40 AM,15.97,48253.0,31.4585
7115,03/07/20 08:15:50 AM,15.97,48308.6,31.4990
7116,03/07/20 08:16:00 AM,15.96,48276.7,31.4758
7117,03/07/20 08:16:10 AM,15.96,48332.3,31.5164
7118,03/07/20 08:16:20 AM,15.96,48298.1,31.4914
7119,03/07/20 08:16:30 AM,15.97,48253.0,31.4585
7120,03/07/20 08:16:40 AM,15.97,48265.8,31.4678
7121,03/07/20 08:16:50 AM,15.97,48330.0,31.5147
7122,03/07/20 08:17:00 AM,15.96,48319.4,31.5070
7123,03/07/20 08:17:10 AM,15.97,48287.2,31.4835
7124,03/07/20 08:17:20 AM,15.96,48332.3,31.5164
7125,03/07/20 08:17:30 AM,15.96,48319.4,31.5070
7126,03/07/20 08:17:40 AM,15.97,48253.0,31.4585
7127,03/07/20 08:17:50 AM,15.96,48319.4,31.5070
7128,03/07/20 08:18:00 AM,15.96,48310.9,31.5007
7129,03/07/20 08:18:10 AM,15.96,48263.9,31.4664
7130,03/07/20 08:18:20 AM,15.96,48298.1,31.4914
7131,03/07/20 08:18:30 AM,15.96,48319.4,31.5070
7132,03/07/20 08:18:40 AM,15.96,48340.9,31.5226
7133,03/07/20 08:18:50 AM,15.97,48308.6,31.4990
7134,03/07/20 08:19:00 AM,15.96,48332.3,31.5164
7135,03/07/20 08:19:10 AM,15.97,48274.4,31.4741
7136,03/07/20 08:19:20 AM,15.96,48298.1,31.4914
7137,03/07/20 08:19:30 AM,15.96,48319.4,31.5070
7138,03/07/20 08:19:40 AM,15.96,48285.2,31.4820
7139,03/07/20 08:19:50 AM,15.96,48310.9,31.5007
7140,03/07/20 08:20:00 AM,15.96,48332.3,31.5164
7141,03/07/20 08:20:10 AM,15.96,48332.3,31.5164
7142,03/07/20 08:20:20 AM,15.96,48319.4,31.5070
7143,03/07/20 08:20:30 AM,15.96,48298.1,31.4914
7144,03/07/20 08:20:40 AM,15.96,48285.2,31.4820
7145,03/07/20 08:20:50 AM,15.96,48319.4,31.5070
7146,03/07/20 08:21:00 AM,15.96,48276.7,31.4758
7147,03/07/20 08:21:10 AM,15.96,48332.3,31.5164
7148,03/07/20 08:21:20 AM,15.96,48310.9,31.5007
7149,03/07/20 08:21:30 AM,15.96,48319.4,31.5070
7150,03/07/20 08:21:40 AM,15.97,48321.4,31.5085
7151,03/07/20 08:21:50 AM,15.97,48265.8,31.4678
7152,03/07/20 08:22:00 AM,15.96,48340.9,31.5226
7153,03/07/20 08:22:10 AM,15.96,48332.3,31.5164
7154,03/07/20 08:22:20 AM,15.96,48285.2,31.4820
7155,03/07/20 08:22:30 AM,15.96,48332.3,31.5164
7156,03/07/20 08:22:40 AM,15.96,48340.9,31.5226
7157,03/07/20 08:22:50 AM,15.96,48298.1,31.4914
7158,03/07/20 08:23:00 AM,15.96,48332.3,31.5164
7159,03/07/20 08:23:10 AM,15.96,48310.9,31.5007
7160,03/07/20 08:23:20 AM,15.96,48310.9,31.5007
7161,03/07/20 08:23:30 AM,15.96,48285.2,31.4820
7162,03/07/20 08:23:40 AM,15.96,48285.2,31.4820
7163,03/07/20 08:23:50 AM,15.96,48310.9,31.5007
7164,03/07/20 08:24:00 AM,15.96,48298.1,31.4914
7165,03/07/20 08:24:10 AM,15.96,48298.1,31.4914
7166,03/07/20 08:24:20 AM,15.96,48340.9,31.5226
7167,03/07/20 08:24:30 AM,15.96,48285.2,31.4820
7168,03/07/20 08:24:40 AM,15.96,48310.9,31.5007
7169,03/07/20 08:24:50 AM,15.96,48285.2,31.4820
7170,03/07/20 08:25:00 AM,15.96,48310.9,31.5007
7171,03/07/20 08:25:10 AM,15.96,48285.2,31.4820
7172,03/07/20 08:25:20 AM,15.95,48321.7,31.5087
7173,03/07/20 08:25:30 AM,15.96,48285.2,31.4820
7174,03/07/20 08:25:40 AM,15.96,48298.1,31.4914
7175,03/07/20 08:25:50 AM,15.96,48298.1,31.4914
7176,03/07/20 08:26:00 AM,15.96,48285.2,31.4820
7177,03/07/20 08:26:10 AM,15.96,48285.2,31.4820
7178,03/07/20 08:26:20 AM,15.96,48298.1,31.4914
7179,03/07/20 08:26:30 AM,15.96,48285.2,31.4820
7180,03/07/20 08:26:40 AM,15.96,48319.4,31.5070
7181,03/07/20 08:26:50 AM,15.96,48353.6,31.5320
7182,03/07/20 08:27:00 AM,15.96,48319.4,31.5070
7183,03/07/20 08:27:10 AM,15.96,48310.9,31.5007
7184,03/07/20 08:27:20 AM,15.95,48309.0,31.4993
7185,03/07/20 08:27:30 AM,15.96,48285.2,31.4820
7186,03/07/20 08:27:40 AM,15.96,48298.1,31.4914
7187,03/07/20 08:27:50 AM,15.96,48310.9,31.5007
7188,03/07/20 08:28:00 AM,15.96,48340.9,31.5226
7189,03/07/20 08:28:10 AM,15.96,48332.3,31.5164
7190,03/07/20 08:28:20 AM,15.96,48263.9,31.4664
7191,03/07/20 08:28:30 AM,15.96,48263.9,31.4664
7192,03/07/20 08:28:40 AM,15.96,48298.1,31.4914
7193,03/07/20 08:28:50 AM,15.97,48300.0,31.4928
7194,03/07/20 08:29:00 AM,15.96,48310.9,31.5007
7195,03/07/20 08:29:10 AM,15.96,48345.1,31.5257
7196,03/07/20 08:29:20 AM,15.96,48332.3,31.5164
7197,03/07/20 08:29:30 AM,15.96,48276.7,31.4758
7198,03/07/20 08:29:40 AM,15.96,48242.6,31.4509
7199,03/07/20 08:29:50 AM,15.96,48276.7,31.4758
7200,03/07/20 08:30:00 AM,15.96,48332.3,31.5164
7201,03/07/20 08:30:10 AM,15.97,48274.4,31.4741
7202,03/07/20 08:30:20 AM,15.96,48332.3,31.5164
7203,03/07/20 08:30:30 AM,15.96,48310.9,31.5007
7204,03/07/20 08:30:40 AM,15.96,48298.1,31.4914
7205,03/07/20 08:30:50 AM,15.96,48285.2,31.4820
7206,03/07/20 08:31:00 AM,15.96,48298.1,31.4914
7207,03/07/20 08:31:10 AM,15.96,48289.6,31.4852
7208,03/07/20 08:31:20 AM,15.96,48242.6,31.4509
7209,03/07/20 08:31:30 AM,15.96,48310.9,31.5007
7210,03/07/20 08:31:40 AM,15.96,48276.7,31.4758
7211,03/07/20 08:31:50 AM,15.96,48289.6,31.4852
7212,03/07/20 08:32:00 AM,15.96,48319.4,31.5070
7213,03/07/20 08:32:10 AM,15.96,48298.1,31.4914
7214,03/07/20 08:32:20 AM,15.96,48323.8,31.5101
7215,03/07/20 08:32:30 AM,15.96,48323.8,31.5101
7216,03/07/20 08:32:40 AM,15.96,48332.3,31.5164
7217,03/07/20 08:32:50 AM,15.96,48289.6,31.4852
7218,03/07/20 08:33:00 AM,15.96,48298.1,31.4914
7219,03/07/20 08:33:10 AM,15.96,48268.1,31.4695
7220,03/07/20 08:33:20 AM,15.96,48310.9,31.5007
7221,03/07/20 08:33:30 AM,15.96,48310.9,31.5007
7222,03/07/20 08:33:40 AM,15.96,48298.1,31.4914
7223,03/07/20 08:33:50 AM,15.96,48298.1,31.4914
7224,03/07/20 08:34:00 AM,15.96,48268.1,31.4695
7225,03/07/20 08:34:10 AM,15.97,48321.4,31.5085
7226,03/07/20 08:34:20 AM,15.96,48289.6,31.4852
7227,03/07/20 08:34:30 AM,15.97,48265.8,31.4678
7228,03/07/20 08:34:40 AM,15.96,48310.9,31.5007
7229,03/07/20 08:34:50 AM,15.96,48310.9,31.5007
7230,03/07/20 08:35:00 AM,15.96,48276.7,31.4758
7231,03/07/20 08:35:10 AM,15.96,48289.6,31.4852
7232,03/07/20 08:35:20 AM,15.96,48276.7,31.4758
7233,03/07/20 08:35:30 AM,15.96,48298.1,31.4914
7234,03/07/20 08:35:40 AM,15.96,48323.8,31.5101
7235,03/07/20 08:35:50 AM,15.96,48276.7,31.4758
7236,03/07/20 08:36:00 AM,15.96,48323.8,31.5101
7237,03/07/20 08:36:10 AM,15.97,48321.4,31.5085
7238,03/07/20 08:36:20 AM,15.96,48298.1,31.4914
7239,03/07/20 08:36:30 AM,15.96,48289.6,31.4852
7240,03/07/20 08:36:40 AM,15.96,48255.3,31.4602
7241,03/07/20 08:36:50 AM,15.96,48298.1,31.4914
7242,03/07/20 08:37:00 AM,15.96,48289.6,31.4852
7243,03/07/20 08:37:10 AM,15.96,48268.1,31.4695
7244,03/07/20 08:37:20 AM,15.96,48298.1,31.4914
7245,03/07/20 08:37:30 AM,15.96,48298.1,31.4914
7246,03/07/20 08:37:40 AM,15.96,48298.1,31.4914
7247,03/07/20 08:37:50 AM,15.96,48289.6,31.4852
7248,03/07/20 08:38:00 AM,15.96,48268.1,31.4695
7249,03/07/20 08:38:10 AM,15.96,48332.3,31.5164
7250,03/07/20 08:38:20 AM,15.96,48323.8,31.5101
7251,03/07/20 08:38:30 AM,15.96,48298.1,31.4914
7252,03/07/20 08:38:40 AM,15.96,48289.6,31.4852
7253,03/07/20 08:38:50 AM,15.96,48298.1,31.4914
7254,03/07/20 08:39:00 AM,15.96,48268.1,31.4695
7255,03/07/20 08:39:10 AM,15.96,48276.7,31.4758
7256,03/07/20 08:39:20 AM,15.96,48246.8,31.4540
7257,03/07/20 08:39:30 AM,15.96,48276.7,31.4758
7258,03/07/20 08:39:40 AM,15.96,48276.7,31.4758
7259,03/07/20 08:39:50 AM,15.96,48268.1,31.4695
7260,03/07/20 08:40:00 AM,15.96,48310.9,31.5007
7261,03/07/20 08:40:10 AM,15.96,48276.7,31.4758
7262,03/07/20 08:40:20 AM,15.96,48298.1,31.4914
7263,03/07/20 08:40:30 AM,15.96,48289.6,31.4852
7264,03/07/20 08:40:40 AM,15.96,48310.9,31.5007
7265,03/07/20 08:40:50 AM,15.96,48310.9,31.5007
7266,03/07/20 08:41:00 AM,15.96,48255.3,31.4602
7267,03/07/20 08:41:10 AM,15.96,48276.7,31.4758
7268,03/07/20 08:41:20 AM,15.96,48276.7,31.4758
7269,03/07/20 08:41:30 AM,15.97,48278.7,31.4772
7270,03/07/20 08:41:40 AM,15.96,48268.1,31.4695
7271,03/07/20 08:41:50 AM,15.97,48265.8,31.4678
7272,03/07/20 08:42:00 AM,15.97,48321.4,31.5085
7273,03/07/20 08:42:10 AM,15.97,48265.8,31.4678
7274,03/07/20 08:42:20 AM,15.97,48278.7,31.4772
7275,03/07/20 08:42:30 AM,15.97,48278.7,31.4772
7276,03/07/20 08:42:40 AM,15.97,48300.0,31.4928
7277,03/07/20 08:42:50 AM,15.96,48298.1,31.4914
7278,03/07/20 08:43:00 AM,15.97,48265.8,31.4678
7279,03/07/20 08:43:10 AM,15.97,48244.5,31.4523
7280,03/07/20 08:43:20 AM,15.96,48268.1,31.4695
7281,03/07/20 08:43:30 AM,15.97,48223.2,31.4367
7282,03/07/20 08:43:40 AM,15.97,48312.9,31.5022
7283,03/07/20 08:43:50 AM,15.97,48235.9,31.4460
7284,03/07/20 08:44:00 AM,15.96,48302.3,31.4945
7285,03/07/20 08:44:10 AM,15.96,48289.6,31.4852
7286,03/07/20 08:44:20 AM,15.96,48276.7,31.4758
7287,03/07/20 08:44:30 AM,15.96,48276.7,31.4758
7288,03/07/20 08:44:40 AM,15.97,48244.5,31.4523
7289,03/07/20 08:44:50 AM,15.96,48332.3,31.5164
7290,03/07/20 08:45:00 AM,15.96,48289.6,31.4852
7291,03/07/20 08:45:10 AM,15.96,48268.1,31.4695
7292,03/07/20 08:45:20 AM,15.96,48310.9,31.5007
7293,03/07/20 08:45:30 AM,15.96,48268.1,31.4695
7294,03/07/20 08:45:40 AM,15.96,48323.8,31.5101
7295,03/07/20 08:45:50 AM,15.96,48289.6,31.4852
7296,03/07/20 08:46:00 AM,15.96,48310.9,31.5007
7297,03/07/20 08:46:10 AM,15.96,48255.3,31.4602
7298,03/07/20 08:46:20 AM,15.95,48244.9,31.4526
7299,03/07/20 08:46:30 AM,15.96,48310.9,31.5007
7300,03/07/20 08:46:40 AM,15.96,48246.8,31.4540
7301,03/07/20 08:46:50 AM,15.96,48289.6,31.4852
7302,03/07/20 08:47:00 AM,15.96,48276.7,31.4758
7303,03/07/20 08:47:10 AM,15.96,48255.3,31.4602
7304,03/07/20 08:47:20 AM,15.95,48300.4,31.4931
7305,03/07/20 08:47:30 AM,15.95,48291.9,31.4869
7306,03/07/20 08:47:40 AM,15.95,48279.0,31.4775
7307,03/07/20 08:47:50 AM,15.95,48266.2,31.4681
7308,03/07/20 08:48:00 AM,15.95,48313.2,31.5024
7309,03/07/20 08:48:10 AM,15.96,48302.3,31.4945
7310,03/07/20 08:48:20 AM,15.96,48289.6,31.4852
7311,03/07/20 08:48:30 AM,15.95,48291.9,31.4869
7312,03/07/20 08:48:40 AM,15.95,48279.0,31.4775
7313,03/07/20 08:48:50 AM,15.95,48279.0,31.4775
7314,03/07/20 08:49:00 AM,15.96,48323.8,31.5101
7315,03/07/20 08:49:10 AM,15.96,48281.0,31.4789
7316,03/07/20 08:49:20 AM,15.96,48234.0,31.4446
7317,03/07/20 08:49:30 AM,15.95,48244.9,31.4526
7318,03/07/20 08:49:40 AM,15.95,48300.4,31.4931
7319,03/07/20 08:49:50 AM,15.95,48279.0,31.4775
7320,03/07/20 08:50:00 AM,15.96,48246.8,31.4540
7321,03/07/20 08:50:10 AM,15.96,48259.6,31.4633
7322,03/07/20 08:50:20 AM,15.96,48246.8,31.4540
7323,03/07/20 08:50:30 AM,15.96,48281.0,31.4789
7324,03/07/20 08:50:40 AM,15.96,48281.0,31.4789
7325,03/07/20 08:50:50 AM,15.96,48289.6,31.4852
7326,03/07/20 08:51:00 AM,15.95,48215.0,31.4308
7327,03/07/20 08:51:10 AM,15.96,48246.8,31.4540
7328,03/07/20 08:51:20 AM,15.95,48291.9,31.4869
7329,03/07/20 08:51:30 AM,15.96,48268.1,31.4695
7330,03/07/20 08:51:40 AM,15.95,48291.9,31.4869
7331,03/07/20 08:51:50 AM,15.96,48281.0,31.4789
7332,03/07/20 08:52:00 AM,15.95,48300.4,31.4931
7333,03/07/20 08:52:10 AM,15.95,48270.4,31.4712
7334,03/07/20 08:52:20 AM,15.95,48270.4,31.4712
7335,03/07/20 08:52:30 AM,15.96,48259.6,31.4633
7336,03/07/20 08:52:40 AM,15.96,48259.6,31.4633
7337,03/07/20 08:52:50 AM,15.96,48246.8,31.4540
7338,03/07/20 08:53:00 AM,15.96,48281.0,31.4789
7339,03/07/20 08:53:10 AM,15.95,48291.9,31.4869
7340,03/07/20 08:53:20 AM,15.96,48268.1,31.4695
7341,03/07/20 08:53:30 AM,15.96,48225.5,31.4384
7342,03/07/20 08:53:40 AM,15.95,48270.4,31.4712
7343,03/07/20 08:53:50 AM,15.96,48281.0,31.4789
7344,03/07/20 08:54:00 AM,15.96,47739.6,31.0841
7345,03/07/20 08:54:10 AM,15.95,48215.0,31.4308
7346,03/07/20 08:54:20 AM,15.96,48068.2,31.3236
7347,03/07/20 08:54:30 AM,15.95,48279.0,31.4775
7348,03/07/20 08:54:40 AM,15.95,48291.9,31.4869
7349,03/07/20 08:54:50 AM,15.96,48289.6,31.4852
7350,03/07/20 08:55:00 AM,15.96,48315.2,31.5039
7351,03/07/20 08:55:10 AM,15.96,48268.1,31.4695
7352,03/07/20 08:55:20 AM,15.96,48281.0,31.4789
7353,03/07/20 08:55:30 AM,15.96,48259.6,31.4633
7354,03/07/20 08:55:40 AM,15.96,48259.6,31.4633
7355,03/07/20 08:55:50 AM,15.95,48270.4,31.4712
7356,03/07/20 08:56:00 AM,15.96,48268.1,31.4695
7357,03/07/20 08:56:10 AM,15.95,48291.9,31.4869
7358,03/07/20 08:56:20 AM,15.96,48268.1,31.4695
7359,03/07/20 08:56:30 AM,15.96,48268.1,31.4695
7360,03/07/20 08:56:40 AM,15.95,48279.0,31.4775
7361,03/07/20 08:56:50 AM,15.95,48291.9,31.4869
7362,03/07/20 08:57:00 AM,15.95,48257.7,31.4619
7363,03/07/20 08:57:10 AM,15.96,48238.2,31.4477
7364,03/07/20 08:57:20 AM,15.96,48268.1,31.4695
7365,03/07/20 08:57:30 AM,15.95,48223.6,31.4370
7366,03/07/20 08:57:40 AM,15.96,48225.5,31.4384
7367,03/07/20 08:57:50 AM,15.96,48289.6,31.4852
7368,03/07/20 08:58:00 AM,15.96,48246.8,31.4540
7369,03/07/20 08:58:10 AM,15.95,48249.1,31.4556
7370,03/07/20 08:58:20 AM,15.96,48246.8,31.4540
7371,03/07/20 08:58:30 AM,15.95,48257.7,31.4619
7372,03/07/20 08:58:40 AM,15.96,48246.8,31.4540
7373,03/07/20 08:58:50 AM,15.96,48281.0,31.4789
7374,03/07/20 08:59:00 AM,15.96,48268.1,31.4695
7375,03/07/20 08:59:10 AM,15.95,48270.4,31.4712
7376,03/07/20 08:59:20 AM,15.96,48259.6,31.4633
7377,03/07/20 08:59:30 AM,15.96,48225.5,31.4384
7378,03/07/20 08:59:40 AM,15.96,48204.2,31.4228
7379,03/07/20 08:59:50 AM,15.96,48306.7,31.4977
7380,03/07/20 09:00:00 AM,15.96,48302.3,31.4945
7381,03/07/20 09:00:10 AM,15.96,48281.0,31.4789
7382,03/07/20 09:00:20 AM,15.96,48225.5,31.4384
7383,03/07/20 09:00:30 AM,15.96,48281.0,31.4789
7384,03/07/20 09:00:40 AM,15.96,48259.6,31.4633
7385,03/07/20 09:00:50 AM,15.95,48249.1,31.4556
7386,03/07/20 09:01:00 AM,15.95,48257.7,31.4619
7387,03/07/20 09:01:10 AM,15.96,48246.8,31.4540
7388,03/07/20 09:01:20 AM,15.95,48270.4,31.4712
7389,03/07/20 09:01:30 AM,15.95,48270.4,31.4712
7390,03/07/20 09:01:40 AM,15.96,48293.8,31.4882
7391,03/07/20 09:01:50 AM,15.96,48238.2,31.4477
7392,03/07/20 09:02:00 AM,15.96,48259.6,31.4633
7393,03/07/20 09:02:10 AM,15.96,48272.5,31.4727
7394,03/07/20 09:02:20 AM,15.95,48304.6,31.4962
7395,03/07/20 09:02:30 AM,15.96,48281.0,31.4789
7396,03/07/20 09:02:40 AM,15.95,48270.4,31.4712
7397,03/07/20 09:02:50 AM,15.96,48259.6,31.4633
7398,03/07/20 09:03:00 AM,15.96,48272.5,31.4727
7399,03/07/20 09:03:10 AM,15.96,48272.5,31.4727
7400,03/07/20 09:03:20 AM,15.96,48246.8,31.4540
7401,03/07/20 09:03:30 AM,15.96,48246.8,31.4540
7402,03/07/20 09:03:40 AM,15.96,48293.8,31.4882
7403,03/07/20 09:03:50 AM,15.96,48216.9,31.4322
7404,03/07/20 09:04:00 AM,15.95,48283.3,31.4806
7405,03/07/20 09:04:10 AM,15.96,48259.6,31.4633
7406,03/07/20 09:04:20 AM,15.95,48283.3,31.4806
7407,03/07/20 09:04:30 AM,15.96,48216.9,31.4322
7408,03/07/20 09:04:40 AM,15.96,48238.2,31.4477
7409,03/07/20 09:04:50 AM,15.96,48251.1,31.4571
7410,03/07/20 09:05:00 AM,15.96,48251.1,31.4571
7411,03/07/20 09:05:10 AM,15.95,48270.4,31.4712
7412,03/07/20 09:05:20 AM,15.96,48259.6,31.4633
7413,03/07/20 09:05:30 AM,15.95,48215.0,31.4308
7414,03/07/20 09:05:40 AM,15.96,48216.9,31.4322
7415,03/07/20 09:05:50 AM,15.96,48281.0,31.4789
7416,03/07/20 09:06:00 AM,15.96,48238.2,31.4477
7417,03/07/20 09:06:10 AM,15.95,48283.3,31.4806
7418,03/07/20 09:06:20 AM,15.96,48251.1,31.4571
7419,03/07/20 09:06:30 AM,15.95,48240.5,31.4494
7420,03/07/20 09:06:40 AM,15.96,48272.5,31.4727
7421,03/07/20 09:06:50 AM,15.96,48259.6,31.4633
7422,03/07/20 09:07:00 AM,15.96,48229.7,31.4415
7423,03/07/20 09:07:10 AM,15.96,48259.6,31.4633
7424,03/07/20 09:07:20 AM,15.96,48229.7,31.4415
7425,03/07/20 09:07:30 AM,15.96,48238.2,31.4477
7426,03/07/20 09:07:40 AM,15.95,48262.0,31.4651
7427,03/07/20 09:07:50 AM,15.95,48249.1,31.4556
7428,03/07/20 09:08:00 AM,15.95,48291.9,31.4869
7429,03/07/20 09:08:10 AM,15.96,48251.1,31.4571
7430,03/07/20 09:08:20 AM,15.96,48272.5,31.4727
7431,03/07/20 09:08:30 AM,15.95,48291.9,31.4869
7432,03/07/20 09:08:40 AM,15.96,48259.6,31.4633
7433,03/07/20 09:08:50 AM,15.96,48259.6,31.4633
7434,03/07/20 09:09:00 AM,15.96,48259.6,31.4633
7435,03/07/20 09:09:10 AM,15.96,48251.1,31.4571
7436,03/07/20 09:09:20 AM,15.96,48259.6,31.4633
7437,03/07/20 09:09:30 AM,15.95,48240.5,31.4494
7438,03/07/20 09:09:40 AM,15.95,48249.1,31.4556
7439,03/07/20 09:09:50 AM,15.96,48229.7,31.4415
7440,03/07/20 09:10:00 AM,15.95,48227.8,31.4401
7441,03/07/20 09:10:10 AM,15.96,48229.7,31.4415
7442,03/07/20 09:10:20 AM,15.96,48285.2,31.4820
7443,03/07/20 09:10:30 AM,15.96,48272.5,31.4727
7444,03/07/20 09:10:40 AM,15.96,48238.2,31.4477
7445,03/07/20 09:10:50 AM,15.95,48249.1,31.4556
7446,03/07/20 09:11:00 AM,15.95,48270.4,31.4712
7447,03/07/20 09:11:10 AM,15.95,48270.4,31.4712
7448,03/07/20 09:11:20 AM,15.95,48262.0,31.4651
7449,03/07/20 09:11:30 AM,15.96,48204.2,31.4228
7450,03/07/20 09:11:40 AM,15.95,48240.5,31.4494
7451,03/07/20 09:11:50 AM,15.95,48262.0,31.4651
7452,03/07/20 09:12:00 AM,15.95,48262.0,31.4651
7453,03/07/20 09:12:10 AM,15.95,48227.8,31.4401
7454,03/07/20 09:12:20 AM,15.96,48251.1,31.4571
7455,03/07/20 09:12:30 AM,15.96,48251.1,31.4571
7456,03/07/20 09:12:40 AM,15.96,48238.2,31.4477
7457,03/07/20 09:12:50 AM,15.95,48215.0,31.4308
7458,03/07/20 09:13:00 AM,15.96,48251.1,31.4571
7459,03/07/20 09:13:10 AM,15.96,48238.2,31.4477
7460,03/07/20 09:13:20 AM,15.96,48229.7,31.4415
7461,03/07/20 09:13:30 AM,15.96,48242.6,31.4509
7462,03/07/20 09:13:40 AM,15.96,48216.9,31.4322
7463,03/07/20 09:13:50 AM,15.96,48229.7,31.4415
7464,03/07/20 09:14:00 AM,15.96,48238.2,31.4477
7465,03/07/20 09:14:10 AM,15.96,48285.2,31.4820
7466,03/07/20 09:14:20 AM,15.96,48187.2,31.4104
7467,03/07/20 09:14:30 AM,15.96,48293.8,31.4882
7468,03/07/20 09:14:40 AM,15.96,48251.1,31.4571
7469,03/07/20 09:14:50 AM,15.96,48285.2,31.4820
7470,03/07/20 09:15:00 AM,15.96,48251.1,31.4571
7471,03/07/20 09:15:10 AM,15.96,48263.9,31.4664
7472,03/07/20 09:15:20 AM,15.96,48242.6,31.4509
7473,03/07/20 09:15:30 AM,15.96,48263.9,31.4664
7474,03/07/20 09:15:40 AM,15.96,48229.7,31.4415
7475,03/07/20 09:15:50 AM,15.96,48216.9,31.4322
7476,03/07/20 09:16:00 AM,15.96,48216.9,31.4322
7477,03/07/20 09:16:10 AM,15.95,48240.5,31.4494
7478,03/07/20 09:16:20 AM,15.96,48208.5,31.4260
7479,03/07/20 09:16:30 AM,15.96,48229.7,31.4415
7480,03/07/20 09:16:40 AM,15.96,48229.7,31.4415
7481,03/07/20 09:16:50 AM,15.96,48229.7,31.4415
7482,03/07/20 09:17:00 AM,15.95,48240.5,31.4494
7483,03/07/20 09:17:10 AM,15.95,48240.5,31.4494
7484,03/07/20 09:17:20 AM,15.96,48229.7,31.4415
7485,03/07/20 09:17:30 AM,15.95,48262.0,31.4651
7486,03/07/20 09:17:40 AM,15.96,48263.9,31.4664
7487,03/07/20 09:17:50 AM,15.96,48272.5,31.4727
7488,03/07/20 09:18:00 AM,15.95,48253.4,31.4588
7489,03/07/20 09:18:10 AM,15.96,48242.6,31.4509
7490,03/07/20 09:18:20 AM,15.96,48272.5,31.4727
7491,03/07/20 09:18:30 AM,15.96,48251.1,31.4571
7492,03/07/20 09:18:40 AM,15.95,48253.4,31.4588
7493,03/07/20 09:18:50 AM,15.96,48221.3,31.4353
7494,03/07/20 09:19:00 AM,15.96,48251.1,31.4571
7495,03/07/20 09:19:10 AM,15.95,48274.8,31.4744
7496,03/07/20 09:19:20 AM,15.95,48253.4,31.4588
7497,03/07/20 09:19:30 AM,15.95,48240.5,31.4494
7498,03/07/20 09:19:40 AM,15.96,48221.3,31.4353
7499,03/07/20 09:19:50 AM,15.96,48187.2,31.4104
7500,03/07/20 09:20:00 AM,15.95,48262.0,31.4651
7501,03/07/20 09:20:10 AM,15.95,48296.1,31.4899
7502,03/07/20 09:20:20 AM,15.95,48206.4,31.4245
7503,03/07/20 09:20:30 AM,15.96,48229.7,31.4415
7504,03/07/20 09:20:40 AM,15.96,48242.6,31.4509
7505,03/07/20 09:20:50 AM,15.95,48283.3,31.4806
7506,03/07/20 09:21:00 AM,15.96,48263.9,31.4664
7507,03/07/20 09:21:10 AM,15.96,48221.3,31.4353
7508,03/07/20 09:21:20 AM,15.96,48251.1,31.4571
7509,03/07/20 09:21:30 AM,15.95,48232.1,31.4432
7510,03/07/20 09:21:40 AM,15.96,48242.6,31.4509
7511,03/07/20 09:21:50 AM,15.96,48263.9,31.4664
7512,03/07/20 09:22:00 AM,15.96,48229.7,31.4415
7513,03/07/20 09:22:10 AM,15.96,48187.2,31.4104
7514,03/07/20 09:22:20 AM,15.96,48229.7,31.4415
7515,03/07/20 09:22:30 AM,15.96,48263.9,31.4664
7516,03/07/20 09:22:40 AM,15.95,48274.8,31.4744
7517,03/07/20 09:22:50 AM,15.95,48232.1,31.4432
7518,03/07/20 09:23:00 AM,15.96,48242.6,31.4509
7519,03/07/20 09:23:10 AM,15.96,48208.5,31.4260
7520,03/07/20 09:23:20 AM,15.96,48242.6,31.4509
7521,03/07/20 09:23:30 AM,15.96,48242.6,31.4509
7522,03/07/20 09:23:40 AM,15.96,48229.7,31.4415
7523,03/07/20 09:23:50 AM,15.96,48263.9,31.4664
7524,03/07/20 09:24:00 AM,15.95,48232.1,31.4432
7525,03/07/20 09:24:10 AM,15.96,48242.6,31.4509
7526,03/07/20 09:24:20 AM,15.96,48229.7,31.4415
7527,03/07/20 09:24:30 AM,15.96,48221.3,31.4353
7528,03/07/20 09:24:40 AM,15.95,48262.0,31.4651
7529,03/07/20 09:24:50 AM,15.96,48229.7,31.4415
7530,03/07/20 09:25:00 AM,15.96,48242.6,31.4509
7531,03/07/20 09:25:10 AM,15.96,48251.1,31.4571
7532,03/07/20 09:25:20 AM,15.96,48263.9,31.4664
7533,03/07/20 09:25:30 AM,15.96,48263.9,31.4664
7534,03/07/20 09:25:40 AM,15.96,48221.3,31.4353
7535,03/07/20 09:25:50 AM,15.96,48187.2,31.4104
7536,03/07/20 09:26:00 AM,15.96,48221.3,31.4353
7537,03/07/20 09:26:10 AM,15.96,48229.7,31.4415
7538,03/07/20 09:26:20 AM,15.96,48229.7,31.4415
7539,03/07/20 09:26:30 AM,15.96,48255.3,31.4602
7540,03/07/20 09:26:40 AM,15.96,48178.6,31.4042
7541,03/07/20 09:26:50 AM,15.95,48232.1,31.4432
7542,03/07/20 09:27:00 AM,15.96,48221.3,31.4353
7543,03/07/20 09:27:10 AM,15.96,48208.5,31.4260
7544,03/07/20 09:27:20 AM,15.96,48263.9,31.4664
7545,03/07/20 09:27:30 AM,15.96,48221.3,31.4353
7546,03/07/20 09:27:40 AM,15.96,48221.3,31.4353
7547,03/07/20 09:27:50 AM,15.96,48187.2,31.4104
7548,03/07/20 09:28:00 AM,15.96,48255.3,31.4602
7549,03/07/20 09:28:10 AM,15.96,48242.6,31.4509
7550,03/07/20 09:28:20 AM,15.96,48234.0,31.4446
7551,03/07/20 09:28:30 AM,15.96,48234.0,31.4446
7552,03/07/20 09:28:40 AM,15.96,48255.3,31.4602
7553,03/07/20 09:28:50 AM,15.96,48234.0,31.4446
7554,03/07/20 09:29:00 AM,15.95,48232.1,31.4432
7555,03/07/20 09:29:10 AM,15.94,48243.0,31.4512
7556,03/07/20 09:29:20 AM,15.94,48208.9,31.4263
7557,03/07/20 09:29:30 AM,15.91,48228.6,31.4407
7558,03/07/20 09:29:40 AM,15.91,48262.8,31.4656
7559,03/07/20 09:29:50 AM,15.91,48275.6,31.4750
7560,03/07/20 09:30:00 AM,15.92,48217.8,31.4328
7561,03/07/20 09:30:10 AM,15.94,48196.1,31.4170
7562,03/07/20 09:30:20 AM,15.94,48230.2,31.4418
7563,03/07/20 09:30:30 AM,15.94,48208.9,31.4263
7564,03/07/20 09:30:40 AM,15.95,48253.4,31.4588
7565,03/07/20 09:30:50 AM,15.95,48223.6,31.4370
7566,03/07/20 09:31:00 AM,15.95,48244.9,31.4526
7567,03/07/20 09:31:10 AM,15.96,48208.5,31.4260
7568,03/07/20 09:31:20 AM,15.96,48221.3,31.4353
7569,03/07/20 09:31:30 AM,15.97,48223.2,31.4367
7570,03/07/20 09:31:40 AM,15.97,48223.2,31.4367
7571,03/07/20 09:31:50 AM,15.98,48242.2,31.4506
7572,03/07/20 09:32:00 AM,15.97,48210.4,31.4274
7573,03/07/20 09:32:10 AM,15.98,48212.3,31.4288
7574,03/07/20 09:32:20 AM,15.97,48210.4,31.4274
7575,03/07/20 09:32:30 AM,15.97,48253.0,31.4585
7576,03/07/20 09:32:40 AM,15.97,48223.2,31.4367
7577,03/07/20 09:32:50 AM,15.96,48234.0,31.4446
7578,03/07/20 09:33:00 AM,15.96,48242.6,31.4509
7579,03/07/20 09:33:10 AM,15.92,48277.5,31.4763
7580,03/07/20 09:33:20 AM,15.92,48222.0,31.4359
7581,03/07/20 09:33:30 AM,15.91,48241.4,31.4500
7582,03/07/20 09:33:40 AM,15.90,48260.7,31.4641
7583,03/07/20 09:33:50 AM,15.90,48286.4,31.4829
7584,03/07/20 09:34:00 AM,15.90,48286.4,31.4829
7585,03/07/20 09:34:10 AM,15.90,48218.2,31.4331
7586,03/07/20 09:34:20 AM,15.89,48233.2,31.4441
7587,03/07/20 09:34:30 AM,15.90,48209.7,31.4269
7588,03/07/20 09:34:40 AM,15.90,48239.5,31.4486
7589,03/07/20 09:34:50 AM,15.90,48243.7,31.4517
7590,03/07/20 09:35:00 AM,15.90,48265.1,31.4673
7591,03/07/20 09:35:10 AM,15.89,48207.8,31.4255
7592,03/07/20 09:35:20 AM,15.89,48207.8,31.4255
7593,03/07/20 09:35:30 AM,15.90,48218.2,31.4331
7594,03/07/20 09:35:40 AM,15.89,48207.8,31.4255
7595,03/07/20 09:35:50 AM,15.89,48229.0,31.4410
7596,03/07/20 09:36:00 AM,15.90,48218.2,31.4331
7597,03/07/20 09:36:10 AM,15.89,48207.8,31.4255
7598,03/07/20 09:36:20 AM,15.90,48196.9,31.4176
7599,03/07/20 09:36:30 AM,15.89,48207.8,31.4255
7600,03/07/20 09:36:40 AM,15.89,48229.0,31.4410
7601,03/07/20 09:36:50 AM,15.87,48229.5,31.4413
7602,03/07/20 09:37:00 AM,15.89,48254.6,31.4597
7603,03/07/20 09:37:10 AM,15.89,48250.4,31.4566
7604,03/07/20 09:37:20 AM,15.89,48263.2,31.4659
7605,03/07/20 09:37:30 AM,15.89,48241.8,31.4503
7606,03/07/20 09:37:40 AM,15.89,48254.6,31.4597
7607,03/07/20 09:37:50 AM,15.89,48220.6,31.4348
7608,03/07/20 09:38:00 AM,15.87,48297.7,31.4911
7609,03/07/20 09:38:10 AM,15.87,48255.0,31.4599
7610,03/07/20 09:38:20 AM,15.87,48250.8,31.4569
7611,03/07/20 09:38:30 AM,15.89,48241.8,31.4503
7612,03/07/20 09:38:40 AM,15.87,48229.5,31.4413
7613,03/07/20 09:38:50 AM,15.87,48297.7,31.4911
7614,03/07/20 09:39:00 AM,15.89,48241.8,31.4503
7615,03/07/20 09:39:10 AM,15.89,48241.8,31.4503
7616,03/07/20 09:39:20 AM,15.87,48276.3,31.4755
7617,03/07/20 09:39:30 AM,15.87,48255.0,31.4599
7618,03/07/20 09:39:40 AM,15.87,48276.3,31.4755
7619,03/07/20 09:39:50 AM,15.89,48220.6,31.4348
7620,03/07/20 09:40:00 AM,15.87,48242.3,31.4507
7621,03/07/20 09:40:10 AM,15.89,48254.6,31.4597
7622,03/07/20 09:40:20 AM,15.87,48220.9,31.4351
7623,03/07/20 09:40:30 AM,15.87,48263.6,31.4662
7624,03/07/20 09:40:40 AM,15.87,48255.0,31.4599
7625,03/07/20 09:40:50 AM,15.87,48263.6,31.4662
7626,03/07/20 09:41:00 AM,15.87,48255.0,31.4599
7627,03/07/20 09:41:10 AM,15.87,48276.3,31.4755
7628,03/07/20 09:41:20 AM,15.89,48263.2,31.4659
7629,03/07/20 09:41:30 AM,15.89,48297.3,31.4908
7630,03/07/20 09:41:40 AM,15.89,48220.6,31.4348
7631,03/07/20 09:41:50 AM,15.89,48220.6,31.4348
7632,03/07/20 09:42:00 AM,15.89,48254.6,31.4597
7633,03/07/20 09:42:10 AM,15.87,48263.6,31.4662
7634,03/07/20 09:42:20 AM,15.89,48212.0,31.4286
7635,03/07/20 09:42:30 AM,15.89,48178.0,31.4037
7636,03/07/20 09:42:40 AM,15.89,48199.2,31.4192
7637,03/07/20 09:42:50 AM,15.87,48255.0,31.4599
7638,03/07/20 09:43:00 AM,15.87,48276.3,31.4755
7639,03/07/20 09:43:10 AM,15.89,48233.2,31.4441
7640,03/07/20 09:43:20 AM,15.87,48276.3,31.4755
7641,03/07/20 09:43:30 AM,15.87,48255.0,31.4599
7642,03/07/20 09:43:40 AM,15.89,48186.4,31.4099
7643,03/07/20 09:43:50 AM,15.89,48233.2,31.4441
7644,03/07/20 09:44:00 AM,15.87,48276.3,31.4755
7645,03/07/20 09:44:10 AM,15.89,48241.8,31.4503
7646,03/07/20 09:44:20 AM,15.87,48255.0,31.4599
7647,03/07/20 09:44:30 AM,15.89,48233.2,31.4441
7648,03/07/20 09:44:40 AM,15.89,48220.6,31.4348
7649,03/07/20 09:44:50 AM,15.89,48241.8,31.4503
7650,03/07/20 09:45:00 AM,15.89,48212.0,31.4286
7651,03/07/20 09:45:10 AM,15.89,48241.8,31.4503
7652,03/07/20 09:45:20 AM,15.89,48190.8,31.4131
7653,03/07/20 09:45:30 AM,15.89,48220.6,31.4348
7654,03/07/20 09:45:40 AM,15.89,48212.0,31.4286
7655,03/07/20 09:45:50 AM,15.89,48212.0,31.4286
7656,03/07/20 09:46:00 AM,15.87,48220.9,31.4351
7657,03/07/20 09:46:10 AM,15.89,48169.4,31.3975
7658,03/07/20 09:46:20 AM,15.89,48220.6,31.4348
7659,03/07/20 09:46:30 AM,15.89,48267.4,31.4690
7660,03/07/20 09:46:40 AM,15.89,48220.6,31.4348
7661,03/07/20 09:46:50 AM,15.89,48220.6,31.4348
7662,03/07/20 09:47:00 AM,15.89,48233.2,31.4441
7663,03/07/20 09:47:10 AM,15.89,48212.0,31.4286
7664,03/07/20 09:47:20 AM,15.87,48242.3,31.4507
7665,03/07/20 09:47:30 AM,15.87,48233.7,31.4444
7666,03/07/20 09:47:40 AM,15.89,48241.8,31.4503
7667,03/07/20 09:47:50 AM,15.87,48233.7,31.4444
7668,03/07/20 09:48:00 AM,15.89,48190.8,31.4131
7669,03/07/20 09:48:10 AM,15.89,48276.0,31.4752
7670,03/07/20 09:48:20 AM,15.89,48241.8,31.4503
7671,03/07/20 09:48:30 AM,15.89,48212.0,31.4286
7672,03/07/20 09:48:40 AM,15.89,48220.6,31.4348
7673,03/07/20 09:48:50 AM,15.89,48254.6,31.4597
7674,03/07/20 09:49:00 AM,15.89,48199.2,31.4192
7675,03/07/20 09:49:10 AM,15.89,48199.2,31.4192
7676,03/07/20 09:49:20 AM,15.89,48220.6,31.4348
7677,03/07/20 09:49:30 AM,15.89,48220.6,31.4348
7678,03/07/20 09:49:40 AM,15.89,48199.2,31.4192
7679,03/07/20 09:49:50 AM,15.89,48254.6,31.4597
7680,03/07/20 09:50:00 AM,15.89,48220.6,31.4348
7681,03/07/20 09:50:10 AM,15.89,48199.2,31.4192
7682,03/07/20 09:50:20 AM,15.89,48212.0,31.4286
7683,03/07/20 09:50:30 AM,15.89,48246.0,31.4534
7684,03/07/20 09:50:40 AM,15.89,48220.6,31.4348
7685,03/07/20 09:50:50 AM,15.89,48254.6,31.4597
7686,03/07/20 09:51:00 AM,15.87,48263.6,31.4662
7687,03/07/20 09:51:10 AM,15.89,48199.2,31.4192
7688,03/07/20 09:51:20 AM,15.89,48190.8,31.4131
7689,03/07/20 09:51:30 AM,15.89,48267.4,31.4690
7690,03/07/20 09:51:40 AM,15.89,48199.2,31.4192
7691,03/07/20 09:51:50 AM,15.89,48246.0,31.4534
7692,03/07/20 09:52:00 AM,15.89,48199.2,31.4192
7693,03/07/20 09:52:10 AM,15.89,48233.2,31.4441
7694,03/07/20 09:52:20 AM,15.89,48233.2,31.4441
7695,03/07/20 09:52:30 AM,15.89,48199.2,31.4192
7696,03/07/20 09:52:40 AM,15.89,48246.0,31.4534
7697,03/07/20 09:52:50 AM,15.89,48246.0,31.4534
7698,03/07/20 09:53:00 AM,15.89,48190.8,31.4131
7699,03/07/20 09:53:10 AM,15.89,48280.2,31.4783
7700,03/07/20 09:53:20 AM,15.89,48199.2,31.4192
7701,03/07/20 09:53:30 AM,15.89,48233.2,31.4441
7702,03/07/20 09:53:40 AM,15.89,48156.8,31.3883
7703,03/07/20 09:53:50 AM,15.89,48212.0,31.4286
7704,03/07/20 09:54:00 AM,15.89,48246.0,31.4534
7705,03/07/20 09:54:10 AM,15.89,48233.2,31.4441
7706,03/07/20 09:54:20 AM,15.89,48246.0,31.4534
7707,03/07/20 09:54:30 AM,15.89,48212.0,31.4286
7708,03/07/20 09:54:40 AM,15.89,48267.4,31.4690
7709,03/07/20 09:54:50 AM,15.89,48212.0,31.4286
7710,03/07/20 09:55:00 AM,15.87,48246.5,31.4538
7711,03/07/20 09:55:10 AM,15.89,48224.8,31.4379
7712,03/07/20 09:55:20 AM,15.89,48190.8,31.4131
7713,03/07/20 09:55:30 AM,15.87,48267.8,31.4693
7714,03/07/20 09:55:40 AM,15.89,48212.0,31.4286
7715,03/07/20 09:55:50 AM,15.87,48267.8,31.4693
7716,03/07/20 09:56:00 AM,15.89,48212.0,31.4286
7717,03/07/20 09:56:10 AM,15.87,48233.7,31.4444
7718,03/07/20 09:56:20 AM,15.87,48199.7,31.4196
7719,03/07/20 09:56:30 AM,15.89,48178.0,31.4037
7720,03/07/20 09:56:40 AM,15.89,48203.4,31.4223
7721,03/07/20 09:56:50 AM,15.89,48203.4,31.4223
7722,03/07/20 09:57:00 AM,15.87,48246.5,31.4538
7723,03/07/20 09:57:10 AM,15.89,48224.8,31.4379
7724,03/07/20 09:57:20 AM,15.87,48233.7,31.4444
7725,03/07/20 09:57:30 AM,15.89,48246.0,31.4534
7726,03/07/20 09:57:40 AM,15.89,48246.0,31.4534
7727,03/07/20 09:57:50 AM,15.89,48190.8,31.4131
7728,03/07/20 09:58:00 AM,15.89,48237.6,31.4472
7729,03/07/20 09:58:10 AM,15.87,48220.9,31.4351
7730,03/07/20 09:58:20 AM,15.89,48224.8,31.4379
7731,03/07/20 09:58:30 AM,15.89,48224.8,31.4379
7732,03/07/20 09:58:40 AM,15.89,48190.8,31.4131
7733,03/07/20 09:58:50 AM,15.89,48203.4,31.4223
7734,03/07/20 09:59:00 AM,15.89,48237.6,31.4472
7735,03/07/20 09:59:10 AM,15.89,48224.8,31.4379
7736,03/07/20 09:59:20 AM,15.89,48237.6,31.4472
7737,03/07/20 09:59:30 AM,15.89,48216.2,31.4317
7738,03/07/20 09:59:40 AM,15.89,48203.4,31.4223
7739,03/07/20 09:59:50 AM,15.89,48190.8,31.4131
7740,03/07/20 10:00:00 AM,15.89,48224.8,31.4379
7741,03/07/20 10:00:10 AM,15.89,48203.4,31.4223
7742,03/07/20 10:00:20 AM,15.89,48216.2,31.4317
7743,03/07/20 10:00:30 AM,15.89,48237.6,31.4472
7744,03/07/20 10:00:40 AM,15.89,48237.6,31.4472
7745,03/07/20 10:00:50 AM,15.89,48203.4,31.4223
7746,03/07/20 10:01:00 AM,15.89,48216.2,31.4317
7747,03/07/20 10:01:10 AM,15.89,48169.4,31.3975
7748,03/07/20 10:01:20 AM,15.89,48224.8,31.4379
7749,03/07/20 10:01:30 AM,15.89,48216.2,31.4317
7750,03/07/20 10:01:40 AM,15.89,48237.6,31.4472
7751,03/07/20 10:01:50 AM,15.89,48203.4,31.4223
7752,03/07/20 10:02:00 AM,15.89,48182.2,31.4068
7753,03/07/20 10:02:10 AM,15.89,48216.2,31.4317
7754,03/07/20 10:02:20 AM,15.89,48216.2,31.4317
7755,03/07/20 10:02:30 AM,15.89,48203.4,31.4223
7756,03/07/20 10:02:40 AM,15.89,48216.2,31.4317
7757,03/07/20 10:02:50 AM,15.89,48216.2,31.4317
7758,03/07/20 10:03:00 AM,15.89,48203.4,31.4223
7759,03/07/20 10:03:10 AM,15.89,48190.8,31.4131
7760,03/07/20 10:03:20 AM,15.89,48224.8,31.4379
7761,03/07/20 10:03:30 AM,15.89,48216.2,31.4317
7762,03/07/20 10:03:40 AM,15.89,48237.6,31.4472
7763,03/07/20 10:03:50 AM,15.89,48190.8,31.4131
7764,03/07/20 10:04:00 AM,15.89,48190.8,31.4131
7765,03/07/20 10:04:10 AM,15.89,48224.8,31.4379
7766,03/07/20 10:04:20 AM,15.89,48237.6,31.4472
7767,03/07/20 10:04:30 AM,15.89,48216.2,31.4317
7768,03/07/20 10:04:40 AM,15.89,48190.8,31.4131
7769,03/07/20 10:04:50 AM,15.89,48216.2,31.4317
7770,03/07/20 10:05:00 AM,15.89,48216.2,31.4317
7771,03/07/20 10:05:10 AM,15.90,48235.2,31.4455
7772,03/07/20 10:05:20 AM,15.89,48258.8,31.4627
7773,03/07/20 10:05:30 AM,15.90,48179.9,31.4052
7774,03/07/20 10:05:40 AM,15.89,48267.4,31.4690
7775,03/07/20 10:05:50 AM,15.90,48205.4,31.4237
7776,03/07/20 10:06:00 AM,15.89,48190.8,31.4131
7777,03/07/20 10:06:10 AM,15.89,48224.8,31.4379
7778,03/07/20 10:06:20 AM,15.89,48182.2,31.4068
7779,03/07/20 10:06:30 AM,15.89,48216.2,31.4317
7780,03/07/20 10:06:40 AM,15.89,48224.8,31.4379
7781,03/07/20 10:06:50 AM,15.89,48246.0,31.4534
7782,03/07/20 10:07:00 AM,15.89,48182.2,31.4068
7783,03/07/20 10:07:10 AM,15.89,48246.0,31.4534
7784,03/07/20 10:07:20 AM,15.90,48213.9,31.4300
7785,03/07/20 10:07:30 AM,15.89,48216.2,31.4317
7786,03/07/20 10:07:40 AM,15.89,48190.8,31.4131
7787,03/07/20 10:07:50 AM,15.89,48203.4,31.4223
7788,03/07/20 10:08:00 AM,15.89,48237.6,31.4472
7789,03/07/20 10:08:10 AM,15.89,48224.8,31.4379
7790,03/07/20 10:08:20 AM,15.89,48224.8,31.4379
7791,03/07/20 10:08:30 AM,15.89,48203.4,31.4223
7792,03/07/20 10:08:40 AM,15.89,48203.4,31.4223
7793,03/07/20 10:08:50 AM,15.89,48258.8,31.4627
7794,03/07/20 10:09:00 AM,15.89,48203.4,31.4223
7795,03/07/20 10:09:10 AM,15.89,48182.2,31.4068
7796,03/07/20 10:09:20 AM,15.89,48182.2,31.4068
7797,03/07/20 10:09:30 AM,15.87,48238.0,31.4475
7798,03/07/20 10:09:40 AM,15.89,48216.2,31.4317
7799,03/07/20 10:09:50 AM,15.89,48229.0,31.4410
7800,03/07/20 10:10:00 AM,15.89,48203.4,31.4223
7801,03/07/20 10:10:10 AM,15.89,48169.4,31.3975
7802,03/07/20 10:10:20 AM,15.89,48203.4,31.4223
7803,03/07/20 10:10:30 AM,15.89,48216.2,31.4317
7804,03/07/20 10:10:40 AM,15.89,48216.2,31.4317
7805,03/07/20 10:10:50 AM,15.89,48203.4,31.4223
7806,03/07/20 10:11:00 AM,15.89,48127.1,31.3666
7807,03/07/20 10:11:10 AM,15.89,48161.0,31.3913
7808,03/07/20 10:11:20 AM,15.89,48195.0,31.4162
7809,03/07/20 10:11:30 AM,15.89,48216.2,31.4317
7810,03/07/20 10:11:40 AM,15.89,48250.4,31.4566
7811,03/07/20 10:11:50 AM,15.89,48169.4,31.3975
7812,03/07/20 10:12:00 AM,15.89,48195.0,31.4162
7813,03/07/20 10:12:10 AM,15.89,48250.4,31.4566
7814,03/07/20 10:12:20 AM,15.89,48250.4,31.4566
7815,03/07/20 10:12:30 AM,15.89,48173.8,31.4007
7816,03/07/20 10:12:40 AM,15.89,48216.2,31.4317
7817,03/07/20 10:12:50 AM,15.89,48195.0,31.4162
7818,03/07/20 10:13:00 AM,15.89,48250.4,31.4566
7819,03/07/20 10:13:10 AM,15.89,48250.4,31.4566
7820,03/07/20 10:13:20 AM,15.89,48195.0,31.4162
7821,03/07/20 10:13:30 AM,15.89,48229.0,31.4410
7822,03/07/20 10:13:40 AM,15.89,48229.0,31.4410
7823,03/07/20 10:13:50 AM,15.89,48195.0,31.4162
7824,03/07/20 10:14:00 AM,15.89,48216.2,31.4317
7825,03/07/20 10:14:10 AM,15.90,48171.4,31.3989
7826,03/07/20 10:14:20 AM,15.89,48161.0,31.3913
7827,03/07/20 10:14:30 AM,15.89,48229.0,31.4410
7828,03/07/20 10:14:40 AM,15.89,48195.0,31.4162
7829,03/07/20 10:14:50 AM,15.89,48195.0,31.4162
7830,03/07/20 10:15:00 AM,15.89,48182.2,31.4068
7831,03/07/20 10:15:10 AM,15.89,48173.8,31.4007
7832,03/07/20 10:15:20 AM,15.89,48216.2,31.4317
7833,03/07/20 10:15:30 AM,15.89,48229.0,31.4410
7834,03/07/20 10:15:40 AM,15.89,48207.8,31.4255
7835,03/07/20 10:15:50 AM,15.89,48182.2,31.4068
7836,03/07/20 10:16:00 AM,15.89,48207.8,31.4255
7837,03/07/20 10:16:10 AM,15.89,48195.0,31.4162
7838,03/07/20 10:16:20 AM,15.89,48195.0,31.4162
7839,03/07/20 10:16:30 AM,15.89,48182.2,31.4068
7840,03/07/20 10:16:40 AM,15.89,48229.0,31.4410
7841,03/07/20 10:16:50 AM,15.89,48173.8,31.4007
7842,03/07/20 10:17:00 AM,15.89,48207.8,31.4255
7843,03/07/20 10:17:10 AM,15.89,48186.4,31.4099
7844,03/07/20 10:17:20 AM,15.90,48205.4,31.4237
7845,03/07/20 10:17:30 AM,15.89,48207.8,31.4255
7846,03/07/20 10:17:40 AM,15.89,48237.6,31.4472
7847,03/07/20 10:17:50 AM,15.90,48184.1,31.4082
7848,03/07/20 10:18:00 AM,15.89,48195.0,31.4162
7849,03/07/20 10:18:10 AM,15.89,48229.0,31.4410
7850,03/07/20 10:18:20 AM,15.89,48207.8,31.4255
7851,03/07/20 10:18:30 AM,15.89,48216.2,31.4317
7852,03/07/20 10:18:40 AM,15.89,48186.4,31.4099
7853,03/07/20 10:18:50 AM,15.89,48186.4,31.4099
7854,03/07/20 10:19:00 AM,15.89,48195.0,31.4162
7855,03/07/20 10:19:10 AM,15.89,48195.0,31.4162
7856,03/07/20 10:19:20 AM,15.89,48195.0,31.4162
7857,03/07/20 10:19:30 AM,15.87,48238.0,31.4475
7858,03/07/20 10:19:40 AM,15.89,48207.8,31.4255
7859,03/07/20 10:19:50 AM,15.89,48216.2,31.4317
7860,03/07/20 10:20:00 AM,15.89,48195.0,31.4162
7861,03/07/20 10:20:10 AM,15.89,48207.8,31.4255
7862,03/07/20 10:20:20 AM,15.89,48216.2,31.4317
7863,03/07/20 10:20:30 AM,15.89,48195.0,31.4162
7864,03/07/20 10:20:40 AM,15.89,48173.8,31.4007
7865,03/07/20 10:20:50 AM,15.89,48229.0,31.4410
7866,03/07/20 10:21:00 AM,15.89,48165.2,31.3944
7867,03/07/20 10:21:10 AM,15.89,48186.4,31.4099
7868,03/07/20 10:21:20 AM,15.90,48205.4,31.4237
7869,03/07/20 10:21:30 AM,15.89,48207.8,31.4255
7870,03/07/20 10:21:40 AM,15.89,48195.0,31.4162
7871,03/07/20 10:21:50 AM,15.89,48186.4,31.4099
7872,03/07/20 10:22:00 AM,15.89,48216.2,31.4317
7873,03/07/20 10:22:10 AM,15.89,48195.0,31.4162
7874,03/07/20 10:22:20 AM,15.89,48216.2,31.4317
7875,03/07/20 10:22:30 AM,15.89,48173.8,31.4007
7876,03/07/20 10:22:40 AM,15.89,48216.2,31.4317
7877,03/07/20 10:22:50 AM,15.89,48165.2,31.3944
7878,03/07/20 10:23:00 AM,15.89,48195.0,31.4162
7879,03/07/20 10:23:10 AM,15.89,48186.4,31.4099
7880,03/07/20 10:23:20 AM,15.90,48184.1,31.4082
7881,03/07/20 10:23:30 AM,15.89,48186.4,31.4099
7882,03/07/20 10:23:40 AM,15.89,48195.0,31.4162
7883,03/07/20 10:23:50 AM,15.89,48195.0,31.4162
7884,03/07/20 10:24:00 AM,15.89,48195.0,31.4162
7885,03/07/20 10:24:10 AM,15.89,48186.4,31.4099
7886,03/07/20 10:24:20 AM,15.89,48229.0,31.4410
7887,03/07/20 10:24:30 AM,15.89,48173.8,31.4007
7888,03/07/20 10:24:40 AM,15.89,48186.4,31.4099
7889,03/07/20 10:24:50 AM,15.90,48205.4,31.4237
7890,03/07/20 10:25:00 AM,15.90,48196.9,31.4176
7891,03/07/20 10:25:10 AM,15.90,48196.9,31.4176
7892,03/07/20 10:25:20 AM,15.89,48229.0,31.4410
7893,03/07/20 10:25:30 AM,15.89,48165.2,31.3944
7894,03/07/20 10:25:40 AM,15.89,48207.8,31.4255
7895,03/07/20 10:25:50 AM,15.89,48216.2,31.4317
7896,03/07/20 10:26:00 AM,15.89,48207.8,31.4255
7897,03/07/20 10:26:10 AM,15.89,48241.8,31.4503
7898,03/07/20 10:26:20 AM,15.89,48173.8,31.4007
7899,03/07/20 10:26:30 AM,15.90,48196.9,31.4176
7900,03/07/20 10:26:40 AM,15.89,48241.8,31.4503
7901,03/07/20 10:26:50 AM,15.90,48184.1,31.4082
7902,03/07/20 10:27:00 AM,15.90,48154.4,31.3865
7903,03/07/20 10:27:10 AM,15.90,48196.9,31.4176
7904,03/07/20 10:27:20 AM,15.89,48195.0,31.4162
7905,03/07/20 10:27:30 AM,15.90,48162.9,31.3928
7906,03/07/20 10:27:40 AM,15.89,48207.8,31.4255
7907,03/07/20 10:27:50 AM,15.89,48195.0,31.4162
7908,03/07/20 10:28:00 AM,15.89,48122.7,31.3634
7909,03/07/20 10:28:10 AM,15.89,48165.2,31.3944
7910,03/07/20 10:28:20 AM,15.89,48186.4,31.4099
7911,03/07/20 10:28:30 AM,15.90,48162.9,31.3928
7912,03/07/20 10:28:40 AM,15.89,48195.0,31.4162
7913,03/07/20 10:28:50 AM,15.89,48195.0,31.4162
7914,03/07/20 10:29:00 AM,15.90,48175.6,31.4020
7915,03/07/20 10:29:10 AM,15.89,48207.8,31.4255
7916,03/07/20 10:29:20 AM,15.89,48131.3,31.3697
7917,03/07/20 10:29:30 AM,15.90,48175.6,31.4020
7918,03/07/20 10:29:40 AM,15.89,48186.4,31.4099
7919,03/07/20 10:29:50 AM,15.89,48173.8,31.4007
7920,03/07/20 10:30:00 AM,15.90,48154.4,31.3865
7921,03/07/20 10:30:10 AM,15.89,48165.2,31.3944
7922,03/07/20 10:30:20 AM,15.89,48186.4,31.4099
7923,03/07/20 10:30:30 AM,15.89,48165.2,31.3944
7924,03/07/20 10:30:40 AM,15.89,48173.8,31.4007
7925,03/07/20 10:30:50 AM,15.89,48152.5,31.3852
7926,03/07/20 10:31:00 AM,15.89,48186.4,31.4099
7927,03/07/20 10:31:10 AM,15.89,48186.4,31.4099
7928,03/07/20 10:31:20 AM,15.89,48131.3,31.3697
7929,03/07/20 10:31:30 AM,15.90,48196.9,31.4176
7930,03/07/20 10:31:40 AM,15.89,48186.4,31.4099
7931,03/07/20 10:31:50 AM,15.89,48165.2,31.3944
7932,03/07/20 10:32:00 AM,15.89,48220.6,31.4348
7933,03/07/20 10:32:10 AM,15.89,48173.8,31.4007
7934,03/07/20 10:32:20 AM,15.89,48195.0,31.4162
7935,03/07/20 10:32:30 AM,15.89,48152.5,31.3852
7936,03/07/20 10:32:40 AM,15.89,48229.0,31.4410
7937,03/07/20 10:32:50 AM,15.89,48220.6,31.4348
7938,03/07/20 10:33:00 AM,15.89,48199.2,31.4192
7939,03/07/20 10:33:10 AM,15.89,48178.0,31.4037
7940,03/07/20 10:33:20 AM,15.89,48165.2,31.3944
7941,03/07/20 10:33:30 AM,15.89,48165.2,31.3944
7942,03/07/20 10:33:40 AM,15.89,48122.7,31.3634
7943,03/07/20 10:33:50 AM,15.89,48165.2,31.3944
7944,03/07/20 10:34:00 AM,15.89,48152.5,31.3852
7945,03/07/20 10:34:10 AM,15.89,48165.2,31.3944
7946,03/07/20 10:34:20 AM,15.89,48144.0,31.3789
7947,03/07/20 10:34:30 AM,15.89,48186.4,31.4099
7948,03/07/20 10:34:40 AM,15.89,48220.6,31.4348
7949,03/07/20 10:34:50 AM,15.89,48165.2,31.3944
7950,03/07/20 10:35:00 AM,15.90,48133.1,31.3710
7951,03/07/20 10:35:10 AM,15.89,48178.0,31.4037
7952,03/07/20 10:35:20 AM,15.89,48122.7,31.3634
7953,03/07/20 10:35:30 AM,15.89,48165.2,31.3944
7954,03/07/20 10:35:40 AM,15.89,48178.0,31.4037
7955,03/07/20 10:35:50 AM,15.89,48178.0,31.4037
7956,03/07/20 10:36:00 AM,15.89,48178.0,31.4037
7957,03/07/20 10:36:10 AM,15.89,48165.2,31.3944
7958,03/07/20 10:36:20 AM,15.89,48131.3,31.3697
7959,03/07/20 10:36:30 AM,15.89,48178.0,31.4037
7960,03/07/20 10:36:40 AM,15.89,48220.6,31.4348
7961,03/07/20 10:36:50 AM,15.90,48111.9,31.3555
7962,03/07/20 10:37:00 AM,15.90,48133.1,31.3710
7963,03/07/20 10:37:10 AM,15.90,48133.1,31.3710
7964,03/07/20 10:37:20 AM,15.89,48156.8,31.3883
7965,03/07/20 10:37:30 AM,15.90,48154.4,31.3865
7966,03/07/20 10:37:40 AM,15.89,48165.2,31.3944
7967,03/07/20 10:37:50 AM,15.89,48178.0,31.4037
7968,03/07/20 10:38:00 AM,15.89,48178.0,31.4037
7969,03/07/20 10:38:10 AM,15.90,48167.1,31.3958
7970,03/07/20 10:38:20 AM,15.90,48154.4,31.3865
7971,03/07/20 10:38:30 AM,15.90,48133.1,31.3710
7972,03/07/20 10:38:40 AM,15.89,48220.6,31.4348
7973,03/07/20 10:38:50 AM,15.90,48196.9,31.4176
7974,03/07/20 10:39:00 AM,15.90,48145.9,31.3803
7975,03/07/20 10:39:10 AM,15.90,48167.1,31.3958
7976,03/07/20 10:39:20 AM,15.90,48167.1,31.3958
7977,03/07/20 10:39:30 AM,15.90,48154.4,31.3865
7978,03/07/20 10:39:40 AM,15.89,48178.0,31.4037
7979,03/07/20 10:39:50 AM,15.90,48167.1,31.3958
7980,03/07/20 10:40:00 AM,15.89,48178.0,31.4037
7981,03/07/20 10:40:10 AM,15.90,48145.9,31.3803
7982,03/07/20 10:40:20 AM,15.90,48175.6,31.4020
7983,03/07/20 10:40:30 AM,15.89,48199.2,31.4192
7984,03/07/20 10:40:40 AM,15.90,48209.7,31.4269
7985,03/07/20 10:40:50 AM,15.90,48154.4,31.3865
7986,03/07/20 10:41:00 AM,15.90,48154.4,31.3865
7987,03/07/20 10:41:10 AM,15.90,48154.4,31.3865
7988,03/07/20 10:41:20 AM,15.89,48199.2,31.4192
7989,03/07/20 10:41:30 AM,15.90,48145.9,31.3803
7990,03/07/20 10:41:40 AM,15.89,48144.0,31.3789
7991,03/07/20 10:41:50 AM,15.89,48165.2,31.3944
7992,03/07/20 10:42:00 AM,15.90,48154.4,31.3865
7993,03/07/20 10:42:10 AM,15.90,48167.1,31.3958
7994,03/07/20 10:42:20 AM,15.90,48188.4,31.4113
7995,03/07/20 10:42:30 AM,15.90,48154.4,31.3865
7996,03/07/20 10:42:40 AM,15.90,48167.1,31.3958
7997,03/07/20 10:42:50 AM,15.89,48199.2,31.4192
7998,03/07/20 10:43:00 AM,15.89,48199.2,31.4192
7999,03/07/20 10:43:10 AM,15.90,48222.4,31.4361
8000,03/07/20 10:43:20 AM,15.89,48144.0,31.3789
8001,03/07/20 10:43:30 AM,15.90,48167.1,31.3958
8002,03/07/20 10:43:40 AM,15.90,48145.9,31.3803
8003,03/07/20 10:43:50 AM,15.90,48145.9,31.3803
8004,03/07/20 10:44:00 AM,15.91,48156.3,31.3879
8005,03/07/20 10:44:10 AM,15.90,48167.1,31.3958
8006,03/07/20 10:44:20 AM,15.90,48167.1,31.3958
8007,03/07/20 10:44:30 AM,15.90,48167.1,31.3958
8008,03/07/20 10:44:40 AM,15.90,48179.9,31.4052
8009,03/07/20 10:44:50 AM,15.90,48188.4,31.4113
8010,03/07/20 10:45:00 AM,15.90,48188.4,31.4113
8011,03/07/20 10:45:10 AM,15.89,48156.8,31.3883
8012,03/07/20 10:45:20 AM,15.90,48179.9,31.4052
8013,03/07/20 10:45:30 AM,15.90,48137.4,31.3741
8014,03/07/20 10:45:40 AM,15.90,48167.1,31.3958
8015,03/07/20 10:45:50 AM,15.89,48169.4,31.3975
8016,03/07/20 10:46:00 AM,15.89,48156.8,31.3883
8017,03/07/20 10:46:10 AM,15.89,48156.8,31.3883
8018,03/07/20 10:46:20 AM,15.90,48124.7,31.3649
8019,03/07/20 10:46:30 AM,15.90,48124.7,31.3649
8020,03/07/20 10:46:40 AM,15.90,48145.9,31.3803
8021,03/07/20 10:46:50 AM,15.90,48145.9,31.3803
8022,03/07/20 10:47:00 AM,15.90,48145.9,31.3803
8023,03/07/20 10:47:10 AM,15.90,48111.9,31.3555
8024,03/07/20 10:47:20 AM,15.90,48124.7,31.3649
8025,03/07/20 10:47:30 AM,15.90,48124.7,31.3649
8026,03/07/20 10:47:40 AM,15.90,48137.4,31.3741
8027,03/07/20 10:47:50 AM,15.90,48179.9,31.4052
8028,03/07/20 10:48:00 AM,15.90,48103.5,31.3494
8029,03/07/20 10:48:10 AM,15.90,48145.9,31.3803
8030,03/07/20 10:48:20 AM,15.90,48158.6,31.3896
8031,03/07/20 10:48:30 AM,15.90,48167.1,31.3958
8032,03/07/20 10:48:40 AM,15.90,48137.4,31.3741
8033,03/07/20 10:48:50 AM,15.90,48145.9,31.3803
8034,03/07/20 10:49:00 AM,15.90,48158.6,31.3896
8035,03/07/20 10:49:10 AM,15.90,48171.4,31.3989
8036,03/07/20 10:49:20 AM,15.90,48179.9,31.4052
8037,03/07/20 10:49:30 AM,15.89,48190.8,31.4131
8038,03/07/20 10:49:40 AM,15.90,48158.6,31.3896
8039,03/07/20 10:49:50 AM,15.90,48145.9,31.3803
8040,03/07/20 10:50:00 AM,15.89,48148.2,31.3820
8041,03/07/20 10:50:10 AM,15.89,48148.2,31.3820
8042,03/07/20 10:50:20 AM,15.90,48179.9,31.4052
8043,03/07/20 10:50:30 AM,15.90,48158.6,31.3896
8044,03/07/20 10:50:40 AM,15.90,48192.6,31.4144
8045,03/07/20 10:50:50 AM,15.90,48158.6,31.3896
8046,03/07/20 10:51:00 AM,15.90,48179.9,31.4052
8047,03/07/20 10:51:10 AM,15.89,48169.4,31.3975
8048,03/07/20 10:51:20 AM,15.90,48192.6,31.4144
8049,03/07/20 10:51:30 AM,15.90,48137.4,31.3741
8050,03/07/20 10:51:40 AM,15.90,48150.1,31.3834
8051,03/07/20 10:51:50 AM,15.89,48169.4,31.3975
8052,03/07/20 10:52:00 AM,15.90,48150.1,31.3834
8053,03/07/20 10:52:10 AM,15.90,48201.2,31.4207
8054,03/07/20 10:52:20 AM,15.90,48167.1,31.3958
8055,03/07/20 10:52:30 AM,15.90,48150.1,31.3834
8056,03/07/20 10:52:40 AM,15.90,48150.1,31.3834
8057,03/07/20 10:52:50 AM,15.90,48158.6,31.3896
8058,03/07/20 10:53:00 AM,15.90,48137.4,31.3741
8059,03/07/20 10:53:10 AM,15.90,48137.4,31.3741
8060,03/07/20 10:53:20 AM,15.90,48150.1,31.3834
8061,03/07/20 10:53:30 AM,15.90,48179.9,31.4052
8062,03/07/20 10:53:40 AM,15.90,48137.4,31.3741
8063,03/07/20 10:53:50 AM,15.91,48169.1,31.3972
8064,03/07/20 10:54:00 AM,15.90,48158.6,31.3896
8065,03/07/20 10:54:10 AM,15.90,48201.2,31.4207
8066,03/07/20 10:54:20 AM,15.90,48171.4,31.3989
8067,03/07/20 10:54:30 AM,15.90,48171.4,31.3989
8068,03/07/20 10:54:40 AM,15.90,48179.9,31.4052
8069,03/07/20 10:54:50 AM,15.90,48192.6,31.4144
8070,03/07/20 10:55:00 AM,15.90,48158.6,31.3896
8071,03/07/20 10:55:10 AM,15.90,48150.1,31.3834
8072,03/07/20 10:55:20 AM,15.90,48137.4,31.3741
8073,03/07/20 10:55:30 AM,15.90,48192.6,31.4144
8074,03/07/20 10:55:40 AM,15.90,48201.2,31.4207
8075,03/07/20 10:55:50 AM,15.90,48179.9,31.4052
8076,03/07/20 10:56:00 AM,15.90,48171.4,31.3989
8077,03/07/20 10:56:10 AM,15.90,48171.4,31.3989
8078,03/07/20 10:56:20 AM,15.91,48139.3,31.3755
8079,03/07/20 10:56:30 AM,15.90,48124.7,31.3649
8080,03/07/20 10:56:40 AM,15.90,48158.6,31.3896
8081,03/07/20 10:56:50 AM,15.90,48158.6,31.3896
8082,03/07/20 10:57:00 AM,15.91,48139.3,31.3755
8083,03/07/20 10:57:10 AM,15.91,48147.7,31.3817
8084,03/07/20 10:57:20 AM,15.90,48116.2,31.3587
8085,03/07/20 10:57:30 AM,15.90,48171.4,31.3989
8086,03/07/20 10:57:40 AM,15.91,48126.5,31.3662
8087,03/07/20 10:57:50 AM,15.90,48192.6,31.4144
8088,03/07/20 10:58:00 AM,15.91,48147.7,31.3817
8089,03/07/20 10:58:10 AM,15.91,48118.1,31.3600
8090,03/07/20 10:58:20 AM,15.91,48139.3,31.3755
8091,03/07/20 10:58:30 AM,15.91,48181.7,31.4065
8092,03/07/20 10:58:40 AM,15.91,48147.7,31.3817
8093,03/07/20 10:58:50 AM,15.90,48116.2,31.3587
8094,03/07/20 10:59:00 AM,15.91,48118.1,31.3600
8095,03/07/20 10:59:10 AM,15.91,48147.7,31.3817
8096,03/07/20 10:59:20 AM,15.90,48158.6,31.3896
8097,03/07/20 10:59:30 AM,15.90,48158.6,31.3896
8098,03/07/20 10:59:40 AM,15.91,48147.7,31.3817
8099,03/07/20 10:59:50 AM,15.91,48126.5,31.3662
8100,03/07/20 11:00:00 AM,15.91,48126.5,31.3662
8101,03/07/20 11:00:10 AM,15.91,48139.3,31.3755
8102,03/07/20 11:00:20 AM,15.90,48150.1,31.3834
8103,03/07/20 11:00:30 AM,15.90,48179.9,31.4052
8104,03/07/20 11:00:40 AM,15.90,48116.2,31.3587
8105,03/07/20 11:00:50 AM,15.90,48128.9,31.3679
8106,03/07/20 11:01:00 AM,15.90,48128.9,31.3679
8107,03/07/20 11:01:10 AM,15.90,48137.4,31.3741
8108,03/07/20 11:01:20 AM,15.91,48194.5,31.4158
8109,03/07/20 11:01:30 AM,15.91,48169.1,31.3972
8110,03/07/20 11:01:40 AM,15.90,48179.9,31.4052
8111,03/07/20 11:01:50 AM,15.90,48150.1,31.3834
8112,03/07/20 11:02:00 AM,15.91,48126.5,31.3662
8113,03/07/20 11:02:10 AM,15.90,48171.4,31.3989
8114,03/07/20 11:02:20 AM,15.90,48137.4,31.3741
8115,03/07/20 11:02:30 AM,15.90,48171.4,31.3989
8116,03/07/20 11:02:40 AM,15.90,48137.4,31.3741
8117,03/07/20 11:02:50 AM,15.91,48126.5,31.3662
8118,03/07/20 11:03:00 AM,15.91,48105.4,31.3508
8119,03/07/20 11:03:10 AM,15.91,48096.8,31.3445
8120,03/07/20 11:03:20 AM,15.90,48171.4,31.3989
8121,03/07/20 11:03:30 AM,15.90,48137.4,31.3741
8122,03/07/20 11:03:40 AM,15.90,48137.4,31.3741
8123,03/07/20 11:03:50 AM,15.90,48171.4,31.3989
8124,03/07/20 11:04:00 AM,15.91,48139.3,31.3755
8125,03/07/20 11:04:10 AM,15.90,48150.1,31.3834
8126,03/07/20 11:04:20 AM,15.91,48147.7,31.3817
8127,03/07/20 11:04:30 AM,15.91,48139.3,31.3755
8128,03/07/20 11:04:40 AM,15.91,48160.5,31.3910
8129,03/07/20 11:04:50 AM,15.91,48105.4,31.3508
8130,03/07/20 11:05:00 AM,15.91,48173.3,31.4003
8131,03/07/20 11:05:10 AM,15.91,48139.3,31.3755
8132,03/07/20 11:05:20 AM,15.91,48139.3,31.3755
8133,03/07/20 11:05:30 AM,15.91,48126.5,31.3662
8134,03/07/20 11:05:40 AM,15.91,48126.5,31.3662
8135,03/07/20 11:05:50 AM,15.90,48116.2,31.3587
8136,03/07/20 11:06:00 AM,15.91,48118.1,31.3600
8137,03/07/20 11:06:10 AM,15.91,48096.8,31.3445
8138,03/07/20 11:06:20 AM,15.91,48105.4,31.3508
8139,03/07/20 11:06:30 AM,15.91,48126.5,31.3662
8140,03/07/20 11:06:40 AM,15.91,48105.4,31.3508
8141,03/07/20 11:06:50 AM,15.91,48096.8,31.3445
8142,03/07/20 11:07:00 AM,15.91,48118.1,31.3600
8143,03/07/20 11:07:10 AM,15.91,48118.1,31.3600
8144,03/07/20 11:07:20 AM,15.91,48105.4,31.3508
8145,03/07/20 11:07:30 AM,15.91,48152.1,31.3848
8146,03/07/20 11:07:40 AM,15.91,48139.3,31.3755
8147,03/07/20 11:07:50 AM,15.91,48118.1,31.3600
8148,03/07/20 11:08:00 AM,15.91,48130.9,31.3694
8149,03/07/20 11:08:10 AM,15.91,48118.1,31.3600
8150,03/07/20 11:08:20 AM,15.91,48096.8,31.3445
8151,03/07/20 11:08:30 AM,15.91,48096.8,31.3445
8152,03/07/20 11:08:40 AM,15.91,48105.4,31.3508
8153,03/07/20 11:08:50 AM,15.91,48130.9,31.3694
8154,03/07/20 11:09:00 AM,15.91,48096.8,31.3445
8155,03/07/20 11:09:10 AM,15.91,48054.5,31.3137
8156,03/07/20 11:09:20 AM,15.92,48086.0,31.3366
8157,03/07/20 11:09:30 AM,15.91,48084.2,31.3353
8158,03/07/20 11:09:40 AM,15.91,48075.6,31.3291
8159,03/07/20 11:09:50 AM,15.91,48109.6,31.3539
8160,03/07/20 11:10:00 AM,15.91,48020.6,31.2890
8161,03/07/20 11:10:10 AM,15.91,48020.6,31.2890
8162,03/07/20 11:10:20 AM,15.91,47999.5,31.2736
8163,03/07/20 11:10:30 AM,15.91,48020.6,31.2890
8164,03/07/20 11:10:40 AM,15.91,48054.5,31.3137
8165,03/07/20 11:10:50 AM,15.91,48008.0,31.2797
8166,03/07/20 11:11:00 AM,15.91,48041.9,31.3044
8167,03/07/20 11:11:10 AM,15.91,48041.9,31.3044
8168,03/07/20 11:11:20 AM,15.91,48228.6,31.4407
8169,03/07/20 11:11:30 AM,15.91,48186.1,31.4097
8170,03/07/20 11:11:40 AM,15.91,48207.3,31.4251
8171,03/07/20 11:11:50 AM,15.91,48220.1,31.4345
8172,03/07/20 11:12:00 AM,15.91,48241.4,31.4500
8173,03/07/20 11:12:10 AM,15.91,48198.9,31.4190
8174,03/07/20 11:12:20 AM,15.91,48186.1,31.4097
8175,03/07/20 11:12:30 AM,15.91,48198.9,31.4190
8176,03/07/20 11:12:40 AM,15.91,48249.9,31.4562
8177,03/07/20 11:12:50 AM,15.91,48228.6,31.4407
8178,03/07/20 11:13:00 AM,15.91,48186.1,31.4097
8179,03/07/20 11:13:10 AM,15.92,48056.4,31.3150
8180,03/07/20 11:13:20 AM,15.91,48118.1,31.3600
8181,03/07/20 11:13:30 AM,15.91,48186.1,31.4097
8182,03/07/20 11:13:40 AM,15.91,48152.1,31.3848
8183,03/07/20 11:13:50 AM,15.91,48241.4,31.4500
8184,03/07/20 11:14:00 AM,15.92,48209.2,31.4265
8185,03/07/20 11:14:10 AM,15.91,48220.1,31.4345
8186,03/07/20 11:14:20 AM,15.91,48249.9,31.4562
8187,03/07/20 11:14:30 AM,15.91,48220.1,31.4345
8188,03/07/20 11:14:40 AM,15.91,48228.6,31.4407
8189,03/07/20 11:14:50 AM,15.91,48220.1,31.4345
8190,03/07/20 11:15:00 AM,15.92,48175.2,31.4017
8191,03/07/20 11:15:10 AM,15.91,48198.9,31.4190
8192,03/07/20 11:15:20 AM,15.92,48153.9,31.3862
8193,03/07/20 11:15:30 AM,15.92,48188.0,31.4111
8194,03/07/20 11:15:40 AM,15.92,48188.0,31.4111
8195,03/07/20 11:15:50 AM,15.92,48196.5,31.4172
8196,03/07/20 11:16:00 AM,15.92,48175.2,31.4017
8197,03/07/20 11:16:10 AM,15.91,48228.6,31.4407
8198,03/07/20 11:16:20 AM,15.92,48196.5,31.4172
8199,03/07/20 11:16:30 AM,15.91,48198.9,31.4190
8200,03/07/20 11:16:40 AM,15.92,48209.2,31.4265
8201,03/07/20 11:16:50 AM,15.91,48186.1,31.4097
8202,03/07/20 11:17:00 AM,15.92,48153.9,31.3862
8203,03/07/20 11:17:10 AM,15.92,48166.7,31.3955
8204,03/07/20 11:17:20 AM,15.92,48153.9,31.3862
8205,03/07/20 11:17:30 AM,15.92,48128.5,31.3676
8206,03/07/20 11:17:40 AM,15.92,48120.0,31.3614
8207,03/07/20 11:17:50 AM,15.92,48120.0,31.3614
8208,03/07/20 11:18:00 AM,15.91,48096.8,31.3445
8209,03/07/20 11:18:10 AM,15.92,48120.0,31.3614
8210,03/07/20 11:18:20 AM,15.91,48130.9,31.3694
8211,03/07/20 11:18:30 AM,15.91,48152.1,31.3848
8212,03/07/20 11:18:40 AM,15.92,48141.2,31.3769
8213,03/07/20 11:18:50 AM,15.92,48153.9,31.3862
8214,03/07/20 11:19:00 AM,15.92,48120.0,31.3614
8215,03/07/20 11:19:10 AM,15.92,48064.8,31.3212
8216,03/07/20 11:19:20 AM,15.92,48111.5,31.3552
8217,03/07/20 11:19:30 AM,15.92,48107.2,31.3521
8218,03/07/20 11:19:40 AM,15.92,48098.8,31.3460
8219,03/07/20 11:19:50 AM,15.92,48107.2,31.3521
8220,03/07/20 11:20:00 AM,15.92,48120.0,31.3614
8221,03/07/20 11:20:10 AM,15.92,48120.0,31.3614
8222,03/07/20 11:20:20 AM,15.92,48120.0,31.3614
8223,03/07/20 11:20:30 AM,15.92,48132.7,31.3707
8224,03/07/20 11:20:40 AM,15.92,48153.9,31.3862
8225,03/07/20 11:20:50 AM,15.92,48098.8,31.3460
8226,03/07/20 11:21:00 AM,15.92,48124.2,31.3645
8227,03/07/20 11:21:10 AM,15.92,48086.0,31.3366
8228,03/07/20 11:21:20 AM,15.92,48098.8,31.3460
8229,03/07/20 11:21:30 AM,15.94,48077.1,31.3302
8230,03/07/20 11:21:40 AM,15.92,48120.0,31.3614
8231,03/07/20 11:21:50 AM,15.92,48064.8,31.3212
8232,03/07/20 11:22:00 AM,15.92,48098.8,31.3460
8233,03/07/20 11:22:10 AM,15.92,48120.0,31.3614
8234,03/07/20 11:22:20 AM,15.92,48111.5,31.3552
8235,03/07/20 11:22:30 AM,15.92,48166.7,31.3955
8236,03/07/20 11:22:40 AM,15.92,48188.0,31.4111
8237,03/07/20 11:22:50 AM,15.92,48175.2,31.4017
8238,03/07/20 11:23:00 AM,15.92,48188.0,31.4111
8239,03/07/20 11:23:10 AM,15.92,48222.0,31.4359
8240,03/07/20 11:23:20 AM,15.92,48166.7,31.3955
8241,03/07/20 11:23:30 AM,15.92,48196.5,31.4172
8242,03/07/20 11:23:40 AM,15.92,48188.0,31.4111
8243,03/07/20 11:23:50 AM,15.92,48217.8,31.4328
8244,03/07/20 11:24:00 AM,15.92,48175.2,31.4017
8245,03/07/20 11:24:10 AM,15.92,48209.2,31.4265
8246,03/07/20 11:24:20 AM,15.92,48145.5,31.3800
8247,03/07/20 11:24:30 AM,15.92,48175.2,31.4017
8248,03/07/20 11:24:40 AM,15.92,48188.0,31.4111
8249,03/07/20 11:24:50 AM,15.92,48188.0,31.4111
8250,03/07/20 11:25:00 AM,15.92,48188.0,31.4111
8251,03/07/20 11:25:10 AM,15.94,48187.5,31.4107
8252,03/07/20 11:25:20 AM,15.94,48145.0,31.3797
8253,03/07/20 11:25:30 AM,15.92,48166.7,31.3955
8254,03/07/20 11:25:40 AM,15.94,48111.0,31.3549
8255,03/07/20 11:25:50 AM,15.94,48187.5,31.4107
8256,03/07/20 11:26:00 AM,15.94,48200.3,31.4200
8257,03/07/20 11:26:10 AM,15.94,48132.2,31.3704
8258,03/07/20 11:26:20 AM,15.92,48153.9,31.3862
8259,03/07/20 11:26:30 AM,15.94,48153.6,31.3859
8260,03/07/20 11:26:40 AM,15.94,48132.2,31.3704
8261,03/07/20 11:26:50 AM,15.94,48132.2,31.3704
8262,03/07/20 11:27:00 AM,15.92,48166.7,31.3955
8263,03/07/20 11:27:10 AM,15.94,48123.8,31.3642
8264,03/07/20 11:27:20 AM,15.92,48175.2,31.4017
8265,03/07/20 11:27:30 AM,15.94,48111.0,31.3549
8266,03/07/20 11:27:40 AM,15.94,48179.0,31.4045
8267,03/07/20 11:27:50 AM,15.94,48123.8,31.3642
8268,03/07/20 11:28:00 AM,15.94,48166.3,31.3952
8269,03/07/20 11:28:10 AM,15.94,48166.3,31.3952
8270,03/07/20 11:28:20 AM,15.94,48132.2,31.3704
8271,03/07/20 11:28:30 AM,15.94,48089.8,31.3394
8272,03/07/20 11:28:40 AM,15.94,48132.2,31.3704
8273,03/07/20 11:28:50 AM,15.94,48123.8,31.3642
8274,03/07/20 11:29:00 AM,15.94,48132.2,31.3704
8275,03/07/20 11:29:10 AM,15.94,48179.0,31.4045
8276,03/07/20 11:29:20 AM,15.94,48123.8,31.3642
8277,03/07/20 11:29:30 AM,15.92,48209.2,31.4265
8278,03/07/20 11:29:40 AM,15.92,48145.5,31.3800
8279,03/07/20 11:29:50 AM,15.94,48145.0,31.3797
8280,03/07/20 11:30:00 AM,15.94,48153.6,31.3859
8281,03/07/20 11:30:10 AM,15.94,48191.8,31.4138
8282,03/07/20 11:30:20 AM,15.94,48123.8,31.3642
8283,03/07/20 11:30:30 AM,15.94,48191.8,31.4138
8284,03/07/20 11:30:40 AM,15.94,48145.0,31.3797
8285,03/07/20 11:30:50 AM,15.94,48179.0,31.4045
8286,03/07/20 11:31:00 AM,15.94,48157.8,31.3890
8287,03/07/20 11:31:10 AM,15.94,48191.8,31.4138
8288,03/07/20 11:31:20 AM,15.92,48200.7,31.4203
8289,03/07/20 11:31:30 AM,15.94,48157.8,31.3890
8290,03/07/20 11:31:40 AM,15.94,48179.0,31.4045
8291,03/07/20 11:31:50 AM,15.94,48123.8,31.3642
8292,03/07/20 11:32:00 AM,15.94,48166.3,31.3952
8293,03/07/20 11:32:10 AM,15.94,48170.5,31.3983
8294,03/07/20 11:32:20 AM,15.94,48157.8,31.3890
8295,03/07/20 11:32:30 AM,15.94,48145.0,31.3797
8296,03/07/20 11:32:40 AM,15.92,48213.5,31.4296
8297,03/07/20 11:32:50 AM,15.94,48145.0,31.3797
8298,03/07/20 11:33:00 AM,15.94,48123.8,31.3642
8299,03/07/20 11:33:10 AM,15.92,48145.5,31.3800
8300,03/07/20 11:33:20 AM,15.94,48157.8,31.3890
8301,03/07/20 11:33:30 AM,15.94,48026.3,31.2931
8302,03/07/20 11:33:40 AM,15.94,48111.0,31.3549
8303,03/07/20 11:33:50 AM,15.94,48089.8,31.3394
8304,03/07/20 11:34:00 AM,15.94,48145.0,31.3797
8305,03/07/20 11:34:10 AM,15.94,48149.2,31.3827
8306,03/07/20 11:34:20 AM,15.94,48157.8,31.3890
8307,03/07/20 11:34:30 AM,15.94,48157.8,31.3890
8308,03/07/20 11:34:40 AM,15.94,48123.8,31.3642
8309,03/07/20 11:34:50 AM,15.94,48157.8,31.3890
8310,03/07/20 11:35:00 AM,15.94,48170.5,31.3983
8311,03/07/20 11:35:10 AM,15.94,48157.8,31.3890
8312,03/07/20 11:35:20 AM,15.94,48157.8,31.3890
8313,03/07/20 11:35:30 AM,15.94,48136.6,31.3735
8314,03/07/20 11:35:40 AM,15.94,48115.2,31.3580
8315,03/07/20 11:35:50 AM,15.95,48104.4,31.3501
8316,03/07/20 11:36:00 AM,15.94,48149.2,31.3827
8317,03/07/20 11:36:10 AM,15.94,48149.2,31.3827
8318,03/07/20 11:36:20 AM,15.94,48170.5,31.3983
8319,03/07/20 11:36:30 AM,15.95,48159.7,31.3904
8320,03/07/20 11:36:40 AM,15.94,48123.8,31.3642
8321,03/07/20 11:36:50 AM,15.94,48170.5,31.3983
8322,03/07/20 11:37:00 AM,15.95,48083.2,31.3346
8323,03/07/20 11:37:10 AM,15.95,48104.4,31.3501
8324,03/07/20 11:37:20 AM,15.95,48138.4,31.3748
8325,03/07/20 11:37:30 AM,15.94,48149.2,31.3827
8326,03/07/20 11:37:40 AM,15.95,48104.4,31.3501
8327,03/07/20 11:37:50 AM,15.95,48146.9,31.3811
8328,03/07/20 11:38:00 AM,15.95,48138.4,31.3748
8329,03/07/20 11:38:10 AM,15.94,48149.2,31.3827
8330,03/07/20 11:38:20 AM,15.95,48104.4,31.3501
8331,03/07/20 11:38:30 AM,15.95,48159.7,31.3904
8332,03/07/20 11:38:40 AM,15.94,48157.8,31.3890
8333,03/07/20 11:38:50 AM,15.94,48179.0,31.4045
8334,03/07/20 11:39:00 AM,15.94,48136.6,31.3735
8335,03/07/20 11:39:10 AM,15.94,48149.2,31.3827
8336,03/07/20 11:39:20 AM,15.95,48146.9,31.3811
8337,03/07/20 11:39:30 AM,15.94,48128.0,31.3673
8338,03/07/20 11:39:40 AM,15.94,48179.0,31.4045
8339,03/07/20 11:39:50 AM,15.94,48136.6,31.3735
8340,03/07/20 11:40:00 AM,15.94,48128.0,31.3673
8341,03/07/20 11:40:10 AM,15.94,48157.8,31.3890
8342,03/07/20 11:40:20 AM,15.94,48136.6,31.3735
8343,03/07/20 11:40:30 AM,15.94,48149.2,31.3827
8344,03/07/20 11:40:40 AM,15.94,48128.0,31.3673
8345,03/07/20 11:40:50 AM,15.94,48149.2,31.3827
8346,03/07/20 11:41:00 AM,15.94,48136.6,31.3735
8347,03/07/20 11:41:10 AM,15.94,48128.0,31.3673
8348,03/07/20 11:41:20 AM,15.94,48115.2,31.3580
8349,03/07/20 11:41:30 AM,15.95,48146.9,31.3811
8350,03/07/20 11:41:40 AM,15.94,48179.0,31.4045
8351,03/07/20 11:41:50 AM,15.94,48106.8,31.3518
8352,03/07/20 11:42:00 AM,15.94,48136.6,31.3735
8353,03/07/20 11:42:10 AM,15.94,48136.6,31.3735
8354,03/07/20 11:42:20 AM,15.94,48157.8,31.3890
8355,03/07/20 11:42:30 AM,15.94,48128.0,31.3673
8356,03/07/20 11:42:40 AM,15.95,48146.9,31.3811
8357,03/07/20 11:42:50 AM,15.95,48138.4,31.3748
8358,03/07/20 11:43:00 AM,15.95,48146.9,31.3811
8359,03/07/20 11:43:10 AM,15.95,48146.9,31.3811
8360,03/07/20 11:43:20 AM,15.95,48180.9,31.4059
8361,03/07/20 11:43:30 AM,15.95,48104.4,31.3501
8362,03/07/20 11:43:40 AM,15.95,48159.7,31.3904
8363,03/07/20 11:43:50 AM,15.95,48104.4,31.3501
8364,03/07/20 11:44:00 AM,15.95,48074.8,31.3284
8365,03/07/20 11:44:10 AM,15.95,48125.7,31.3656
8366,03/07/20 11:44:20 AM,15.95,48138.4,31.3748
8367,03/07/20 11:44:30 AM,15.95,48138.4,31.3748
8368,03/07/20 11:44:40 AM,15.95,48104.4,31.3501
8369,03/07/20 11:44:50 AM,15.95,48146.9,31.3811
8370,03/07/20 11:45:00 AM,15.95,48096.0,31.3439
8371,03/07/20 11:45:10 AM,15.95,48125.7,31.3656
8372,03/07/20 11:45:20 AM,15.95,48117.2,31.3594
8373,03/07/20 11:45:30 AM,15.95,48125.7,31.3656
8374,03/07/20 11:45:40 AM,15.95,48159.7,31.3904
8375,03/07/20 11:45:50 AM,15.95,48104.4,31.3501
8376,03/07/20 11:46:00 AM,15.95,48138.4,31.3748
8377,03/07/20 11:46:10 AM,15.95,48138.4,31.3748
8378,03/07/20 11:46:20 AM,15.95,48125.7,31.3656
8379,03/07/20 11:46:30 AM,15.95,48138.4,31.3748
8380,03/07/20 11:46:40 AM,15.95,48125.7,31.3656
8381,03/07/20 11:46:50 AM,15.95,48138.4,31.3748
8382,03/07/20 11:47:00 AM,15.95,48151.1,31.3842
8383,03/07/20 11:47:10 AM,15.95,48138.4,31.3748
8384,03/07/20 11:47:20 AM,15.95,48117.2,31.3594
8385,03/07/20 11:47:30 AM,15.95,48104.4,31.3501
8386,03/07/20 11:47:40 AM,15.95,48138.4,31.3748
8387,03/07/20 11:47:50 AM,15.95,48096.0,31.3439
8388,03/07/20 11:48:00 AM,15.95,48125.7,31.3656
8389,03/07/20 11:48:10 AM,15.95,48117.2,31.3594
8390,03/07/20 11:48:20 AM,15.95,48138.4,31.3748
8391,03/07/20 11:48:30 AM,15.95,48138.4,31.3748
8392,03/07/20 11:48:40 AM,15.95,48129.9,31.3687
8393,03/07/20 11:48:50 AM,15.95,48074.8,31.3284
8394,03/07/20 11:49:00 AM,15.95,48117.2,31.3594
8395,03/07/20 11:49:10 AM,15.95,48117.2,31.3594
8396,03/07/20 11:49:20 AM,15.95,48104.4,31.3501
8397,03/07/20 11:49:30 AM,15.95,48138.4,31.3748
8398,03/07/20 11:49:40 AM,15.96,48072.4,31.3267
8399,03/07/20 11:49:50 AM,15.95,48172.5,31.3997
8400,03/07/20 11:50:00 AM,15.95,48129.9,31.3687
8401,03/07/20 11:50:10 AM,15.96,48127.5,31.3669
8402,03/07/20 11:50:20 AM,15.95,48151.1,31.3842
8403,03/07/20 11:50:30 AM,15.95,48108.7,31.3532
8404,03/07/20 11:50:40 AM,15.96,48140.3,31.3763
8405,03/07/20 11:50:50 AM,15.96,48148.9,31.3825
8406,03/07/20 11:51:00 AM,15.95,48117.2,31.3594
8407,03/07/20 11:51:10 AM,15.96,48106.3,31.3515
8408,03/07/20 11:51:20 AM,15.96,48119.1,31.3608
8409,03/07/20 11:51:30 AM,15.96,48097.9,31.3453
8410,03/07/20 11:51:40 AM,15.96,48106.3,31.3515
8411,03/07/20 11:51:50 AM,15.96,48106.3,31.3515
8412,03/07/20 11:52:00 AM,15.96,48127.5,31.3669
8413,03/07/20 11:52:10 AM,15.97,48129.5,31.3684
8414,03/07/20 11:52:20 AM,15.96,48140.3,31.3763
8415,03/07/20 11:52:30 AM,15.96,48140.3,31.3763
8416,03/07/20 11:52:40 AM,15.96,48085.1,31.3360
8417,03/07/20 11:52:50 AM,15.96,48119.1,31.3608
8418,03/07/20 11:53:00 AM,15.96,48161.6,31.3918
8419,03/07/20 11:53:10 AM,15.96,48119.1,31.3608
8420,03/07/20 11:53:20 AM,15.97,48074.3,31.3281
8421,03/07/20 11:53:30 AM,15.96,48097.9,31.3453
8422,03/07/20 11:53:40 AM,15.97,48108.3,31.3529
8423,03/07/20 11:53:50 AM,15.97,48129.5,31.3684
8424,03/07/20 11:54:00 AM,15.97,48116.7,31.3590
8425,03/07/20 11:54:10 AM,15.97,48108.3,31.3529
8426,03/07/20 11:54:20 AM,15.98,48105.9,31.3511
8427,03/07/20 11:54:30 AM,15.97,48087.1,31.3374
8428,03/07/20 11:54:40 AM,15.97,48116.7,31.3590
8429,03/07/20 11:54:50 AM,15.97,48138.0,31.3746
8430,03/07/20 11:55:00 AM,15.97,48087.1,31.3374
8431,03/07/20 11:55:10 AM,15.97,48095.5,31.3436
8432,03/07/20 11:55:20 AM,15.97,48116.7,31.3590
8433,03/07/20 11:55:30 AM,15.97,48108.3,31.3529
8434,03/07/20 11:55:40 AM,15.98,48105.9,31.3511
8435,03/07/20 11:55:50 AM,15.98,48105.9,31.3511
8436,03/07/20 11:56:00 AM,15.97,48087.1,31.3374
8437,03/07/20 11:56:10 AM,15.98,48140.0,31.3760
8438,03/07/20 11:56:20 AM,15.97,48116.7,31.3590
8439,03/07/20 11:56:30 AM,15.97,48138.0,31.3746
8440,03/07/20 11:56:40 AM,15.97,48138.0,31.3746
8441,03/07/20 11:56:50 AM,15.98,48084.7,31.3357
8442,03/07/20 11:57:00 AM,15.97,48108.3,31.3529
8443,03/07/20 11:57:10 AM,15.97,48163.6,31.3932
8444,03/07/20 11:57:20 AM,15.97,48095.5,31.3436
8445,03/07/20 11:57:30 AM,15.98,48140.0,31.3760
8446,03/07/20 11:57:40 AM,15.97,48116.7,31.3590
8447,03/07/20 11:57:50 AM,15.97,48116.7,31.3590
8448,03/07/20 11:58:00 AM,15.98,48110.2,31.3543
8449,03/07/20 11:58:10 AM,15.98,48084.7,31.3357
8450,03/07/20 11:58:20 AM,15.97,48108.3,31.3529
8451,03/07/20 11:58:30 AM,15.98,48076.3,31.3295
8452,03/07/20 11:58:40 AM,15.98,48097.5,31.3450
8453,03/07/20 11:58:50 AM,15.98,48097.5,31.3450
8454,03/07/20 11:59:00 AM,15.98,48105.9,31.3511
8455,03/07/20 11:59:10 AM,15.98,48097.5,31.3450
8456,03/07/20 11:59:20 AM,15.98,48118.7,31.3605
8457,03/07/20 11:59:30 AM,15.98,48055.1,31.3141
8458,03/07/20 11:59:40 AM,15.98,48084.7,31.3357
8459,03/07/20 11:59:50 AM,15.98,48118.7,31.3605
8460,03/07/20 12:00:00 PM,15.97,48108.3,31.3529
8461,03/07/20 12:00:10 PM,15.98,48118.7,31.3605
8462,03/07/20 12:00:20 PM,15.98,48055.1,31.3141
8463,03/07/20 12:00:30 PM,15.98,48084.7,31.3357
8464,03/07/20 12:00:40 PM,15.98,48118.7,31.3605
8465,03/07/20 12:00:50 PM,15.98,48097.5,31.3450
8466,03/07/20 12:01:00 PM,15.98,48110.2,31.3543
8467,03/07/20 12:01:10 PM,15.98,48097.5,31.3450
8468,03/07/20 12:01:20 PM,15.98,48110.2,31.3543
8469,03/07/20 12:01:30 PM,15.98,48097.5,31.3450
8470,03/07/20 12:01:40 PM,15.98,48076.3,31.3295
8471,03/07/20 12:01:50 PM,15.98,48084.7,31.3357
8472,03/07/20 12:02:00 PM,15.98,48097.5,31.3450
8473,03/07/20 12:02:10 PM,16.00,48109.8,31.3540
8474,03/07/20 12:02:20 PM,15.98,48097.5,31.3450
8475,03/07/20 12:02:30 PM,16.00,48075.8,31.3292
8476,03/07/20 12:02:40 PM,16.00,48109.8,31.3540
8477,03/07/20 12:02:50 PM,16.00,48109.8,31.3540
8478,03/07/20 12:03:00 PM,16.00,48122.5,31.3633
8479,03/07/20 12:03:10 PM,16.00,48088.6,31.3385
8480,03/07/20 12:03:20 PM,16.00,48088.6,31.3385
8481,03/07/20 12:03:30 PM,15.98,47999.9,31.2739
8482,03/07/20 12:03:40 PM,16.00,48054.7,31.3138
8483,03/07/20 12:03:50 PM,16.00,48054.7,31.3138
8484,03/07/20 12:04:00 PM,16.00,48088.6,31.3385
8485,03/07/20 12:04:10 PM,16.00,48080.0,31.3323
8486,03/07/20 12:04:20 PM,16.00,48101.4,31.3478
8487,03/07/20 12:04:30 PM,16.00,48088.6,31.3385
8488,03/07/20 12:04:40 PM,16.00,48054.7,31.3138
8489,03/07/20 12:04:50 PM,16.00,48067.3,31.3230
8490,03/07/20 12:05:00 PM,16.00,48088.6,31.3385
8491,03/07/20 12:05:10 PM,16.00,48131.1,31.3695
8492,03/07/20 12:05:20 PM,16.00,48067.3,31.3230
8493,03/07/20 12:05:30 PM,16.00,48067.3,31.3230
8494,03/07/20 12:05:40 PM,16.01,48077.8,31.3306
8495,03/07/20 12:05:50 PM,16.01,48077.8,31.3306
8496,03/07/20 12:06:00 PM,16.01,48120.3,31.3616
8497,03/07/20 12:06:10 PM,16.01,48099.0,31.3461
8498,03/07/20 12:06:20 PM,16.01,48090.5,31.3399
8499,03/07/20 12:06:30 PM,16.01,48077.8,31.3306
8500,03/07/20 12:06:40 PM,16.01,48090.5,31.3399
8501,03/07/20 12:06:50 PM,16.01,48077.8,31.3306
8502,03/07/20 12:07:00 PM,16.01,48099.0,31.3461
8503,03/07/20 12:07:10 PM,16.01,48077.8,31.3306
8504,03/07/20 12:07:20 PM,16.00,48067.3,31.3230
8505,03/07/20 12:07:30 PM,16.01,48141.4,31.3771
8506,03/07/20 12:07:40 PM,16.02,48109.4,31.3537
8507,03/07/20 12:07:50 PM,16.02,48109.4,31.3537
8508,03/07/20 12:08:00 PM,16.02,48088.1,31.3382
8509,03/07/20 12:08:10 PM,16.01,48077.8,31.3306
8510,03/07/20 12:08:20 PM,16.01,48133.0,31.3709
8511,03/07/20 12:08:30 PM,16.02,48088.1,31.3382
8512,03/07/20 12:08:40 PM,16.02,48067.0,31.3228
8513,03/07/20 12:08:50 PM,16.02,48088.1,31.3382
8514,03/07/20 12:09:00 PM,16.02,48109.4,31.3537
8515,03/07/20 12:09:10 PM,16.02,48079.7,31.3321
8516,03/07/20 12:09:20 PM,16.02,48079.7,31.3321
8517,03/07/20 12:09:30 PM,16.02,48088.1,31.3382
8518,03/07/20 12:09:40 PM,16.02,48067.0,31.3228
8519,03/07/20 12:09:50 PM,16.02,48113.6,31.3568
8520,03/07/20 12:10:00 PM,16.02,48088.1,31.3382
8521,03/07/20 12:10:10 PM,16.02,48079.7,31.3321
8522,03/07/20 12:10:20 PM,16.02,48156.2,31.3879
8523,03/07/20 12:10:30 PM,16.02,48088.1,31.3382
8524,03/07/20 12:10:40 PM,16.03,48068.9,31.3242
8525,03/07/20 12:10:50 PM,16.02,48100.9,31.3475
8526,03/07/20 12:11:00 PM,16.02,48037.3,31.3011
8527,03/07/20 12:11:10 PM,16.02,48092.4,31.3413
8528,03/07/20 12:11:20 PM,16.03,48090.1,31.3396
8529,03/07/20 12:11:30 PM,16.03,48090.1,31.3396
8530,03/07/20 12:11:40 PM,16.03,48102.8,31.3489
8531,03/07/20 12:11:50 PM,16.03,48090.1,31.3396
8532,03/07/20 12:12:00 PM,16.03,48111.4,31.3551
8533,03/07/20 12:12:10 PM,16.02,48079.7,31.3321
8534,03/07/20 12:12:20 PM,16.02,48100.9,31.3475
8535,03/07/20 12:12:30 PM,16.02,48100.9,31.3475
8536,03/07/20 12:12:40 PM,16.02,48100.9,31.3475
8537,03/07/20 12:12:50 PM,16.02,48100.9,31.3475
8538,03/07/20 12:13:00 PM,16.03,48090.1,31.3396
8539,03/07/20 12:13:10 PM,16.02,48058.4,31.3165
8540,03/07/20 12:13:20 PM,16.02,48079.7,31.3321
8541,03/07/20 12:13:30 PM,16.02,48100.9,31.3475
8542,03/07/20 12:13:40 PM,16.02,48037.3,31.3011
8543,03/07/20 12:13:50 PM,16.02,48113.6,31.3568
8544,03/07/20 12:14:00 PM,16.02,48079.7,31.3321
8545,03/07/20 12:14:10 PM,16.02,48079.7,31.3321
8546,03/07/20 12:14:20 PM,16.02,48113.6,31.3568
8547,03/07/20 12:14:30 PM,16.02,48092.4,31.3413
8548,03/07/20 12:14:40 PM,16.02,48058.4,31.3165
8549,03/07/20 12:14:50 PM,16.02,48100.9,31.3475
8550,03/07/20 12:15:00 PM,16.03,48068.9,31.3242
8551,03/07/20 12:15:10 PM,16.03,48081.5,31.3334
8552,03/07/20 12:15:20 PM,16.03,48090.1,31.3396
8553,03/07/20 12:15:30 PM,16.03,48081.5,31.3334
8554,03/07/20 12:15:40 PM,16.02,48071.2,31.3258
8555,03/07/20 12:15:50 PM,16.03,48094.3,31.3427
8556,03/07/20 12:16:00 PM,16.05,48059.9,31.3176
8557,03/07/20 12:16:10 PM,16.03,48056.2,31.3149
8558,03/07/20 12:16:20 PM,16.03,48026.5,31.2932
8559,03/07/20 12:16:30 PM,16.03,48034.9,31.2993
8560,03/07/20 12:16:40 PM,16.03,48005.3,31.2778
8561,03/07/20 12:16:50 PM,16.05,47992.1,31.2682
8562,03/07/20 12:17:00 PM,16.03,47996.8,31.2715
8563,03/07/20 12:17:10 PM,16.03,48034.9,31.2993
8564,03/07/20 12:17:20 PM,16.03,48060.4,31.3179
8565,03/07/20 12:17:30 PM,16.03,48073.1,31.3272
8566,03/07/20 12:17:40 PM,16.03,48047.6,31.3086
8567,03/07/20 12:17:50 PM,16.03,48073.1,31.3272
8568,03/07/20 12:18:00 PM,16.05,48059.9,31.3176
8569,03/07/20 12:18:10 PM,16.05,48094.0,31.3424
8570,03/07/20 12:18:20 PM,16.03,48060.4,31.3179
8571,03/07/20 12:18:30 PM,16.03,48060.4,31.3179
8572,03/07/20 12:18:40 PM,16.03,48060.4,31.3179
8573,03/07/20 12:18:50 PM,16.03,48094.3,31.3427
8574,03/07/20 12:19:00 PM,16.05,48059.9,31.3176
8575,03/07/20 12:19:10 PM,16.05,48038.8,31.3022
8576,03/07/20 12:19:20 PM,16.03,48081.5,31.3334
8577,03/07/20 12:19:30 PM,16.03,47996.8,31.2715
8578,03/07/20 12:19:40 PM,16.03,48102.8,31.3489
8579,03/07/20 12:19:50 PM,16.05,48017.6,31.2868
8580,03/07/20 12:20:00 PM,16.05,48009.1,31.2805
8581,03/07/20 12:20:10 PM,16.05,48072.7,31.3269
8582,03/07/20 12:20:20 PM,16.05,48059.9,31.3176
8583,03/07/20 12:20:30 PM,16.06,48091.7,31.3408
8584,03/07/20 12:20:40 PM,16.05,48072.7,31.3269
8585,03/07/20 12:20:50 PM,16.05,48081.2,31.3331
8586,03/07/20 12:21:00 PM,16.05,48102.5,31.3487
8587,03/07/20 12:21:10 PM,16.05,48017.6,31.2868
8588,03/07/20 12:21:20 PM,16.05,48072.7,31.3269
8589,03/07/20 12:21:30 PM,16.05,48081.2,31.3331
8590,03/07/20 12:21:40 PM,16.05,48059.9,31.3176
8591,03/07/20 12:21:50 PM,16.06,48061.9,31.3190
8592,03/07/20 12:22:00 PM,16.05,48051.5,31.3115
8593,03/07/20 12:22:10 PM,16.06,48049.1,31.3097
8594,03/07/20 12:22:20 PM,16.06,48061.9,31.3190
8595,03/07/20 12:22:30 PM,16.06,48061.9,31.3190
8596,03/07/20 12:22:40 PM,16.06,48019.5,31.2881
8597,03/07/20 12:22:50 PM,16.05,48059.9,31.3176
8598,03/07/20 12:23:00 PM,16.06,48104.4,31.3501
8599,03/07/20 12:23:10 PM,16.07,48051.1,31.3112
8600,03/07/20 12:23:20 PM,16.07,48063.8,31.3205
8601,03/07/20 12:23:30 PM,16.06,48049.1,31.3097
8602,03/07/20 12:23:40 PM,16.05,48081.2,31.3331
8603,03/07/20 12:23:50 PM,16.05,48038.8,31.3022
8604,03/07/20 12:24:00 PM,16.05,48081.2,31.3331
8605,03/07/20 12:24:10 PM,16.05,48059.9,31.3176
8606,03/07/20 12:24:20 PM,16.05,48009.1,31.2805
8607,03/07/20 12:24:30 PM,16.05,48059.9,31.3176
8608,03/07/20 12:24:40 PM,16.05,48059.9,31.3176
8609,03/07/20 12:24:50 PM,16.05,48072.7,31.3269
8610,03/07/20 12:25:00 PM,16.06,48049.1,31.3097
8611,03/07/20 12:25:10 PM,16.06,48117.2,31.3594
8612,03/07/20 12:25:20 PM,16.06,48040.7,31.3036
8613,03/07/20 12:25:30 PM,16.07,48029.9,31.2957
8614,03/07/20 12:25:40 PM,16.06,48083.2,31.3346
8615,03/07/20 12:25:50 PM,16.07,48093.6,31.3422
8616,03/07/20 12:26:00 PM,16.07,48072.4,31.3267
8617,03/07/20 12:26:10 PM,16.07,48085.1,31.3360
8618,03/07/20 12:26:20 PM,16.08,48104.1,31.3498
8619,03/07/20 12:26:30 PM,16.08,48095.6,31.3436
8620,03/07/20 12:26:40 PM,16.08,48019.1,31.2879
8621,03/07/20 12:26:50 PM,16.08,48087.0,31.3374
8622,03/07/20 12:27:00 PM,16.09,48042.2,31.3047
8623,03/07/20 12:27:10 PM,16.07,48063.8,31.3205
8624,03/07/20 12:27:20 PM,16.09,48055.0,31.3140
8625,03/07/20 12:27:30 PM,16.09,48021.1,31.2893
8626,03/07/20 12:27:40 PM,16.09,48076.2,31.3295
8627,03/07/20 12:27:50 PM,16.08,48074.3,31.3281
8628,03/07/20 12:28:00 PM,16.08,48074.3,31.3281
8629,03/07/20 12:28:10 PM,16.08,48040.3,31.3033
8630,03/07/20 12:28:20 PM,16.08,47930.2,31.2230
8631,03/07/20 12:28:30 PM,16.08,48006.4,31.2786
8632,03/07/20 12:28:40 PM,16.09,48106.0,31.3512
8633,03/07/20 12:28:50 PM,16.11,48041.9,31.3045
8634,03/07/20 12:29:00 PM,16.11,48084.4,31.3355
8635,03/07/20 12:29:10 PM,16.11,48054.6,31.3138
8636,03/07/20 12:29:20 PM,16.11,48097.1,31.3448
8637,03/07/20 12:29:30 PM,16.11,48063.2,31.3200
8638,03/07/20 12:29:40 PM,16.11,48041.9,31.3045
8639,03/07/20 12:29:50 PM,16.12,48052.4,31.3121
8640,03/07/20 12:30:00 PM,16.12,48086.3,31.3369
8641,03/07/20 12:30:10 PM,16.11,48063.2,31.3200
8642,03/07/20 12:30:20 PM,16.11,48054.6,31.3138
8643,03/07/20 12:30:30 PM,16.13,48088.4,31.3384
8644,03/07/20 12:30:40 PM,16.12,48077.9,31.3308
8645,03/07/20 12:30:50 PM,16.13,48054.3,31.3135
8646,03/07/20 12:31:00 PM,16.12,48056.6,31.3152
8647,03/07/20 12:31:10 PM,16.12,48065.1,31.3214
8648,03/07/20 12:31:20 PM,16.12,48022.6,31.2904
8649,03/07/20 12:31:30 PM,16.12,48099.2,31.3463
8650,03/07/20 12:31:40 PM,16.12,48099.2,31.3463
8651,03/07/20 12:31:50 PM,16.11,48088.7,31.3386
8652,03/07/20 12:32:00 PM,16.11,48054.6,31.3138
8653,03/07/20 12:32:10 PM,16.11,48054.6,31.3138
8654,03/07/20 12:32:20 PM,16.12,48031.1,31.2966
8655,03/07/20 12:32:30 PM,16.12,48043.9,31.3059
8656,03/07/20 12:32:40 PM,16.12,48065.1,31.3214
8657,03/07/20 12:32:50 PM,16.12,48086.3,31.3369
8658,03/07/20 12:33:00 PM,16.12,48086.3,31.3369
8659,03/07/20 12:33:10 PM,16.11,48088.7,31.3386
8660,03/07/20 12:33:20 PM,16.12,48077.9,31.3308
8661,03/07/20 12:33:30 PM,16.11,48088.7,31.3386
8662,03/07/20 12:33:40 PM,16.11,48075.9,31.3293
8663,03/07/20 12:33:50 PM,16.11,48088.7,31.3386
8664,03/07/20 12:34:00 PM,16.11,48075.9,31.3293
8665,03/07/20 12:34:10 PM,16.11,48075.9,31.3293
8666,03/07/20 12:34:20 PM,16.11,48054.6,31.3138
8667,03/07/20 12:34:30 PM,16.11,48088.7,31.3386
8668,03/07/20 12:34:40 PM,16.12,48056.6,31.3152
8669,03/07/20 12:34:50 PM,16.12,48107.7,31.3525
8670,03/07/20 12:35:00 PM,16.11,48088.7,31.3386
8671,03/07/20 12:35:10 PM,16.12,48077.9,31.3308
8672,03/07/20 12:35:20 PM,16.12,48077.9,31.3308
8673,03/07/20 12:35:30 PM,16.12,48077.9,31.3308
8674,03/07/20 12:35:40 PM,16.13,48067.2,31.3229
8675,03/07/20 12:35:50 PM,16.13,48033.1,31.2980
8676,03/07/20 12:36:00 PM,16.13,48075.6,31.3290
8677,03/07/20 12:36:10 PM,16.12,48056.6,31.3152
8678,03/07/20 12:36:20 PM,16.13,48033.1,31.2980
8679,03/07/20 12:36:30 PM,16.13,48088.4,31.3384
8680,03/07/20 12:36:40 PM,16.13,48088.4,31.3384
8681,03/07/20 12:36:50 PM,16.13,48054.3,31.3135
8682,03/07/20 12:37:00 PM,16.13,48075.6,31.3290
8683,03/07/20 12:37:10 PM,16.13,48033.1,31.2980
8684,03/07/20 12:37:20 PM,16.12,48077.9,31.3308
8685,03/07/20 12:37:30 PM,16.13,48054.3,31.3135
8686,03/07/20 12:37:40 PM,16.13,48054.3,31.3135
8687,03/07/20 12:37:50 PM,16.13,48054.3,31.3135
8688,03/07/20 12:38:00 PM,16.13,48075.6,31.3290
8689,03/07/20 12:38:10 PM,16.13,48067.2,31.3229
8690,03/07/20 12:38:20 PM,16.12,48086.3,31.3369
8691,03/07/20 12:38:30 PM,16.12,48099.2,31.3463
8692,03/07/20 12:38:40 PM,16.13,48109.6,31.3539
8693,03/07/20 12:38:50 PM,16.13,48109.6,31.3539
8694,03/07/20 12:39:00 PM,16.13,48088.4,31.3384
8695,03/07/20 12:39:10 PM,16.13,48067.2,31.3229
8696,03/07/20 12:39:20 PM,16.13,48079.9,31.3322
8697,03/07/20 12:39:30 PM,16.13,48054.3,31.3135
8698,03/07/20 12:39:40 PM,16.13,48101.1,31.3477
8699,03/07/20 12:39:50 PM,16.14,48111.7,31.3554
8700,03/07/20 12:40:00 PM,16.14,48035.0,31.2994
8701,03/07/20 12:40:10 PM,16.14,48069.1,31.3243
8702,03/07/20 12:40:20 PM,16.14,48035.0,31.2994
8703,03/07/20 12:40:30 PM,16.14,48056.4,31.3150
8704,03/07/20 12:40:40 PM,16.14,48056.4,31.3150
8705,03/07/20 12:40:50 PM,16.16,48047.5,31.3086
8706,03/07/20 12:41:00 PM,16.14,48056.4,31.3150
8707,03/07/20 12:41:10 PM,16.13,48003.4,31.2764
8708,03/07/20 12:41:20 PM,16.13,48054.3,31.3135
8709,03/07/20 12:41:30 PM,16.13,48079.9,31.3322
8710,03/07/20 12:41:40 PM,16.13,48058.6,31.3167
8711,03/07/20 12:41:50 PM,16.13,48045.8,31.3073
8712,03/07/20 12:42:00 PM,16.13,48088.4,31.3384
8713,03/07/20 12:42:10 PM,16.13,48045.8,31.3073
8714,03/07/20 12:42:20 PM,16.13,48024.7,31.2919
8715,03/07/20 12:42:30 PM,16.13,48079.9,31.3322
8716,03/07/20 12:42:40 PM,16.14,48103.2,31.3492
8717,03/07/20 12:42:50 PM,16.13,48058.6,31.3167
8718,03/07/20 12:43:00 PM,16.14,48026.6,31.2933
8719,03/07/20 12:43:10 PM,16.14,48081.8,31.3336
8720,03/07/20 12:43:20 PM,16.13,48033.1,31.2980
8721,03/07/20 12:43:30 PM,16.13,48024.7,31.2919
8722,03/07/20 12:43:40 PM,16.13,48045.8,31.3073
8723,03/07/20 12:43:50 PM,16.14,48056.4,31.3150
8724,03/07/20 12:44:00 PM,16.14,48013.9,31.2840
8725,03/07/20 12:44:10 PM,16.14,47992.7,31.2686
8726,03/07/20 12:44:20 PM,16.14,48035.0,31.2994
8727,03/07/20 12:44:30 PM,16.14,48013.9,31.2840
8728,03/07/20 12:44:40 PM,16.14,48047.9,31.3088
8729,03/07/20 12:44:50 PM,16.14,48022.3,31.2902
8730,03/07/20 12:45:00 PM,16.13,48067.2,31.3229
8731,03/07/20 12:45:10 PM,16.14,48047.9,31.3088
8732,03/07/20 12:45:20 PM,16.14,48060.6,31.3181
8733,03/07/20 12:45:30 PM,16.14,48047.9,31.3088
8734,03/07/20 12:45:40 PM,16.16,48060.2,31.3178
8735,03/07/20 12:45:50 PM,16.16,48047.5,31.3086
8736,03/07/20 12:46:00 PM,16.14,48069.1,31.3243
8737,03/07/20 12:46:10 PM,16.16,48060.2,31.3178
8738,03/07/20 12:46:20 PM,16.16,48026.3,31.2931
8739,03/07/20 12:46:30 PM,16.16,48047.5,31.3086
8740,03/07/20 12:46:40 PM,16.16,48047.5,31.3086
8741,03/07/20 12:46:50 PM,16.14,48047.9,31.3088
8742,03/07/20 12:47:00 PM,16.14,48069.1,31.3243
8743,03/07/20 12:47:10 PM,16.16,48026.3,31.2931
8744,03/07/20 12:47:20 PM,16.16,48060.2,31.3178
8745,03/07/20 12:47:30 PM,16.14,48081.8,31.3336
8746,03/07/20 12:47:40 PM,16.14,48026.6,31.2933
8747,03/07/20 12:47:50 PM,16.16,48081.6,31.3334
8748,03/07/20 12:48:00 PM,16.16,48017.8,31.2869
8749,03/07/20 12:48:10 PM,16.16,48047.5,31.3086
8750,03/07/20 12:48:20 PM,16.16,48017.8,31.2869
8751,03/07/20 12:48:30 PM,16.16,48039.0,31.3024
8752,03/07/20 12:48:40 PM,16.16,48039.0,31.3024
8753,03/07/20 12:48:50 PM,16.16,48090.1,31.3396
8754,03/07/20 12:49:00 PM,16.16,48047.5,31.3086
8755,03/07/20 12:49:10 PM,16.17,48028.2,31.2945
8756,03/07/20 12:49:20 PM,16.17,48058.0,31.3162
8757,03/07/20 12:49:30 PM,16.17,48058.0,31.3162
8758,03/07/20 12:49:40 PM,16.17,48058.0,31.3162
8759,03/07/20 12:49:50 PM,16.16,48026.3,31.2931
8760,03/07/20 12:50:00 PM,16.18,48038.7,31.3021
8761,03/07/20 12:50:10 PM,16.17,48036.7,31.3007
8762,03/07/20 12:50:20 PM,16.18,48017.5,31.2866
8763,03/07/20 12:50:30 PM,16.17,48079.3,31.3318
8764,03/07/20 12:50:40 PM,16.18,48047.2,31.3083
8765,03/07/20 12:50:50 PM,16.18,48004.8,31.2774
8766,03/07/20 12:51:00 PM,16.18,48004.8,31.2774
8767,03/07/20 12:51:10 PM,16.18,48038.7,31.3021
8768,03/07/20 12:51:20 PM,16.18,48047.2,31.3083
8769,03/07/20 12:51:30 PM,16.18,48051.5,31.3115
8770,03/07/20 12:51:40 PM,16.19,48027.9,31.2943
8771,03/07/20 12:51:50 PM,16.18,48017.5,31.2866
8772,03/07/20 12:52:00 PM,16.18,48017.5,31.2866
8773,03/07/20 12:52:10 PM,16.18,47983.5,31.2619
8774,03/07/20 12:52:20 PM,16.19,48040.7,31.3036
8775,03/07/20 12:52:30 PM,16.19,48040.7,31.3036
8776,03/07/20 12:52:40 PM,16.19,48015.2,31.2850
8777,03/07/20 12:52:50 PM,16.19,48027.9,31.2943
8778,03/07/20 12:53:00 PM,16.19,48049.2,31.3098
8779,03/07/20 12:53:10 PM,16.19,48040.7,31.3036
8780,03/07/20 12:53:20 PM,16.18,48004.8,31.2774
8781,03/07/20 12:53:30 PM,16.17,48036.7,31.3007
8782,03/07/20 12:53:40 PM,16.18,48017.5,31.2866
8783,03/07/20 12:53:50 PM,16.18,48004.8,31.2774
8784,03/07/20 12:54:00 PM,16.18,48051.5,31.3115
8785,03/07/20 12:54:10 PM,16.18,48026.0,31.2928
8786,03/07/20 12:54:20 PM,16.18,48017.5,31.2866
8787,03/07/20 12:54:30 PM,16.19,48053.4,31.3129
8788,03/07/20 12:54:40 PM,16.19,48061.9,31.3191
8789,03/07/20 12:54:50 PM,16.19,48074.8,31.3284
8790,03/07/20 12:55:00 PM,16.19,48074.8,31.3284
8791,03/07/20 12:55:10 PM,16.19,48019.4,31.2881
8792,03/07/20 12:55:20 PM,16.20,47995.9,31.2709
8793,03/07/20 12:55:30 PM,16.20,48008.6,31.2802
8794,03/07/20 12:55:40 PM,16.20,48051.2,31.3112
8795,03/07/20 12:55:50 PM,16.20,47995.9,31.2709
8796,03/07/20 12:56:00 PM,16.20,48042.7,31.3050
8797,03/07/20 12:56:10 PM,16.20,48064.0,31.3206
8798,03/07/20 12:56:20 PM,16.20,48064.0,31.3206
8799,03/07/20 12:56:30 PM,16.20,48042.7,31.3050
8800,03/07/20 12:56:40 PM,16.20,48008.6,31.2802
8801,03/07/20 12:56:50 PM,16.20,48064.0,31.3206
8802,03/07/20 12:57:00 PM,16.22,48029.6,31.2955
8803,03/07/20 12:57:10 PM,16.20,48042.7,31.3050
8804,03/07/20 12:57:20 PM,16.22,48021.1,31.2893
8805,03/07/20 12:57:30 PM,16.20,48042.7,31.3050
8806,03/07/20 12:57:40 PM,16.22,48021.1,31.2893
8807,03/07/20 12:57:50 PM,16.22,48021.1,31.2893
8808,03/07/20 12:58:00 PM,16.22,48029.6,31.2955
8809,03/07/20 12:58:10 PM,16.19,47985.5,31.2633
8810,03/07/20 12:58:20 PM,16.20,48030.0,31.2958
8811,03/07/20 12:58:30 PM,16.22,48029.6,31.2955
8812,03/07/20 12:58:40 PM,16.22,48021.1,31.2893
8813,03/07/20 12:58:50 PM,16.22,48008.4,31.2801
8814,03/07/20 12:59:00 PM,16.22,48008.4,31.2801
8815,03/07/20 12:59:10 PM,16.23,48018.9,31.2877
8816,03/07/20 12:59:20 PM,16.23,48065.7,31.3218
8817,03/07/20 12:59:30 PM,16.23,47997.7,31.2722
8818,03/07/20 12:59:40 PM,16.23,48018.9,31.2877
8819,03/07/20 12:59:50 PM,16.24,48008.1,31.2798
8820,03/07/20 01:00:00 PM,16.23,48040.2,31.3032
8821,03/07/20 01:00:10 PM,16.22,48008.4,31.2801
8822,03/07/20 01:00:20 PM,16.23,48018.9,31.2877
8823,03/07/20 01:00:30 PM,16.23,48018.9,31.2877
8824,03/07/20 01:00:40 PM,16.23,48031.7,31.2970
8825,03/07/20 01:00:50 PM,16.24,48020.9,31.2892
8826,03/07/20 01:01:00 PM,16.24,48042.1,31.3046
8827,03/07/20 01:01:10 PM,16.23,48018.9,31.2877
8828,03/07/20 01:01:20 PM,16.23,48010.4,31.2815
8829,03/07/20 01:01:30 PM,16.23,48018.9,31.2877
8830,03/07/20 01:01:40 PM,16.22,48008.4,31.2801
8831,03/07/20 01:01:50 PM,16.22,48008.4,31.2801
8832,03/07/20 01:02:00 PM,16.23,48031.7,31.2970
8833,03/07/20 01:02:10 PM,16.23,47976.4,31.2567
8834,03/07/20 01:02:20 PM,16.23,48023.2,31.2908
8835,03/07/20 01:02:30 PM,16.23,47989.2,31.2660
8836,03/07/20 01:02:40 PM,16.23,47967.9,31.2505
8837,03/07/20 01:02:50 PM,16.23,48052.9,31.3125
8838,03/07/20 01:03:00 PM,16.23,48031.7,31.2970
8839,03/07/20 01:03:10 PM,16.24,48054.9,31.3140
8840,03/07/20 01:03:20 PM,16.24,48042.1,31.3046
8841,03/07/20 01:03:30 PM,16.24,48054.9,31.3140
8842,03/07/20 01:03:40 PM,16.24,48020.9,31.2892
8843,03/07/20 01:03:50 PM,16.23,48031.7,31.2970
8844,03/07/20 01:04:00 PM,16.23,48010.4,31.2815
8845,03/07/20 01:04:10 PM,16.23,48010.4,31.2815
8846,03/07/20 01:04:20 PM,16.24,47999.6,31.2736
8847,03/07/20 01:04:30 PM,16.24,48020.9,31.2892
8848,03/07/20 01:04:40 PM,16.23,48031.7,31.2970
8849,03/07/20 01:04:50 PM,16.24,47999.6,31.2736
8850,03/07/20 01:05:00 PM,16.24,48033.6,31.2984
8851,03/07/20 01:05:10 PM,16.24,48033.6,31.2984
8852,03/07/20 01:05:20 PM,16.24,47999.6,31.2736
8853,03/07/20 01:05:30 PM,16.24,48033.6,31.2984
8854,03/07/20 01:05:40 PM,16.25,48044.2,31.3061
8855,03/07/20 01:05:50 PM,16.25,48065.5,31.3216
8856,03/07/20 01:06:00 PM,16.25,47988.9,31.2658
8857,03/07/20 01:06:10 PM,16.24,48033.6,31.2984
8858,03/07/20 01:06:20 PM,16.24,47999.6,31.2736
8859,03/07/20 01:06:30 PM,16.24,48033.6,31.2984
8860,03/07/20 01:06:40 PM,16.25,48001.7,31.2751
8861,03/07/20 01:06:50 PM,16.24,48033.6,31.2984
8862,03/07/20 01:07:00 PM,16.24,48020.9,31.2892
8863,03/07/20 01:07:10 PM,16.24,48012.4,31.2830
8864,03/07/20 01:07:20 PM,16.25,48022.8,31.2906
8865,03/07/20 01:07:30 PM,16.25,47988.9,31.2658
8866,03/07/20 01:07:40 PM,16.25,48010.2,31.2813
8867,03/07/20 01:07:50 PM,16.25,48022.8,31.2906
8868,03/07/20 01:08:00 PM,16.24,48033.6,31.2984
8869,03/07/20 01:08:10 PM,16.27,47958.9,31.2439
8870,03/07/20 01:08:20 PM,16.25,48001.7,31.2751
8871,03/07/20 01:08:30 PM,16.27,48009.8,31.2811
8872,03/07/20 01:08:40 PM,16.27,48001.3,31.2749
8873,03/07/20 01:08:50 PM,16.25,48022.8,31.2906
8874,03/07/20 01:09:00 PM,16.25,48001.7,31.2751
8875,03/07/20 01:09:10 PM,16.24,48042.1,31.3046
8876,03/07/20 01:09:20 PM,16.24,48020.9,31.2892
8877,03/07/20 01:09:30 PM,16.25,48052.6,31.3123
8878,03/07/20 01:09:40 PM,16.24,48020.9,31.2892
8879,03/07/20 01:09:50 PM,16.25,47980.4,31.2596
8880,03/07/20 01:10:00 PM,16.24,47948.7,31.2365
8881,03/07/20 01:10:10 PM,16.25,48052.6,31.3123
8882,03/07/20 01:10:20 PM,16.25,47993.2,31.2689
8883,03/07/20 01:10:30 PM,16.25,48031.3,31.2968
8884,03/07/20 01:10:40 PM,16.27,48022.6,31.2904
8885,03/07/20 01:10:50 PM,16.25,47993.2,31.2689
8886,03/07/20 01:11:00 PM,16.27,48022.6,31.2904
8887,03/07/20 01:11:10 PM,16.25,48001.7,31.2751
8888,03/07/20 01:11:20 PM,16.25,47993.2,31.2689
8889,03/07/20 01:11:30 PM,16.27,48001.3,31.2749
8890,03/07/20 01:11:40 PM,16.25,48022.8,31.2906
8891,03/07/20 01:11:50 PM,16.25,48031.3,31.2968
8892,03/07/20 01:12:00 PM,16.27,48001.3,31.2749
8893,03/07/20 01:12:10 PM,16.27,48035.4,31.2997
8894,03/07/20 01:12:20 PM,16.28,48011.9,31.2826
8895,03/07/20 01:12:30 PM,16.27,48022.6,31.2904
8896,03/07/20 01:12:40 PM,16.27,48014.1,31.2842
8897,03/07/20 01:12:50 PM,16.28,47990.6,31.2670
8898,03/07/20 01:13:00 PM,16.28,47977.9,31.2578
8899,03/07/20 01:13:10 PM,16.28,47977.9,31.2578
8900,03/07/20 01:13:20 PM,16.27,48001.3,31.2749
8901,03/07/20 01:13:30 PM,16.28,48024.7,31.2919
8902,03/07/20 01:13:40 PM,16.28,48046.0,31.3074
8903,03/07/20 01:13:50 PM,16.29,48001.1,31.2747
8904,03/07/20 01:14:00 PM,16.28,48003.4,31.2764
8905,03/07/20 01:14:10 PM,16.28,48011.9,31.2826
8906,03/07/20 01:14:20 PM,16.28,48024.7,31.2919
8907,03/07/20 01:14:30 PM,16.28,48003.4,31.2764
8908,03/07/20 01:14:40 PM,16.27,48009.8,31.2811
8909,03/07/20 01:14:50 PM,16.28,47982.1,31.2609
8910,03/07/20 01:15:00 PM,16.28,47969.4,31.2516
8911,03/07/20 01:15:10 PM,16.28,48003.4,31.2764
8912,03/07/20 01:15:20 PM,16.29,47971.4,31.2530
8913,03/07/20 01:15:30 PM,16.28,48016.2,31.2857
8914,03/07/20 01:15:40 PM,16.29,48005.4,31.2779
8915,03/07/20 01:15:50 PM,16.29,47992.6,31.2685
8916,03/07/20 01:16:00 PM,16.29,48013.9,31.2841
8917,03/07/20 01:16:10 PM,16.30,48016.0,31.2856
8918,03/07/20 01:16:20 PM,16.29,47971.4,31.2530
8919,03/07/20 01:16:30 PM,16.29,48005.4,31.2779
8920,03/07/20 01:16:40 PM,16.28,47948.1,31.2361
8921,03/07/20 01:16:50 PM,16.29,48005.4,31.2779
8922,03/07/20 01:17:00 PM,16.29,47992.6,31.2685
8923,03/07/20 01:17:10 PM,16.29,48005.4,31.2779
8924,03/07/20 01:17:20 PM,16.30,47994.7,31.2700
8925,03/07/20 01:17:30 PM,16.29,47992.6,31.2685
8926,03/07/20 01:17:40 PM,16.29,48026.7,31.2934
8927,03/07/20 01:17:50 PM,16.30,47973.4,31.2545
8928,03/07/20 01:18:00 PM,16.31,47992.4,31.2684
8929,03/07/20 01:18:10 PM,16.29,48026.7,31.2934
8930,03/07/20 01:18:20 PM,16.30,47994.7,31.2700
8931,03/07/20 01:18:30 PM,16.30,47960.6,31.2452
8932,03/07/20 01:18:40 PM,16.30,48024.5,31.2917
8933,03/07/20 01:18:50 PM,16.30,47994.7,31.2700
8934,03/07/20 01:19:00 PM,16.30,48024.5,31.2917
8935,03/07/20 01:19:10 PM,16.30,47994.7,31.2700
8936,03/07/20 01:19:20 PM,16.29,47962.9,31.2468
8937,03/07/20 01:19:30 PM,16.29,47984.1,31.2623
8938,03/07/20 01:19:40 PM,16.29,47992.6,31.2685
8939,03/07/20 01:19:50 PM,16.29,48013.9,31.2841
8940,03/07/20 01:20:00 PM,16.30,47973.4,31.2545
8941,03/07/20 01:20:10 PM,16.29,48048.0,31.3089
8942,03/07/20 01:20:20 PM,16.30,48037.3,31.3011
8943,03/07/20 01:20:30 PM,16.30,47981.9,31.2607
8944,03/07/20 01:20:40 PM,16.30,48016.0,31.2856
8945,03/07/20 01:20:50 PM,16.31,47992.4,31.2684
8946,03/07/20 01:21:00 PM,16.31,48017.9,31.2870
8947,03/07/20 01:21:10 PM,16.29,48013.9,31.2841
8948,03/07/20 01:21:20 PM,16.30,48003.2,31.2762
8949,03/07/20 01:21:30 PM,16.31,48005.2,31.2777
8950,03/07/20 01:21:40 PM,16.31,48005.2,31.2777
8951,03/07/20 01:21:50 PM,16.31,47941.4,31.2312
8952,03/07/20 01:22:00 PM,16.31,47983.9,31.2622
8953,03/07/20 01:22:10 PM,16.31,48026.5,31.2932
8954,03/07/20 01:22:20 PM,16.31,48005.2,31.2777
8955,03/07/20 01:22:30 PM,16.30,48016.0,31.2856
8956,03/07/20 01:22:40 PM,16.31,47983.9,31.2622
8957,03/07/20 01:22:50 PM,16.31,47983.9,31.2622
8958,03/07/20 01:23:00 PM,16.30,48003.2,31.2762
8959,03/07/20 01:23:10 PM,16.31,48005.2,31.2777
8960,03/07/20 01:23:20 PM,16.31,48005.2,31.2777
8961,03/07/20 01:23:30 PM,16.31,47996.6,31.2714
8962,03/07/20 01:23:40 PM,16.31,47996.6,31.2714
8963,03/07/20 01:23:50 PM,16.33,47983.7,31.2620
8964,03/07/20 01:24:00 PM,16.31,48030.7,31.2963
8965,03/07/20 01:24:10 PM,16.34,47985.7,31.2635
8966,03/07/20 01:24:20 PM,16.33,48009.2,31.2806
8967,03/07/20 01:24:30 PM,16.31,47962.7,31.2467
8968,03/07/20 01:24:40 PM,16.33,47975.1,31.2558
8969,03/07/20 01:24:50 PM,16.33,47987.9,31.2651
8970,03/07/20 01:25:00 PM,16.33,47987.9,31.2651
8971,03/07/20 01:25:10 PM,16.31,47975.3,31.2559
8972,03/07/20 01:25:20 PM,16.33,47996.4,31.2713
8973,03/07/20 01:25:30 PM,16.33,47971.0,31.2527
8974,03/07/20 01:25:40 PM,16.31,48005.2,31.2777
8975,03/07/20 01:25:50 PM,16.33,47987.9,31.2651
8976,03/07/20 01:26:00 PM,16.33,47987.9,31.2651
8977,03/07/20 01:26:10 PM,16.30,48007.4,31.2793
8978,03/07/20 01:26:20 PM,16.30,47994.7,31.2700
8979,03/07/20 01:26:30 PM,16.31,47983.9,31.2622
8980,03/07/20 01:26:40 PM,16.31,48009.4,31.2808
8981,03/07/20 01:26:50 PM,16.33,47996.4,31.2713
8982,03/07/20 01:27:00 PM,16.33,47996.4,31.2713
8983,03/07/20 01:27:10 PM,16.33,47953.9,31.2403
8984,03/07/20 01:27:20 PM,16.33,47953.9,31.2403
8985,03/07/20 01:27:30 PM,16.31,47954.2,31.2405
8986,03/07/20 01:27:40 PM,16.33,47975.1,31.2558
8987,03/07/20 01:27:50 PM,16.33,47996.4,31.2713
8988,03/07/20 01:28:00 PM,16.33,47987.9,31.2651
8989,03/07/20 01:28:10 PM,16.33,47987.9,31.2651
8990,03/07/20 01:28:20 PM,16.33,47962.5,31.2465
8991,03/07/20 01:28:30 PM,16.33,47975.1,31.2558
8992,03/07/20 01:28:40 PM,16.34,48007.0,31.2790
8993,03/07/20 01:28:50 PM,16.34,48007.0,31.2790
8994,03/07/20 01:29:00 PM,16.33,47975.1,31.2558
8995,03/07/20 01:29:10 PM,16.33,47966.7,31.2496
8996,03/07/20 01:29:20 PM,16.33,47966.7,31.2496
8997,03/07/20 01:29:30 PM,16.33,47987.9,31.2651
8998,03/07/20 01:29:40 PM,16.33,47987.9,31.2651
8999,03/07/20 01:29:50 PM,16.34,47943.1,31.2324
9000,03/07/20 01:30:00 PM,16.33,47975.1,31.2558
9001,03/07/20 01:30:10 PM,16.34,47977.2,31.2573
9002,03/07/20 01:30:20 PM,16.33,47996.4,31.2713
9003,03/07/20 01:30:30 PM,16.33,48009.2,31.2806
9004,03/07/20 01:30:40 PM,16.33,47966.7,31.2496
9005,03/07/20 01:30:50 PM,16.33,47953.9,31.2403
9006,03/07/20 01:31:00 PM,16.33,47966.7,31.2496
9007,03/07/20 01:31:10 PM,16.33,47996.4,31.2713
9008,03/07/20 01:31:20 PM,16.33,48030.6,31.2962
9009,03/07/20 01:31:30 PM,16.33,47966.7,31.2496
9010,03/07/20 01:31:40 PM,16.33,47975.1,31.2558
9011,03/07/20 01:31:50 PM,16.33,47987.9,31.2651
9012,03/07/20 01:32:00 PM,16.33,47966.7,31.2496
9013,03/07/20 01:32:10 PM,16.31,47941.4,31.2312
9014,03/07/20 01:32:20 PM,16.30,47986.1,31.2638
9015,03/07/20 01:32:30 PM,16.31,47975.3,31.2559
9016,03/07/20 01:32:40 PM,16.31,47920.2,31.2157
9017,03/07/20 01:32:50 PM,16.30,47973.4,31.2545
9018,03/07/20 01:33:00 PM,16.30,47964.9,31.2483
9019,03/07/20 01:33:10 PM,16.28,47973.6,31.2547
9020,03/07/20 01:33:20 PM,16.28,47973.6,31.2547
9021,03/07/20 01:33:30 PM,16.29,47954.4,31.2406
9022,03/07/20 01:33:40 PM,16.29,47996.8,31.2716
9023,03/07/20 01:33:50 PM,16.27,47984.3,31.2625
9024,03/07/20 01:34:00 PM,16.24,47952.9,31.2396
9025,03/07/20 01:34:10 PM,16.25,47976.2,31.2565
9026,03/07/20 01:34:20 PM,16.25,48014.3,31.2844
9027,03/07/20 01:34:30 PM,16.25,47997.4,31.2720
9028,03/07/20 01:34:40 PM,16.25,47954.9,31.2410
9029,03/07/20 01:34:50 PM,16.27,47984.3,31.2625
9030,03/07/20 01:35:00 PM,16.27,47963.2,31.2471
9031,03/07/20 01:35:10 PM,16.27,47984.3,31.2625
9032,03/07/20 01:35:20 PM,16.28,47952.4,31.2392
9033,03/07/20 01:35:30 PM,16.28,47943.9,31.2330
9034,03/07/20 01:35:40 PM,16.27,47954.7,31.2409
9035,03/07/20 01:35:50 PM,16.27,47984.3,31.2625
9036,03/07/20 01:36:00 PM,16.28,47973.6,31.2547
9037,03/07/20 01:36:10 PM,16.27,47984.3,31.2625
9038,03/07/20 01:36:20 PM,16.27,47975.9,31.2563
9039,03/07/20 01:36:30 PM,16.28,47952.4,31.2392
9040,03/07/20 01:36:40 PM,16.28,47994.9,31.2702
9041,03/07/20 01:36:50 PM,16.28,47973.6,31.2547
9042,03/07/20 01:37:00 PM,16.28,47986.4,31.2640
9043,03/07/20 01:37:10 PM,16.28,47952.4,31.2392
9044,03/07/20 01:37:20 PM,16.28,47994.9,31.2702
9045,03/07/20 01:37:30 PM,16.29,47962.9,31.2468
9046,03/07/20 01:37:40 PM,16.28,48020.4,31.2888
9047,03/07/20 01:37:50 PM,16.29,47975.7,31.2562
9048,03/07/20 01:38:00 PM,16.28,47952.4,31.2392
9049,03/07/20 01:38:10 PM,16.28,47943.9,31.2330
9050,03/07/20 01:38:20 PM,16.27,47997.1,31.2718
9051,03/07/20 01:38:30 PM,16.28,48016.2,31.2857
9052,03/07/20 01:38:40 PM,16.28,48007.6,31.2794
9053,03/07/20 01:38:50 PM,16.28,47986.4,31.2640
9054,03/07/20 01:39:00 PM,16.29,47941.7,31.2314
9055,03/07/20 01:39:10 PM,16.27,47954.7,31.2409
9056,03/07/20 01:39:20 PM,16.24,47995.4,31.2706
9057,03/07/20 01:39:30 PM,16.24,47986.9,31.2644
9058,03/07/20 01:39:40 PM,16.24,47986.9,31.2644
9059,03/07/20 01:39:50 PM,16.25,47976.2,31.2565
9060,03/07/20 01:40:00 PM,16.25,47942.2,31.2317
9061,03/07/20 01:40:10 PM,16.25,47997.4,31.2720
9062,03/07/20 01:40:20 PM,16.24,47986.9,31.2644
9063,03/07/20 01:40:30 PM,16.23,47963.7,31.2474
9064,03/07/20 01:40:40 PM,16.24,47952.9,31.2396
9065,03/07/20 01:40:50 PM,16.24,47952.9,31.2396
9066,03/07/20 01:41:00 PM,16.24,47965.6,31.2488
9067,03/07/20 01:41:10 PM,16.25,47984.7,31.2627
9068,03/07/20 01:41:20 PM,16.25,47984.7,31.2627
9069,03/07/20 01:41:30 PM,16.25,47954.9,31.2410
9070,03/07/20 01:41:40 PM,16.25,47976.2,31.2565
9071,03/07/20 01:41:50 PM,16.24,47931.7,31.2241
9072,03/07/20 01:42:00 PM,16.24,47986.9,31.2644
9073,03/07/20 01:42:10 PM,16.23,47963.7,31.2474
9074,03/07/20 01:42:20 PM,16.24,47965.6,31.2488
9075,03/07/20 01:42:30 PM,16.23,47963.7,31.2474
9076,03/07/20 01:42:40 PM,16.24,47974.1,31.2550
9077,03/07/20 01:42:50 PM,16.24,47965.6,31.2488
9078,03/07/20 01:43:00 PM,16.25,47954.9,31.2410
9079,03/07/20 01:43:10 PM,16.25,47984.7,31.2627
9080,03/07/20 01:43:20 PM,16.24,47995.4,31.2706
9081,03/07/20 01:43:30 PM,16.24,48016.6,31.2860
9082,03/07/20 01:43:40 PM,16.24,47974.1,31.2550
9083,03/07/20 01:43:50 PM,16.24,47995.4,31.2706
9084,03/07/20 01:44:00 PM,16.24,47965.6,31.2488
9085,03/07/20 01:44:10 PM,16.24,48016.6,31.2860
9086,03/07/20 01:44:20 PM,16.24,48025.1,31.2922
9087,03/07/20 01:44:30 PM,16.25,47976.2,31.2565
9088,03/07/20 01:44:40 PM,16.24,47986.9,31.2644
9089,03/07/20 01:44:50 PM,16.25,47963.4,31.2472
9090,03/07/20 01:45:00 PM,16.24,47944.4,31.2334
9091,03/07/20 01:45:10 PM,16.25,47942.2,31.2317
9092,03/07/20 01:45:20 PM,16.25,47942.2,31.2317
9093,03/07/20 01:45:30 PM,16.25,47997.4,31.2720
9094,03/07/20 01:45:40 PM,16.24,47974.1,31.2550
9095,03/07/20 01:45:50 PM,16.24,48008.1,31.2798
9096,03/07/20 01:46:00 PM,16.25,47984.7,31.2627
9097,03/07/20 01:46:10 PM,16.24,48016.6,31.2860
9098,03/07/20 01:46:20 PM,16.24,47965.6,31.2488
9099,03/07/20 01:46:30 PM,16.24,47965.6,31.2488
9100,03/07/20 01:46:40 PM,16.25,47984.7,31.2627
9101,03/07/20 01:46:50 PM,16.27,47963.2,31.2471
9102,03/07/20 01:47:00 PM,16.25,47976.2,31.2565
9103,03/07/20 01:47:10 PM,16.25,47963.4,31.2472
9104,03/07/20 01:47:20 PM,16.24,48008.1,31.2798
9105,03/07/20 01:47:30 PM,16.25,47997.4,31.2720
9106,03/07/20 01:47:40 PM,16.24,47944.4,31.2334
9107,03/07/20 01:47:50 PM,16.24,47974.1,31.2550
9108,03/07/20 01:48:00 PM,16.25,47933.7,31.2255
9109,03/07/20 01:48:10 PM,16.25,47976.2,31.2565
9110,03/07/20 01:48:20 PM,16.24,47965.6,31.2488
9111,03/07/20 01:48:30 PM,16.24,47952.9,31.2396
9112,03/07/20 01:48:40 PM,16.24,47974.1,31.2550
9113,03/07/20 01:48:50 PM,16.24,48020.9,31.2892
9114,03/07/20 01:49:00 PM,16.23,47976.4,31.2567
9115,03/07/20 01:49:10 PM,16.23,47976.4,31.2567
9116,03/07/20 01:49:20 PM,16.22,48016.9,31.2863
9117,03/07/20 01:49:30 PM,16.23,47963.7,31.2474
9118,03/07/20 01:49:40 PM,16.23,47984.9,31.2629
9119,03/07/20 01:49:50 PM,16.23,47955.2,31.2412
9120,03/07/20 01:50:00 PM,16.23,47955.2,31.2412
9121,03/07/20 01:50:10 PM,16.24,47986.9,31.2644
9122,03/07/20 01:50:20 PM,16.23,47984.9,31.2629
9123,03/07/20 01:50:30 PM,16.23,47934.0,31.2258
9124,03/07/20 01:50:40 PM,16.24,47944.4,31.2334
9125,03/07/20 01:50:50 PM,16.23,47963.7,31.2474
9126,03/07/20 01:51:00 PM,16.24,47952.9,31.2396
9127,03/07/20 01:51:10 PM,16.23,47984.9,31.2629
9128,03/07/20 01:51:20 PM,16.24,47931.7,31.2241
9129,03/07/20 01:51:30 PM,16.24,47974.1,31.2550
9130,03/07/20 01:51:40 PM,16.24,47974.1,31.2550
9131,03/07/20 01:51:50 PM,16.24,47931.7,31.2241
9132,03/07/20 01:52:00 PM,16.23,47934.0,31.2258
9133,03/07/20 01:52:10 PM,16.24,47944.4,31.2334
9134,03/07/20 01:52:20 PM,16.24,47952.9,31.2396
9135,03/07/20 01:52:30 PM,16.24,47986.9,31.2644
9136,03/07/20 01:52:40 PM,16.24,47995.4,31.2706
9137,03/07/20 01:52:50 PM,16.24,47965.6,31.2488
9138,03/07/20 01:53:00 PM,16.24,47931.7,31.2241
9139,03/07/20 01:53:10 PM,16.24,47986.9,31.2644
9140,03/07/20 01:53:20 PM,16.24,47952.9,31.2396
9141,03/07/20 01:53:30 PM,16.24,47952.9,31.2396
9142,03/07/20 01:53:40 PM,16.24,47944.4,31.2334
9143,03/07/20 01:53:50 PM,16.25,47942.2,31.2317
9144,03/07/20 01:54:00 PM,16.25,47963.4,31.2472
9145,03/07/20 01:54:10 PM,16.24,47952.9,31.2396
9146,03/07/20 01:54:20 PM,16.25,47942.2,31.2317
9147,03/07/20 01:54:30 PM,16.24,47974.1,31.2550
9148,03/07/20 01:54:40 PM,16.24,47986.9,31.2644
9149,03/07/20 01:54:50 PM,16.24,47657.6,31.0243
9150,03/07/20 01:55:00 PM,16.24,47986.9,31.2644
9151,03/07/20 01:55:10 PM,16.24,47944.4,31.2334
9152,03/07/20 01:55:20 PM,16.25,47967.7,31.2503
9153,03/07/20 01:55:30 PM,16.25,47954.9,31.2410
9154,03/07/20 01:55:40 PM,16.25,47921.0,31.2163
9155,03/07/20 01:55:50 PM,16.27,47933.4,31.2253
9156,03/07/20 01:56:00 PM,16.25,47942.2,31.2317
9157,03/07/20 01:56:10 PM,16.25,47976.2,31.2565
9158,03/07/20 01:56:20 PM,16.25,47976.2,31.2565
9159,03/07/20 01:56:30 PM,16.25,47963.4,31.2472
9160,03/07/20 01:56:40 PM,16.27,47933.4,31.2253
9161,03/07/20 01:56:50 PM,16.25,47988.9,31.2658
9162,03/07/20 01:57:00 PM,16.25,47976.2,31.2565
9163,03/07/20 01:57:10 PM,16.25,47988.9,31.2658
9164,03/07/20 01:57:20 PM,16.27,47954.7,31.2409
9165,03/07/20 01:57:30 PM,16.27,47899.5,31.2006
9166,03/07/20 01:57:40 PM,16.25,47967.7,31.2503
9167,03/07/20 01:57:50 PM,16.27,47967.4,31.2501
9168,03/07/20 01:58:00 PM,16.27,47954.7,31.2409
9169,03/07/20 01:58:10 PM,16.27,47967.4,31.2501
9170,03/07/20 01:58:20 PM,16.27,47924.9,31.2191
9171,03/07/20 01:58:30 PM,16.28,47935.4,31.2268
9172,03/07/20 01:58:40 PM,16.27,47946.2,31.2347
9173,03/07/20 01:58:50 PM,16.27,47967.4,31.2501
9174,03/07/20 01:59:00 PM,16.28,47969.4,31.2516
9175,03/07/20 01:59:10 PM,16.28,47935.4,31.2268
9176,03/07/20 01:59:20 PM,16.28,47977.9,31.2578
9177,03/07/20 01:59:30 PM,16.27,47980.2,31.2594
9178,03/07/20 01:59:40 PM,16.27,47997.1,31.2718
9179,03/07/20 01:59:50 PM,16.28,47948.1,31.2361
9180,03/07/20 02:00:00 PM,16.27,47997.1,31.2718
9181,03/07/20 02:00:10 PM,16.28,47969.4,31.2516
9182,03/07/20 02:00:20 PM,16.28,47977.9,31.2578
9183,03/07/20 02:00:30 PM,16.28,47736.8,31.0820
9184,03/07/20 02:00:40 PM,16.29,47937.4,31.2283
9185,03/07/20 02:00:50 PM,16.28,47956.6,31.2423
9186,03/07/20 02:01:00 PM,16.27,47980.2,31.2594
9187,03/07/20 02:01:10 PM,16.28,47969.4,31.2516
9188,03/07/20 02:01:20 PM,16.28,47977.9,31.2578
9189,03/07/20 02:01:30 PM,16.28,47948.1,31.2361
9190,03/07/20 02:01:40 PM,16.28,47948.1,31.2361
9191,03/07/20 02:01:50 PM,16.28,47969.4,31.2516
9192,03/07/20 02:02:00 PM,16.28,47977.9,31.2578
9193,03/07/20 02:02:10 PM,16.29,47958.7,31.2438
9194,03/07/20 02:02:20 PM,16.29,47967.2,31.2500
9195,03/07/20 02:02:30 PM,16.29,47967.2,31.2500
9196,03/07/20 02:02:40 PM,16.30,47990.4,31.2669
9197,03/07/20 02:02:50 PM,16.29,47958.7,31.2438
9198,03/07/20 02:03:00 PM,16.29,47958.7,31.2438
9199,03/07/20 02:03:10 PM,16.29,47958.7,31.2438
9200,03/07/20 02:03:20 PM,16.29,47916.2,31.2128
9201,03/07/20 02:03:30 PM,16.30,47947.9,31.2359
9202,03/07/20 02:03:40 PM,16.29,47967.2,31.2500
9203,03/07/20 02:03:50 PM,16.29,47958.7,31.2438
9204,03/07/20 02:04:00 PM,16.30,47935.1,31.2266
9205,03/07/20 02:04:10 PM,16.28,47969.4,31.2516
9206,03/07/20 02:04:20 PM,16.29,47979.8,31.2592
9207,03/07/20 02:04:30 PM,16.29,48001.1,31.2747
9208,03/07/20 02:04:40 PM,16.29,47945.9,31.2344
9209,03/07/20 02:04:50 PM,16.30,47935.1,31.2266
9210,03/07/20 02:05:00 PM,16.29,47903.4,31.2035
9211,03/07/20 02:05:10 PM,16.30,47960.6,31.2452
9212,03/07/20 02:05:20 PM,16.30,47926.7,31.2204
9213,03/07/20 02:05:30 PM,16.30,47956.4,31.2421
9214,03/07/20 02:05:40 PM,16.30,47969.1,31.2514
9215,03/07/20 02:05:50 PM,16.29,47958.7,31.2438
9216,03/07/20 02:06:00 PM,16.30,47969.1,31.2514
9217,03/07/20 02:06:10 PM,16.30,47947.9,31.2359
9218,03/07/20 02:06:20 PM,16.30,47947.9,31.2359
9219,03/07/20 02:06:30 PM,16.29,47937.4,31.2283
9220,03/07/20 02:06:40 PM,16.30,47990.4,31.2669
9221,03/07/20 02:06:50 PM,16.30,47973.4,31.2545
9222,03/07/20 02:07:00 PM,16.30,47969.1,31.2514
9223,03/07/20 02:07:10 PM,16.30,47960.6,31.2452
9224,03/07/20 02:07:20 PM,16.30,47981.9,31.2607
9225,03/07/20 02:07:30 PM,16.30,47960.6,31.2452
9226,03/07/20 02:07:40 PM,16.29,47937.4,31.2283
9227,03/07/20 02:07:50 PM,16.29,47958.7,31.2438
9228,03/07/20 02:08:00 PM,16.30,47914.0,31.2112
9229,03/07/20 02:08:10 PM,16.29,47937.4,31.2283
9230,03/07/20 02:08:20 PM,16.30,47969.1,31.2514
9231,03/07/20 02:08:30 PM,16.30,47969.1,31.2514
9232,03/07/20 02:08:40 PM,16.30,47939.5,31.2298
9233,03/07/20 02:08:50 PM,16.29,47971.4,31.2530
9234,03/07/20 02:09:00 PM,16.29,47950.2,31.2376
9235,03/07/20 02:09:10 PM,16.29,47903.4,31.2035
9236,03/07/20 02:09:20 PM,16.29,47958.7,31.2438
9237,03/07/20 02:09:30 PM,16.30,47973.4,31.2545
9238,03/07/20 02:09:40 PM,16.29,47979.8,31.2592
9239,03/07/20 02:09:50 PM,16.29,47971.4,31.2530
9240,03/07/20 02:10:00 PM,16.30,47926.7,31.2204
9241,03/07/20 02:10:10 PM,16.30,47960.6,31.2452
9242,03/07/20 02:10:20 PM,16.29,47937.4,31.2283
9243,03/07/20 02:10:30 PM,16.28,47948.1,31.2361
9244,03/07/20 02:10:40 PM,16.28,47973.6,31.2547
9245,03/07/20 02:10:50 PM,16.29,47950.2,31.2376
9246,03/07/20 02:11:00 PM,16.28,47948.1,31.2361
9247,03/07/20 02:11:10 PM,16.29,47979.8,31.2592
9248,03/07/20 02:11:20 PM,16.29,47937.4,31.2283
9249,03/07/20 02:11:30 PM,16.30,47939.5,31.2298
9250,03/07/20 02:11:40 PM,16.29,47971.4,31.2530
9251,03/07/20 02:11:50 PM,16.29,47984.1,31.2623
9252,03/07/20 02:12:00 PM,16.28,47927.0,31.2206
9253,03/07/20 02:12:10 PM,16.28,47969.4,31.2516
9254,03/07/20 02:12:20 PM,16.29,47916.2,31.2128
9255,03/07/20 02:12:30 PM,16.27,47971.7,31.2532
9256,03/07/20 02:12:40 PM,16.28,47982.1,31.2609
9257,03/07/20 02:12:50 PM,16.27,48001.3,31.2749
9258,03/07/20 02:13:00 PM,16.25,47946.4,31.2348
9259,03/07/20 02:13:10 PM,16.24,47948.7,31.2365
9260,03/07/20 02:13:20 PM,16.25,47980.4,31.2596
9261,03/07/20 02:13:30 PM,16.25,47946.4,31.2348
9262,03/07/20 02:13:40 PM,16.24,47948.7,31.2365
9263,03/07/20 02:13:50 PM,16.27,47958.9,31.2439
9264,03/07/20 02:14:00 PM,16.25,47946.4,31.2348
9265,03/07/20 02:14:10 PM,16.25,47971.9,31.2534
9266,03/07/20 02:14:20 PM,16.27,47924.9,31.2191
9267,03/07/20 02:14:30 PM,16.25,47980.4,31.2596
9268,03/07/20 02:14:40 PM,16.25,47946.4,31.2348
9269,03/07/20 02:14:50 PM,16.27,47958.9,31.2439
9270,03/07/20 02:15:00 PM,16.25,47980.4,31.2596
9271,03/07/20 02:15:10 PM,16.27,47937.7,31.2285
9272,03/07/20 02:15:20 PM,16.27,47971.7,31.2532
9273,03/07/20 02:15:30 PM,16.27,47971.7,31.2532
9274,03/07/20 02:15:40 PM,16.28,47927.0,31.2206
9275,03/07/20 02:15:50 PM,16.28,47960.9,31.2454
9276,03/07/20 02:16:00 PM,16.28,47960.9,31.2454
9277,03/07/20 02:16:10 PM,16.28,47982.1,31.2609
9278,03/07/20 02:16:20 PM,16.29,47937.4,31.2283
9279,03/07/20 02:16:30 PM,16.29,48001.1,31.2747
9280,03/07/20 02:16:40 PM,16.30,47939.5,31.2298
9281,03/07/20 02:16:50 PM,16.30,47931.0,31.2236
9282,03/07/20 02:17:00 PM,16.30,47931.0,31.2236
9283,03/07/20 02:17:10 PM,16.30,47931.0,31.2236
9284,03/07/20 02:17:20 PM,16.31,47992.4,31.2684
9285,03/07/20 02:17:30 PM,16.30,47897.0,31.1988
9286,03/07/20 02:17:40 PM,16.31,47941.4,31.2312
9287,03/07/20 02:17:50 PM,16.31,47949.9,31.2374
9288,03/07/20 02:18:00 PM,16.30,48003.2,31.2762
9289,03/07/20 02:18:10 PM,16.31,47886.3,31.1910
9290,03/07/20 02:18:20 PM,16.31,47971.2,31.2529
9291,03/07/20 02:18:30 PM,16.31,47941.4,31.2312
9292,03/07/20 02:18:40 PM,16.31,47907.4,31.2064
9293,03/07/20 02:18:50 PM,16.31,47949.9,31.2374
9294,03/07/20 02:19:00 PM,16.30,47918.2,31.2142
9295,03/07/20 02:19:10 PM,16.30,47973.4,31.2545
9296,03/07/20 02:19:20 PM,16.30,47960.6,31.2452
9297,03/07/20 02:19:30 PM,16.30,47981.9,31.2607
9298,03/07/20 02:19:40 PM,16.30,47939.5,31.2298
9299,03/07/20 02:19:50 PM,16.31,47949.9,31.2374
9300,03/07/20 02:20:00 PM,16.30,47939.5,31.2298
9301,03/07/20 02:20:10 PM,16.30,47918.2,31.2142
9302,03/07/20 02:20:20 PM,16.29,48005.4,31.2779
9303,03/07/20 02:20:30 PM,16.29,47992.6,31.2685
9304,03/07/20 02:20:40 PM,16.30,47931.0,31.2236
9305,03/07/20 02:20:50 PM,16.29,47941.7,31.2314
9306,03/07/20 02:21:00 PM,16.29,47920.4,31.2159
9307,03/07/20 02:21:10 PM,16.29,47971.4,31.2530
9308,03/07/20 02:21:20 PM,16.29,47971.4,31.2530
9309,03/07/20 02:21:30 PM,16.31,47941.4,31.2312
9310,03/07/20 02:21:40 PM,16.30,47909.7,31.2081
9311,03/07/20 02:21:50 PM,16.29,47920.4,31.2159
9312,03/07/20 02:22:00 PM,16.30,47994.7,31.2700
9313,03/07/20 02:22:10 PM,16.30,47939.5,31.2298
9314,03/07/20 02:22:20 PM,16.29,47920.4,31.2159
9315,03/07/20 02:22:30 PM,16.30,47939.5,31.2298
9316,03/07/20 02:22:40 PM,16.30,47973.4,31.2545
9317,03/07/20 02:22:50 PM,16.30,47939.5,31.2298
9318,03/07/20 02:23:00 PM,16.27,47941.9,31.2315
9319,03/07/20 02:23:10 PM,16.24,47940.2,31.2303
9320,03/07/20 02:23:20 PM,16.24,47948.7,31.2365
9321,03/07/20 02:23:30 PM,16.23,47938.2,31.2288
9322,03/07/20 02:23:40 PM,16.22,47991.4,31.2677
9323,03/07/20 02:23:50 PM,16.23,47895.9,31.1980
9324,03/07/20 02:24:00 PM,16.23,47959.5,31.2444
9325,03/07/20 02:24:10 PM,16.23,47980.7,31.2598
9326,03/07/20 02:24:20 PM,16.23,47951.0,31.2382
9327,03/07/20 02:24:30 PM,16.23,47959.5,31.2444
9328,03/07/20 02:24:40 PM,16.23,47972.2,31.2536
9329,03/07/20 02:24:50 PM,16.23,47951.0,31.2382
9330,03/07/20 02:25:00 PM,16.23,47938.2,31.2288
9331,03/07/20 02:25:10 PM,16.23,47980.7,31.2598
9332,03/07/20 02:25:20 PM,16.23,47951.0,31.2382
9333,03/07/20 02:25:30 PM,16.23,47993.4,31.2691
9334,03/07/20 02:25:40 PM,16.23,47959.5,31.2444
9335,03/07/20 02:25:50 PM,16.23,47951.0,31.2382
9336,03/07/20 02:26:00 PM,16.23,47980.7,31.2598
9337,03/07/20 02:26:10 PM,16.23,47951.0,31.2382
9338,03/07/20 02:26:20 PM,16.23,47967.9,31.2505
9339,03/07/20 02:26:30 PM,16.23,47959.5,31.2444
9340,03/07/20 02:26:40 PM,16.23,47980.7,31.2598
9341,03/07/20 02:26:50 PM,16.23,47938.2,31.2288
9342,03/07/20 02:27:00 PM,16.23,47917.1,31.2135
9343,03/07/20 02:27:10 PM,16.23,47917.1,31.2135
9344,03/07/20 02:27:20 PM,16.23,47951.0,31.2382
9345,03/07/20 02:27:30 PM,16.24,47919.0,31.2149
9346,03/07/20 02:27:40 PM,16.24,47982.6,31.2612
9347,03/07/20 02:27:50 PM,16.23,47951.0,31.2382
9348,03/07/20 02:28:00 PM,16.23,47959.5,31.2444
9349,03/07/20 02:28:10 PM,16.23,47972.2,31.2536
9350,03/07/20 02:28:20 PM,16.23,47917.1,31.2135
9351,03/07/20 02:28:30 PM,16.23,47951.0,31.2382
9352,03/07/20 02:28:40 PM,16.23,47993.4,31.2691
9353,03/07/20 02:28:50 PM,16.23,47984.9,31.2629
9354,03/07/20 02:29:00 PM,16.23,47917.1,31.2135
9355,03/07/20 02:29:10 PM,16.23,47917.1,31.2135
9356,03/07/20 02:29:20 PM,16.22,47927.8,31.2213
9357,03/07/20 02:29:30 PM,16.22,47970.2,31.2522
9358,03/07/20 02:29:40 PM,16.22,47948.9,31.2366
9359,03/07/20 02:29:50 PM,16.20,47928.1,31.2215
9360,03/07/20 02:30:00 PM,16.22,47948.9,31.2366
9361,03/07/20 02:30:10 PM,16.23,47951.0,31.2382
9362,03/07/20 02:30:20 PM,16.23,47959.5,31.2444
9363,03/07/20 02:30:30 PM,16.23,48006.2,31.2784
9364,03/07/20 02:30:40 PM,16.23,47951.0,31.2382
9365,03/07/20 02:30:50 PM,16.23,47959.5,31.2444
9366,03/07/20 02:31:00 PM,16.23,47938.2,31.2288
9367,03/07/20 02:31:10 PM,16.23,47929.8,31.2227
9368,03/07/20 02:31:20 PM,16.23,47938.2,31.2288
9369,03/07/20 02:31:30 PM,16.23,47938.2,31.2288
9370,03/07/20 02:31:40 PM,16.22,47898.1,31.1996
9371,03/07/20 02:31:50 PM,16.22,47948.9,31.2366
9372,03/07/20 02:32:00 PM,16.22,47961.7,31.2460
9373,03/07/20 02:32:10 PM,16.23,47900.1,31.2011
9374,03/07/20 02:32:20 PM,16.23,47951.0,31.2382
9375,03/07/20 02:32:30 PM,16.22,47940.5,31.2305
9376,03/07/20 02:32:40 PM,16.22,47961.7,31.2460
9377,03/07/20 02:32:50 PM,16.22,47940.5,31.2305
9378,03/07/20 02:33:00 PM,16.22,47919.3,31.2151
9379,03/07/20 02:33:10 PM,16.22,47961.7,31.2460
9380,03/07/20 02:33:20 PM,16.22,47919.3,31.2151
9381,03/07/20 02:33:30 PM,16.20,47949.3,31.2370
9382,03/07/20 02:33:40 PM,16.22,47927.8,31.2213
9383,03/07/20 02:33:50 PM,16.20,47928.1,31.2215
9384,03/07/20 02:34:00 PM,16.20,47962.0,31.2462
9385,03/07/20 02:34:10 PM,16.20,47898.4,31.1998
9386,03/07/20 02:34:20 PM,16.22,47910.8,31.2089
9387,03/07/20 02:34:30 PM,16.20,47983.2,31.2617
9388,03/07/20 02:34:40 PM,16.22,47919.3,31.2151
9389,03/07/20 02:34:50 PM,16.22,47940.5,31.2305
9390,03/07/20 02:35:00 PM,16.20,47970.4,31.2523
9391,03/07/20 02:35:10 PM,16.20,47970.4,31.2523
9392,03/07/20 02:35:20 PM,16.20,47949.3,31.2370
9393,03/07/20 02:35:30 PM,16.20,47932.3,31.2245
9394,03/07/20 02:35:40 PM,16.22,47910.8,31.2089
9395,03/07/20 02:35:50 PM,16.20,47949.3,31.2370
9396,03/07/20 02:36:00 PM,16.20,47970.4,31.2523
9397,03/07/20 02:36:10 PM,16.20,47932.3,31.2245
9398,03/07/20 02:36:20 PM,16.20,47906.9,31.2060
9399,03/07/20 02:36:30 PM,16.20,47932.3,31.2245
9400,03/07/20 02:36:40 PM,16.22,47927.8,31.2213
9401,03/07/20 02:36:50 PM,16.20,47932.3,31.2245
9402,03/07/20 02:37:00 PM,16.20,47962.0,31.2462
9403,03/07/20 02:37:10 PM,16.20,47962.0,31.2462
9404,03/07/20 02:37:20 PM,16.22,47898.1,31.1996
9405,03/07/20 02:37:30 PM,16.22,47919.3,31.2151
9406,03/07/20 02:37:40 PM,16.22,47889.6,31.1934
9407,03/07/20 02:37:50 PM,16.20,47932.3,31.2245
9408,03/07/20 02:38:00 PM,16.20,47970.4,31.2523
9409,03/07/20 02:38:10 PM,16.22,47948.9,31.2366
9410,03/07/20 02:38:20 PM,16.20,47932.3,31.2245
9411,03/07/20 02:38:30 PM,16.22,47953.2,31.2398
9412,03/07/20 02:38:40 PM,16.22,47953.2,31.2398
9413,03/07/20 02:38:50 PM,16.22,47898.1,31.1996
9414,03/07/20 02:39:00 PM,16.22,47927.8,31.2213
9415,03/07/20 02:39:10 PM,16.22,47919.3,31.2151
9416,03/07/20 02:39:20 PM,16.20,47940.8,31.2307
9417,03/07/20 02:39:30 PM,16.22,47974.4,31.2553
9418,03/07/20 02:39:40 PM,16.22,47910.8,31.2089
9419,03/07/20 02:39:50 PM,16.20,47911.1,31.2091
9420,03/07/20 02:40:00 PM,16.22,47927.8,31.2213
9421,03/07/20 02:40:10 PM,16.20,47962.0,31.2462
9422,03/07/20 02:40:20 PM,16.22,47919.3,31.2151
9423,03/07/20 02:40:30 PM,16.22,47965.9,31.2491
9424,03/07/20 02:40:40 PM,16.22,47953.2,31.2398
9425,03/07/20 02:40:50 PM,16.22,47965.9,31.2491
9426,03/07/20 02:41:00 PM,16.23,47908.6,31.2073
9427,03/07/20 02:41:10 PM,16.22,47953.2,31.2398
9428,03/07/20 02:41:20 PM,16.22,47919.3,31.2151
9429,03/07/20 02:41:30 PM,16.22,47919.3,31.2151
9430,03/07/20 02:41:40 PM,16.23,47942.5,31.2320
9431,03/07/20 02:41:50 PM,16.23,47929.8,31.2227
9432,03/07/20 02:42:00 PM,16.23,47912.8,31.2103
9433,03/07/20 02:42:10 PM,16.23,47900.1,31.2011
9434,03/07/20 02:42:20 PM,16.23,47963.7,31.2474
9435,03/07/20 02:42:30 PM,16.23,47921.3,31.2165
9436,03/07/20 02:42:40 PM,16.23,47942.5,31.2320
9437,03/07/20 02:42:50 PM,16.24,47944.4,31.2334
9438,03/07/20 02:43:00 PM,16.24,47889.3,31.1932
9439,03/07/20 02:43:10 PM,16.24,47931.7,31.2241
9440,03/07/20 02:43:20 PM,16.24,47889.3,31.1932
9441,03/07/20 02:43:30 PM,16.25,47921.0,31.2163
9442,03/07/20 02:43:40 PM,16.24,47889.3,31.1932
9443,03/07/20 02:43:50 PM,16.24,47931.7,31.2241
9444,03/07/20 02:44:00 PM,16.24,47923.2,31.2179
9445,03/07/20 02:44:10 PM,16.24,47952.9,31.2396
9446,03/07/20 02:44:20 PM,16.25,47912.5,31.2101
9447,03/07/20 02:44:30 PM,16.24,47965.6,31.2488
9448,03/07/20 02:44:40 PM,16.23,47921.3,31.2165
9449,03/07/20 02:44:50 PM,16.23,47955.2,31.2412
9450,03/07/20 02:45:00 PM,16.23,47900.1,31.2011
9451,03/07/20 02:45:10 PM,16.23,47955.2,31.2412
9452,03/07/20 02:45:20 PM,16.24,47902.0,31.2025
9453,03/07/20 02:45:30 PM,16.24,47931.7,31.2241
9454,03/07/20 02:45:40 PM,16.24,47889.3,31.1932
9455,03/07/20 02:45:50 PM,16.23,47942.5,31.2320
9456,03/07/20 02:46:00 PM,16.25,47921.0,31.2163
9457,03/07/20 02:46:10 PM,16.27,47891.0,31.1945
9458,03/07/20 02:46:20 PM,16.25,47891.3,31.1947
9459,03/07/20 02:46:30 PM,16.25,47891.3,31.1947
9460,03/07/20 02:46:40 PM,16.24,47902.0,31.2025
9461,03/07/20 02:46:50 PM,16.24,47965.6,31.2488
9462,03/07/20 02:47:00 PM,16.24,47889.3,31.1932
9463,03/07/20 02:47:10 PM,16.24,47931.7,31.2241
9464,03/07/20 02:47:20 PM,16.25,47942.2,31.2317
9465,03/07/20 02:47:30 PM,16.25,47904.0,31.2039
9466,03/07/20 02:47:40 PM,16.24,47902.0,31.2025
9467,03/07/20 02:47:50 PM,16.25,47921.0,31.2163
9468,03/07/20 02:48:00 PM,16.25,47904.0,31.2039
9469,03/07/20 02:48:10 PM,16.25,47954.9,31.2410
9470,03/07/20 02:48:20 PM,16.25,47921.0,31.2163
9471,03/07/20 02:48:30 PM,16.25,47891.3,31.1947
9472,03/07/20 02:48:40 PM,16.24,47965.6,31.2488
9473,03/07/20 02:48:50 PM,16.24,47902.0,31.2025
9474,03/07/20 02:49:00 PM,16.25,47891.3,31.1947
9475,03/07/20 02:49:10 PM,16.25,47912.5,31.2101
9476,03/07/20 02:49:20 PM,16.25,47954.9,31.2410
9477,03/07/20 02:49:30 PM,16.25,47891.3,31.1947
9478,03/07/20 02:49:40 PM,16.25,47904.0,31.2039
9479,03/07/20 02:49:50 PM,16.24,47923.2,31.2179
9480,03/07/20 02:50:00 PM,16.23,47942.5,31.2320
9481,03/07/20 02:50:10 PM,16.24,47914.7,31.2117
9482,03/07/20 02:50:20 PM,16.24,47931.7,31.2241
9483,03/07/20 02:50:30 PM,16.24,47902.0,31.2025
9484,03/07/20 02:50:40 PM,16.24,47957.1,31.2426
9485,03/07/20 02:50:50 PM,16.24,47914.7,31.2117
9486,03/07/20 02:51:00 PM,16.24,47902.0,31.2025
9487,03/07/20 02:51:10 PM,16.25,47921.0,31.2163
9488,03/07/20 02:51:20 PM,16.25,47921.0,31.2163
9489,03/07/20 02:51:30 PM,16.25,47954.9,31.2410
9490,03/07/20 02:51:40 PM,16.25,47904.0,31.2039
9491,03/07/20 02:51:50 PM,16.25,47921.0,31.2163
9492,03/07/20 02:52:00 PM,16.25,47870.1,31.1792
9493,03/07/20 02:52:10 PM,16.25,47933.7,31.2255
9494,03/07/20 02:52:20 PM,16.24,47914.7,31.2117
9495,03/07/20 02:52:30 PM,16.25,47912.5,31.2101
9496,03/07/20 02:52:40 PM,16.25,47921.0,31.2163
9497,03/07/20 02:52:50 PM,16.27,47891.0,31.1945
9498,03/07/20 02:53:00 PM,16.25,47963.4,31.2472
9499,03/07/20 02:53:10 PM,16.25,47912.5,31.2101
9500,03/07/20 02:53:20 PM,16.25,47967.7,31.2503
9501,03/07/20 02:53:30 PM,16.25,47967.7,31.2503
9502,03/07/20 02:53:40 PM,16.27,47903.7,31.2037
9503,03/07/20 02:53:50 PM,16.25,47946.4,31.2348
9504,03/07/20 02:54:00 PM,16.25,47933.7,31.2255
9505,03/07/20 02:54:10 PM,16.25,47933.7,31.2255
9506,03/07/20 02:54:20 PM,16.27,47903.7,31.2037
9507,03/07/20 02:54:30 PM,16.25,47933.7,31.2255
9508,03/07/20 02:54:40 PM,16.27,47920.7,31.2161
9509,03/07/20 02:54:50 PM,16.25,47921.0,31.2163
9510,03/07/20 02:55:00 PM,16.25,47925.2,31.2194
9511,03/07/20 02:55:10 PM,16.25,47891.3,31.1947
9512,03/07/20 02:55:20 PM,16.27,47946.2,31.2347
9513,03/07/20 02:55:30 PM,16.27,47882.5,31.1883
9514,03/07/20 02:55:40 PM,16.27,47882.5,31.1883
9515,03/07/20 02:55:50 PM,16.27,47967.4,31.2501
9516,03/07/20 02:56:00 PM,16.27,47882.5,31.1883
9517,03/07/20 02:56:10 PM,16.25,47925.2,31.2194
9518,03/07/20 02:56:20 PM,16.27,47903.7,31.2037
9519,03/07/20 02:56:30 PM,16.27,47937.7,31.2285
9520,03/07/20 02:56:40 PM,16.27,47882.5,31.1883
9521,03/07/20 02:56:50 PM,16.27,47903.7,31.2037
9522,03/07/20 02:57:00 PM,16.28,47859.1,31.1712
9523,03/07/20 02:57:10 PM,16.28,47893.0,31.1959
9524,03/07/20 02:57:20 PM,16.28,47927.0,31.2206
9525,03/07/20 02:57:30 PM,16.29,47873.8,31.1819
9526,03/07/20 02:57:40 PM,16.28,47914.2,31.2113
9527,03/07/20 02:57:50 PM,16.28,47871.8,31.1804
9528,03/07/20 02:58:00 PM,16.29,47882.3,31.1881
9529,03/07/20 02:58:10 PM,16.29,47895.1,31.1974
9530,03/07/20 02:58:20 PM,16.29,47903.4,31.2035
9531,03/07/20 02:58:30 PM,16.29,47873.8,31.1819
9532,03/07/20 02:58:40 PM,16.29,47903.4,31.2035
9533,03/07/20 02:58:50 PM,16.27,47903.7,31.2037
9534,03/07/20 02:59:00 PM,16.28,47893.0,31.1959
9535,03/07/20 02:59:10 PM,16.28,47927.0,31.2206
9536,03/07/20 02:59:20 PM,16.28,47893.0,31.1959
9537,03/07/20 02:59:30 PM,16.28,47914.2,31.2113
9538,03/07/20 02:59:40 PM,16.27,47903.7,31.2037
9539,03/07/20 02:59:50 PM,16.28,47905.8,31.2052
9540,03/07/20 03:00:00 PM,16.28,47871.8,31.1804
9541,03/07/20 03:00:10 PM,16.28,47871.8,31.1804
9542,03/07/20 03:00:20 PM,16.28,47935.4,31.2268
9543,03/07/20 03:00:30 PM,16.28,47893.0,31.1959
9544,03/07/20 03:00:40 PM,16.28,47914.2,31.2113
9545,03/07/20 03:00:50 PM,16.28,47935.4,31.2268
9546,03/07/20 03:01:00 PM,16.28,47914.2,31.2113
9547,03/07/20 03:01:10 PM,16.29,47882.3,31.1881
9548,03/07/20 03:01:20 PM,16.29,47886.6,31.1912
9549,03/07/20 03:01:30 PM,16.28,47884.5,31.1897
9550,03/07/20 03:01:40 PM,16.27,47831.8,31.1513
9551,03/07/20 03:01:50 PM,16.29,47916.2,31.2128
9552,03/07/20 03:02:00 PM,16.28,47863.4,31.1743
9553,03/07/20 03:02:10 PM,16.27,47946.2,31.2347
9554,03/07/20 03:02:20 PM,16.28,47905.8,31.2052
9555,03/07/20 03:02:30 PM,16.28,47905.8,31.2052
9556,03/07/20 03:02:40 PM,16.28,47884.5,31.1897
9557,03/07/20 03:02:50 PM,16.28,47897.3,31.1990
9558,03/07/20 03:03:00 PM,16.28,47884.5,31.1897
9559,03/07/20 03:03:10 PM,16.28,47884.5,31.1897
9560,03/07/20 03:03:20 PM,16.28,47863.4,31.1743
9561,03/07/20 03:03:30 PM,16.29,47895.1,31.1974
9562,03/07/20 03:03:40 PM,16.29,47852.7,31.1665
9563,03/07/20 03:03:50 PM,16.29,47895.1,31.1974
9564,03/07/20 03:04:00 PM,16.28,47871.8,31.1804
9565,03/07/20 03:04:10 PM,16.29,47895.1,31.1974
9566,03/07/20 03:04:20 PM,16.28,47897.3,31.1990
9567,03/07/20 03:04:30 PM,16.28,47863.4,31.1743
9568,03/07/20 03:04:40 PM,16.28,47905.8,31.2052
9569,03/07/20 03:04:50 PM,16.29,47873.8,31.1819
9570,03/07/20 03:05:00 PM,16.28,47854.9,31.1682
9571,03/07/20 03:05:10 PM,16.28,47927.0,31.2206
9572,03/07/20 03:05:20 PM,16.29,47916.2,31.2128
9573,03/07/20 03:05:30 PM,16.29,47865.4,31.1758
9574,03/07/20 03:05:40 PM,16.29,47886.6,31.1912
9575,03/07/20 03:05:50 PM,16.29,47865.4,31.1758
9576,03/07/20 03:06:00 PM,16.29,47861.1,31.1726
9577,03/07/20 03:06:10 PM,16.29,47886.6,31.1912
9578,03/07/20 03:06:20 PM,16.28,47876.1,31.1836
9579,03/07/20 03:06:30 PM,16.29,47865.4,31.1758
9580,03/07/20 03:06:40 PM,16.28,47905.8,31.2052
9581,03/07/20 03:06:50 PM,16.28,47884.5,31.1897
9582,03/07/20 03:07:00 PM,16.24,47919.0,31.2149
9583,03/07/20 03:07:10 PM,16.22,47851.7,31.1658
9584,03/07/20 03:07:20 PM,16.23,47904.3,31.2041
9585,03/07/20 03:07:30 PM,16.23,47853.6,31.1672
9586,03/07/20 03:07:40 PM,16.23,47904.3,31.2041
9587,03/07/20 03:07:50 PM,16.23,47904.3,31.2041
9588,03/07/20 03:08:00 PM,16.22,47864.3,31.1750
9589,03/07/20 03:08:10 PM,16.22,47885.4,31.1904
9590,03/07/20 03:08:20 PM,16.22,47927.8,31.2213
9591,03/07/20 03:08:30 PM,16.22,47906.6,31.2058
9592,03/07/20 03:08:40 PM,16.22,47885.4,31.1904
9593,03/07/20 03:08:50 PM,16.22,47940.5,31.2305
9594,03/07/20 03:09:00 PM,16.22,47915.0,31.2119
9595,03/07/20 03:09:10 PM,16.23,47883.2,31.1887
9596,03/07/20 03:09:20 PM,16.23,47904.3,31.2041
9597,03/07/20 03:09:30 PM,16.22,47902.3,31.2027
9598,03/07/20 03:09:40 PM,16.23,47904.3,31.2041
9599,03/07/20 03:09:50 PM,16.22,47902.3,31.2027
9600,03/07/20 03:10:00 PM,16.22,47936.2,31.2274
9601,03/07/20 03:10:10 PM,16.22,47906.6,31.2058
9602,03/07/20 03:10:20 PM,16.22,47851.7,31.1658
9603,03/07/20 03:10:30 PM,16.22,47936.2,31.2274
9604,03/07/20 03:10:40 PM,16.22,47906.6,31.2058
9605,03/07/20 03:10:50 PM,16.22,47936.2,31.2274
9606,03/07/20 03:11:00 PM,16.22,47948.9,31.2366
9607,03/07/20 03:11:10 PM,16.22,47906.6,31.2058
9608,03/07/20 03:11:20 PM,16.22,47906.6,31.2058
9609,03/07/20 03:11:30 PM,16.23,47883.2,31.1887
9610,03/07/20 03:11:40 PM,16.22,47948.9,31.2366
9611,03/07/20 03:11:50 PM,16.22,47927.8,31.2213
9612,03/07/20 03:12:00 PM,16.22,47864.3,31.1750
9613,03/07/20 03:12:10 PM,16.23,47832.4,31.1517
9614,03/07/20 03:12:20 PM,16.22,47927.8,31.2213
9615,03/07/20 03:12:30 PM,16.23,47840.9,31.1579
9616,03/07/20 03:12:40 PM,16.23,47862.0,31.1733
9617,03/07/20 03:12:50 PM,16.23,47862.0,31.1733
9618,03/07/20 03:13:00 PM,16.23,47904.3,31.2041
9619,03/07/20 03:13:10 PM,16.23,47895.9,31.1980
9620,03/07/20 03:13:20 PM,16.23,47938.2,31.2288
9621,03/07/20 03:13:30 PM,16.23,47895.9,31.1980
9622,03/07/20 03:13:40 PM,16.23,47895.9,31.1980
9623,03/07/20 03:13:50 PM,16.22,47885.4,31.1904
9624,03/07/20 03:14:00 PM,16.22,47885.4,31.1904
9625,03/07/20 03:14:10 PM,16.22,47843.1,31.1596
9626,03/07/20 03:14:20 PM,16.22,47927.8,31.2213
9627,03/07/20 03:14:30 PM,16.22,47898.1,31.1996
9628,03/07/20 03:14:40 PM,16.23,47862.0,31.1733
9629,03/07/20 03:14:50 PM,16.23,47938.2,31.2288
9630,03/07/20 03:15:00 PM,16.20,47915.4,31.2122
9631,03/07/20 03:15:10 PM,16.20,47915.4,31.2122
9632,03/07/20 03:15:20 PM,16.18,47958.0,31.2433
9633,03/07/20 03:15:30 PM,16.18,47907.3,31.2063
9634,03/07/20 03:15:40 PM,16.18,47873.4,31.1816
9635,03/07/20 03:15:50 PM,16.18,47860.8,31.1724
9636,03/07/20 03:16:00 PM,16.19,47896.6,31.1985
9637,03/07/20 03:16:10 PM,16.18,47907.3,31.2063
9638,03/07/20 03:16:20 PM,16.18,47907.3,31.2063
9639,03/07/20 03:16:30 PM,16.18,47865.0,31.1755
9640,03/07/20 03:16:40 PM,16.17,47863.0,31.1740
9641,03/07/20 03:16:50 PM,16.18,47886.1,31.1908
9642,03/07/20 03:17:00 PM,16.18,47915.7,31.2124
9643,03/07/20 03:17:10 PM,16.18,47915.7,31.2124
9644,03/07/20 03:17:20 PM,16.17,47896.8,31.1987
9645,03/07/20 03:17:30 PM,16.17,47939.1,31.2295
9646,03/07/20 03:17:40 PM,16.17,47939.1,31.2295
9647,03/07/20 03:17:50 PM,16.18,47928.4,31.2217
9648,03/07/20 03:18:00 PM,16.18,47936.9,31.2279
9649,03/07/20 03:18:10 PM,16.18,47865.0,31.1755
9650,03/07/20 03:18:20 PM,16.18,47936.9,31.2279
9651,03/07/20 03:18:30 PM,16.18,47936.9,31.2279
9652,03/07/20 03:18:40 PM,16.18,47907.3,31.2063
9653,03/07/20 03:18:50 PM,16.18,47949.6,31.2372
9654,03/07/20 03:19:00 PM,16.18,47915.7,31.2124
9655,03/07/20 03:19:10 PM,16.18,47928.4,31.2217
9656,03/07/20 03:19:20 PM,16.18,47894.6,31.1971
9657,03/07/20 03:19:30 PM,16.18,47886.1,31.1908
9658,03/07/20 03:19:40 PM,16.18,47865.0,31.1755
9659,03/07/20 03:19:50 PM,16.17,47829.3,31.1495
9660,03/07/20 03:20:00 PM,16.18,47852.3,31.1662
9661,03/07/20 03:20:10 PM,16.17,47918.0,31.2141
9662,03/07/20 03:20:20 PM,16.17,47884.1,31.1894
9663,03/07/20 03:20:30 PM,16.18,47873.4,31.1816
9664,03/07/20 03:20:40 PM,16.18,47881.9,31.1878
9665,03/07/20 03:20:50 PM,16.19,47875.3,31.1830
9666,03/07/20 03:21:00 PM,16.17,47850.4,31.1649
9667,03/07/20 03:21:10 PM,16.17,47850.4,31.1649
9668,03/07/20 03:21:20 PM,16.17,47871.5,31.1802
9669,03/07/20 03:21:30 PM,16.17,47841.9,31.1586
9670,03/07/20 03:21:40 PM,16.17,47863.0,31.1740
9671,03/07/20 03:21:50 PM,16.17,47850.4,31.1649
9672,03/07/20 03:22:00 PM,16.18,47936.9,31.2279
9673,03/07/20 03:22:10 PM,16.17,47884.1,31.1894
9674,03/07/20 03:22:20 PM,16.18,47907.3,31.2063
9675,03/07/20 03:22:30 PM,16.17,47896.8,31.1987
9676,03/07/20 03:22:40 PM,16.17,47896.8,31.1987
9677,03/07/20 03:22:50 PM,16.17,47905.3,31.2049
9678,03/07/20 03:23:00 PM,16.16,47907.6,31.2065
9679,03/07/20 03:23:10 PM,16.14,47929.1,31.2222
9680,03/07/20 03:23:20 PM,16.16,47852.6,31.1665
9681,03/07/20 03:23:30 PM,16.16,47894.9,31.1972
9682,03/07/20 03:23:40 PM,16.16,47873.7,31.1819
9683,03/07/20 03:23:50 PM,16.14,47908.0,31.2068
9684,03/07/20 03:24:00 PM,16.16,47873.7,31.1819
9685,03/07/20 03:24:10 PM,16.16,47894.9,31.1972
9686,03/07/20 03:24:20 PM,16.16,47840.0,31.1573
9687,03/07/20 03:24:30 PM,16.16,47865.4,31.1757
9688,03/07/20 03:24:40 PM,16.16,47886.5,31.1911
9689,03/07/20 03:24:50 PM,16.14,47916.4,31.2129
9690,03/07/20 03:25:00 PM,16.14,47895.2,31.1975
9691,03/07/20 03:25:10 PM,16.14,47861.5,31.1729
9692,03/07/20 03:25:20 PM,16.14,47895.2,31.1975
9693,03/07/20 03:25:30 PM,16.14,47895.2,31.1975
9694,03/07/20 03:25:40 PM,16.14,47916.4,31.2129
9695,03/07/20 03:25:50 PM,16.14,47874.1,31.1821
9696,03/07/20 03:26:00 PM,16.13,47884.9,31.1900
9697,03/07/20 03:26:10 PM,16.14,47908.0,31.2068
9698,03/07/20 03:26:20 PM,16.14,47874.1,31.1821
9699,03/07/20 03:26:30 PM,16.14,47908.0,31.2068
9700,03/07/20 03:26:40 PM,16.14,47895.2,31.1975
9701,03/07/20 03:26:50 PM,16.14,47916.4,31.2129
9702,03/07/20 03:27:00 PM,16.13,47906.0,31.2054
9703,03/07/20 03:27:10 PM,16.13,47872.3,31.1808
9704,03/07/20 03:27:20 PM,16.13,47855.3,31.1684
9705,03/07/20 03:27:30 PM,16.13,47884.9,31.1900
9706,03/07/20 03:27:40 PM,16.13,47893.4,31.1962
9707,03/07/20 03:27:50 PM,16.13,47906.0,31.2054
9708,03/07/20 03:28:00 PM,16.13,47884.9,31.1900
9709,03/07/20 03:28:10 PM,16.14,47908.0,31.2068
9710,03/07/20 03:28:20 PM,16.14,47895.2,31.1975
9711,03/07/20 03:28:30 PM,16.13,47863.7,31.1746
9712,03/07/20 03:28:40 PM,16.13,47893.4,31.1962
9713,03/07/20 03:28:50 PM,16.13,47863.7,31.1746
9714,03/07/20 03:29:00 PM,16.13,47884.9,31.1900
9715,03/07/20 03:29:10 PM,16.13,47884.9,31.1900
9716,03/07/20 03:29:20 PM,16.14,47908.0,31.2068
9717,03/07/20 03:29:30 PM,16.13,47863.7,31.1746
9718,03/07/20 03:29:40 PM,16.14,47874.1,31.1821
9719,03/07/20 03:29:50 PM,16.14,47874.1,31.1821
9720,03/07/20 03:30:00 PM,16.13,47863.7,31.1746
9721,03/07/20 03:30:10 PM,16.13,47884.9,31.1900
9722,03/07/20 03:30:20 PM,16.13,47906.0,31.2054
9723,03/07/20 03:30:30 PM,16.12,47883.0,31.1886
9724,03/07/20 03:30:40 PM,16.13,47855.3,31.1684
9725,03/07/20 03:30:50 PM,16.13,47927.1,31.2208
9726,03/07/20 03:31:00 PM,16.13,47855.3,31.1684
9727,03/07/20 03:31:10 PM,16.13,47884.9,31.1900
9728,03/07/20 03:31:20 PM,16.12,47895.6,31.1978
9729,03/07/20 03:31:30 PM,16.13,47918.7,31.2146
9730,03/07/20 03:31:40 PM,16.12,47916.7,31.2132
9731,03/07/20 03:31:50 PM,16.12,47895.6,31.1978
9732,03/07/20 03:32:00 PM,16.12,47883.0,31.1886
9733,03/07/20 03:32:10 PM,16.13,47855.3,31.1684
9734,03/07/20 03:32:20 PM,16.13,47863.7,31.1746
9735,03/07/20 03:32:30 PM,16.12,47874.5,31.1824
9736,03/07/20 03:32:40 PM,16.12,47929.5,31.2225
9737,03/07/20 03:32:50 PM,16.12,47845.0,31.1609
9738,03/07/20 03:33:00 PM,16.12,47853.5,31.1671
9739,03/07/20 03:33:10 PM,16.12,47883.0,31.1886
9740,03/07/20 03:33:20 PM,16.12,47866.1,31.1763
9741,03/07/20 03:33:30 PM,16.12,47895.6,31.1978
9742,03/07/20 03:33:40 PM,16.12,47866.1,31.1763
9743,03/07/20 03:33:50 PM,16.13,47863.7,31.1746
9744,03/07/20 03:34:00 PM,16.12,47866.1,31.1763
9745,03/07/20 03:34:10 PM,16.12,47895.6,31.1978
9746,03/07/20 03:34:20 PM,16.12,47874.5,31.1824
9747,03/07/20 03:34:30 PM,16.12,47874.5,31.1824
9748,03/07/20 03:34:40 PM,16.12,47874.5,31.1824
9749,03/07/20 03:34:50 PM,16.12,47887.2,31.1917
9750,03/07/20 03:35:00 PM,16.13,47863.7,31.1746
9751,03/07/20 03:35:10 PM,16.12,47942.2,31.2318
9752,03/07/20 03:35:20 PM,16.12,47908.3,31.2071
9753,03/07/20 03:35:30 PM,16.12,47887.2,31.1917
9754,03/07/20 03:35:40 PM,16.11,47855.7,31.1687
9755,03/07/20 03:35:50 PM,16.12,47887.2,31.1917
9756,03/07/20 03:36:00 PM,16.11,47919.1,31.2149
9757,03/07/20 03:36:10 PM,16.12,47866.1,31.1763
9758,03/07/20 03:36:20 PM,16.12,47895.6,31.1978
9759,03/07/20 03:36:30 PM,16.12,47874.5,31.1824
9760,03/07/20 03:36:40 PM,16.12,47811.4,31.1364
9761,03/07/20 03:36:50 PM,16.12,47866.1,31.1763
9762,03/07/20 03:37:00 PM,16.12,47836.6,31.1548
9763,03/07/20 03:37:10 PM,16.12,47883.0,31.1886
9764,03/07/20 03:37:20 PM,16.11,47906.4,31.2056
9765,03/07/20 03:37:30 PM,16.12,47887.2,31.1917
9766,03/07/20 03:37:40 PM,16.12,47899.8,31.2009
9767,03/07/20 03:37:50 PM,16.12,47832.4,31.1517
9768,03/07/20 03:38:00 PM,16.12,47908.3,31.2071
9769,03/07/20 03:38:10 PM,16.11,47864.2,31.1749
9770,03/07/20 03:38:20 PM,16.12,47845.0,31.1609
9771,03/07/20 03:38:30 PM,16.12,47853.5,31.1671
9772,03/07/20 03:38:40 PM,16.12,47908.3,31.2071
9773,03/07/20 03:38:50 PM,16.12,47887.2,31.1917
9774,03/07/20 03:39:00 PM,16.12,47853.5,31.1671
9775,03/07/20 03:39:10 PM,16.11,47864.2,31.1749
9776,03/07/20 03:39:20 PM,16.11,47885.2,31.1902
9777,03/07/20 03:39:30 PM,16.12,47845.0,31.1609
9778,03/07/20 03:39:40 PM,16.12,47853.5,31.1671
9779,03/07/20 03:39:50 PM,16.12,47887.2,31.1917
9780,03/07/20 03:40:00 PM,16.12,47874.5,31.1824
9781,03/07/20 03:40:10 PM,16.11,47898.0,31.1995
9782,03/07/20 03:40:20 PM,16.11,47898.0,31.1995
9783,03/07/20 03:40:30 PM,16.11,47898.0,31.1995
9784,03/07/20 03:40:40 PM,16.12,47866.1,31.1763
9785,03/07/20 03:40:50 PM,16.11,47876.8,31.1841
9786,03/07/20 03:41:00 PM,16.11,47898.0,31.1995
9787,03/07/20 03:41:10 PM,16.12,47853.5,31.1671
9788,03/07/20 03:41:20 PM,16.11,47855.7,31.1687
9789,03/07/20 03:41:30 PM,16.11,47885.2,31.1902
9790,03/07/20 03:41:40 PM,16.11,47910.6,31.2087
9791,03/07/20 03:41:50 PM,16.11,47885.2,31.1902
9792,03/07/20 03:42:00 PM,16.11,47864.2,31.1749
9793,03/07/20 03:42:10 PM,16.12,47853.5,31.1671
9794,03/07/20 03:42:20 PM,16.12,47874.5,31.1824
9795,03/07/20 03:42:30 PM,16.11,47885.2,31.1902
9796,03/07/20 03:42:40 PM,16.11,47898.0,31.1995
9797,03/07/20 03:42:50 PM,16.11,47847.3,31.1626
9798,03/07/20 03:43:00 PM,16.11,47898.0,31.1995
9799,03/07/20 03:43:10 PM,16.11,47898.0,31.1995
9800,03/07/20 03:43:20 PM,16.11,47855.7,31.1687
9801,03/07/20 03:43:30 PM,16.11,47847.3,31.1626
9802,03/07/20 03:43:40 PM,16.12,47866.1,31.1763
9803,03/07/20 03:43:50 PM,16.11,47864.2,31.1749
9804,03/07/20 03:44:00 PM,16.11,47855.7,31.1687
9805,03/07/20 03:44:10 PM,16.11,47876.8,31.1841
9806,03/07/20 03:44:20 PM,16.11,47919.1,31.2149
9807,03/07/20 03:44:30 PM,16.11,47864.2,31.1749
9808,03/07/20 03:44:40 PM,16.11,47910.6,31.2087
9809,03/07/20 03:44:50 PM,16.11,47885.2,31.1902
9810,03/07/20 03:45:00 PM,16.11,47889.6,31.1934
9811,03/07/20 03:45:10 PM,16.11,47864.2,31.1749
9812,03/07/20 03:45:20 PM,16.11,47864.2,31.1749
9813,03/07/20 03:45:30 PM,16.11,47847.3,31.1626
9814,03/07/20 03:45:40 PM,16.11,47898.0,31.1995
9815,03/07/20 03:45:50 PM,16.11,47855.7,31.1687
9816,03/07/20 03:46:00 PM,16.11,47826.3,31.1473
9817,03/07/20 03:46:10 PM,16.11,47847.3,31.1626
9818,03/07/20 03:46:20 PM,16.11,47868.4,31.1780
9819,03/07/20 03:46:30 PM,16.11,47876.8,31.1841
9820,03/07/20 03:46:40 PM,16.11,47847.3,31.1626
9821,03/07/20 03:46:50 PM,16.11,47889.6,31.1934
9822,03/07/20 03:47:00 PM,16.11,47876.8,31.1841
9823,03/07/20 03:47:10 PM,16.11,47864.2,31.1749
9824,03/07/20 03:47:20 PM,16.11,47826.3,31.1473
9825,03/07/20 03:47:30 PM,16.11,47876.8,31.1841
9826,03/07/20 03:47:40 PM,16.11,47910.6,31.2087
9827,03/07/20 03:47:50 PM,16.11,47876.8,31.1841
9828,03/07/20 03:48:00 PM,16.11,47696.0,31.0523
9829,03/07/20 03:48:10 PM,16.11,47662.4,31.0279
9830,03/07/20 03:48:20 PM,16.11,47826.3,31.1473
9831,03/07/20 03:48:30 PM,16.09,47911.1,31.2091
9832,03/07/20 03:48:40 PM,16.09,47877.2,31.1844
9833,03/07/20 03:48:50 PM,16.11,47855.7,31.1687
9834,03/07/20 03:49:00 PM,16.09,47856.2,31.1691
9835,03/07/20 03:49:10 PM,16.09,47856.2,31.1691
9836,03/07/20 03:49:20 PM,16.11,47910.6,31.2087
9837,03/07/20 03:49:30 PM,16.09,47868.8,31.1782
9838,03/07/20 03:49:40 PM,16.09,47868.8,31.1782
9839,03/07/20 03:49:50 PM,16.09,47911.1,31.2091
9840,03/07/20 03:50:00 PM,16.09,47877.2,31.1844
9841,03/07/20 03:50:10 PM,16.09,47898.3,31.1998
9842,03/07/20 03:50:20 PM,16.09,47877.2,31.1844
9843,03/07/20 03:50:30 PM,16.09,47877.2,31.1844
9844,03/07/20 03:50:40 PM,16.09,47868.8,31.1782
9845,03/07/20 03:50:50 PM,16.09,47877.2,31.1844
9846,03/07/20 03:51:00 PM,16.09,47839.2,31.1567
9847,03/07/20 03:51:10 PM,16.09,47877.2,31.1844
9848,03/07/20 03:51:20 PM,16.09,47868.8,31.1782
9849,03/07/20 03:51:30 PM,16.09,47877.2,31.1844
9850,03/07/20 03:51:40 PM,16.09,47801.4,31.1291
9851,03/07/20 03:51:50 PM,16.09,47704.8,31.0588
9852,03/07/20 03:52:00 PM,16.09,47725.7,31.0740
9853,03/07/20 03:52:10 PM,16.09,47759.4,31.0985
9854,03/07/20 03:52:20 PM,16.09,47738.4,31.0832
9855,03/07/20 03:52:30 PM,16.09,47751.0,31.0924
9856,03/07/20 03:52:40 PM,16.09,47763.6,31.1016
9857,03/07/20 03:52:50 PM,16.09,47621.1,30.9978
9858,03/07/20 03:53:00 PM,16.09,47889.9,31.1937
9859,03/07/20 03:53:10 PM,16.09,47932.1,31.2244
9860,03/07/20 03:53:20 PM,16.09,47889.9,31.1937
9861,03/07/20 03:53:30 PM,16.09,47902.5,31.2029
9862,03/07/20 03:53:40 PM,16.09,47911.1,31.2091
9863,03/07/20 03:53:50 PM,16.11,47902.2,31.2026
9864,03/07/20 03:54:00 PM,16.11,47889.6,31.1934
9865,03/07/20 03:54:10 PM,16.09,47894.1,31.1967
9866,03/07/20 03:54:20 PM,16.09,47923.7,31.2183
9867,03/07/20 03:54:30 PM,16.09,47911.1,31.2091
9868,03/07/20 03:54:40 PM,16.09,47894.1,31.1967
9869,03/07/20 03:54:50 PM,16.09,47894.1,31.1967
9870,03/07/20 03:55:00 PM,16.09,47902.5,31.2029
9871,03/07/20 03:55:10 PM,16.09,47881.4,31.1874
9872,03/07/20 03:55:20 PM,16.09,47902.5,31.2029
9873,03/07/20 03:55:30 PM,16.09,47881.4,31.1874
9874,03/07/20 03:55:40 PM,16.09,47923.7,31.2183
9875,03/07/20 03:55:50 PM,16.09,47932.1,31.2244
9876,03/07/20 03:56:00 PM,16.09,47957.6,31.2430
9877,03/07/20 03:56:10 PM,16.08,47883.8,31.1892
9878,03/07/20 03:56:20 PM,16.09,47911.1,31.2091
9879,03/07/20 03:56:30 PM,16.08,47904.9,31.2046
9880,03/07/20 03:56:40 PM,16.09,47667.1,31.0313
9881,03/07/20 03:56:50 PM,16.09,47642.0,31.0130
9882,03/07/20 03:57:00 PM,16.08,47904.9,31.2046
9883,03/07/20 03:57:10 PM,16.09,47923.7,31.2183
9884,03/07/20 03:57:20 PM,16.09,47936.4,31.2275
9885,03/07/20 03:57:30 PM,16.09,47911.1,31.2091
9886,03/07/20 03:57:40 PM,16.09,47957.6,31.2430
9887,03/07/20 03:57:50 PM,16.09,47936.4,31.2275
9888,03/07/20 03:58:00 PM,16.09,47923.7,31.2183
9889,03/07/20 03:58:10 PM,16.09,47936.4,31.2275
9890,03/07/20 03:58:20 PM,16.09,47957.6,31.2430
9891,03/07/20 03:58:30 PM,16.09,47923.7,31.2183
9892,03/07/20 03:58:40 PM,16.09,47923.7,31.2183
9893,03/07/20 03:58:50 PM,16.09,47932.1,31.2244
9894,03/07/20 03:59:00 PM,16.09,47894.1,31.1967
9895,03/07/20 03:59:10 PM,16.09,47957.6,31.2430
9896,03/07/20 03:59:20 PM,16.09,47911.1,31.2091
9897,03/07/20 03:59:30 PM,16.09,47923.7,31.2183
9898,03/07/20 03:59:40 PM,16.09,47923.7,31.2183
9899,03/07/20 03:59:50 PM,16.09,47936.4,31.2275
9900,03/07/20 04:00:00 PM,16.09,47911.1,31.2091
9901,03/07/20 04:00:10 PM,16.09,47927.9,31.2213
9902,03/07/20 04:00:20 PM,16.09,47894.1,31.1967
9903,03/07/20 04:00:30 PM,16.09,47902.5,31.2029
9904,03/07/20 04:00:40 PM,16.09,47902.5,31.2029
9905,03/07/20 04:00:50 PM,16.09,47923.7,31.2183
9906,03/07/20 04:01:00 PM,16.09,47902.5,31.2029
9907,03/07/20 04:01:10 PM,16.09,47927.9,31.2213
9908,03/07/20 04:01:20 PM,16.09,47957.6,31.2430
9909,03/07/20 04:01:30 PM,16.08,47934.5,31.2261
9910,03/07/20 04:01:40 PM,16.09,47873.0,31.1813
9911,03/07/20 04:01:50 PM,16.09,47902.5,31.2029
9912,03/07/20 04:02:00 PM,16.08,47892.2,31.1953
9913,03/07/20 04:02:10 PM,16.08,47913.3,31.2107
9914,03/07/20 04:02:20 PM,16.08,47934.5,31.2261
9915,03/07/20 04:02:30 PM,16.09,47873.0,31.1813
9916,03/07/20 04:02:40 PM,16.08,47904.9,31.2046
9917,03/07/20 04:02:50 PM,16.08,47955.6,31.2415
9918,03/07/20 04:03:00 PM,16.08,47926.0,31.2200
9919,03/07/20 04:03:10 PM,16.09,47949.0,31.2367
9920,03/07/20 04:03:20 PM,16.09,47902.5,31.2029
9921,03/07/20 04:03:30 PM,16.08,47892.2,31.1953
9922,03/07/20 04:03:40 PM,16.09,47881.4,31.1874
9923,03/07/20 04:03:50 PM,16.08,47926.0,31.2200
9924,03/07/20 04:04:00 PM,16.09,47894.1,31.1967
9925,03/07/20 04:04:10 PM,16.09,47864.6,31.1752
9926,03/07/20 04:04:20 PM,16.09,47936.4,31.2275
9927,03/07/20 04:04:30 PM,16.09,47923.7,31.2183
9928,03/07/20 04:04:40 PM,16.09,47881.4,31.1874
9929,03/07/20 04:04:50 PM,16.09,47957.6,31.2430
9930,03/07/20 04:05:00 PM,16.09,47927.9,31.2213
9931,03/07/20 04:05:10 PM,16.09,47902.5,31.2029
9932,03/07/20 04:05:20 PM,16.09,47902.5,31.2029
9933,03/07/20 04:05:30 PM,16.09,47915.3,31.2121
9934,03/07/20 04:05:40 PM,16.09,47936.4,31.2275
9935,03/07/20 04:05:50 PM,16.08,47892.2,31.1953
9936,03/07/20 04:06:00 PM,16.09,47881.4,31.1874
9937,03/07/20 04:06:10 PM,16.09,47902.5,31.2029
9938,03/07/20 04:06:20 PM,16.08,47926.0,31.2200
9939,03/07/20 04:06:30 PM,16.08,47854.3,31.1677
9940,03/07/20 04:06:40 PM,16.08,47913.3,31.2107
9941,03/07/20 04:06:50 PM,16.08,47959.8,31.2446
9942,03/07/20 04:07:00 PM,16.08,47892.2,31.1953
9943,03/07/20 04:07:10 PM,16.08,47892.2,31.1953
9944,03/07/20 04:07:20 PM,16.08,47913.3,31.2107
9945,03/07/20 04:07:30 PM,16.08,47980.9,31.2600
9946,03/07/20 04:07:40 PM,16.08,47904.9,31.2046
9947,03/07/20 04:07:50 PM,16.08,47926.0,31.2200
9948,03/07/20 04:08:00 PM,16.08,47904.9,31.2046
9949,03/07/20 04:08:10 PM,16.08,47913.3,31.2107
9950,03/07/20 04:08:20 PM,16.08,47926.0,31.2200
9951,03/07/20 04:08:30 PM,16.08,47926.0,31.2200
9952,03/07/20 04:08:40 PM,16.07,47902.9,31.2031
9953,03/07/20 04:08:50 PM,16.08,47938.7,31.2292
9954,03/07/20 04:09:00 PM,16.08,47875.3,31.1830
9955,03/07/20 04:09:10 PM,16.08,47904.9,31.2046
9956,03/07/20 04:09:20 PM,16.08,47904.9,31.2046
9957,03/07/20 04:09:30 PM,16.08,47904.9,31.2046
9958,03/07/20 04:09:40 PM,16.07,47936.8,31.2278
9959,03/07/20 04:09:50 PM,16.07,47936.8,31.2278
9960,03/07/20 04:10:00 PM,16.07,47924.1,31.2185
9961,03/07/20 04:10:10 PM,16.08,47938.7,31.2292
9962,03/07/20 04:10:20 PM,16.07,47915.7,31.2124
9963,03/07/20 04:10:30 PM,16.08,47904.9,31.2046
9964,03/07/20 04:10:40 PM,16.08,47926.0,31.2200
9965,03/07/20 04:10:50 PM,16.08,47938.7,31.2292
9966,03/07/20 04:11:00 PM,16.08,47938.7,31.2292
9967,03/07/20 04:11:10 PM,16.08,47875.3,31.1830
9968,03/07/20 04:11:20 PM,16.08,47904.9,31.2046
9969,03/07/20 04:11:30 PM,16.08,47904.9,31.2046
9970,03/07/20 04:11:40 PM,16.08,47883.8,31.1892
9971,03/07/20 04:11:50 PM,16.07,47915.7,31.2124
9972,03/07/20 04:12:00 PM,16.08,47938.7,31.2292
9973,03/07/20 04:12:10 PM,16.08,47875.3,31.1830
9974,03/07/20 04:12:20 PM,16.08,47904.9,31.2046
9975,03/07/20 04:12:30 PM,16.08,47904.9,31.2046
9976,03/07/20 04:12:40 PM,16.08,47892.2,31.1953
9977,03/07/20 04:12:50 PM,16.08,47904.9,31.2046
9978,03/07/20 04:13:00 PM,16.08,47627.6,31.0025
9979,03/07/20 04:13:10 PM,16.08,47850.0,31.1645
9980,03/07/20 04:13:20 PM,16.08,47862.7,31.1738
9981,03/07/20 04:13:30 PM,16.09,47742.6,31.0863
9982,03/07/20 04:13:40 PM,16.09,47767.8,31.1046
9983,03/07/20 04:13:50 PM,16.11,47817.8,31.1411
9984,03/07/20 04:14:00 PM,16.13,47754.3,31.0948
9985,03/07/20 04:14:10 PM,16.13,47775.3,31.1101
9986,03/07/20 04:14:20 PM,16.13,47766.9,31.1040
9987,03/07/20 04:14:30 PM,16.13,47821.6,31.1439
9988,03/07/20 04:14:40 PM,16.13,47766.9,31.1040
9989,03/07/20 04:14:50 PM,16.14,47764.6,31.1023
9990,03/07/20 04:15:00 PM,16.13,47745.9,31.0887
9991,03/07/20 04:15:10 PM,16.13,47724.9,31.0734
9992,03/07/20 04:15:20 PM,16.14,47714.2,31.0656
9993,03/07/20 04:15:30 PM,16.14,47701.6,31.0564
9994,03/07/20 04:15:40 PM,16.14,47693.2,31.0503
9995,03/07/20 04:15:50 PM,16.14,47735.2,31.0809
9996,03/07/20 04:16:00 PM,16.14,47743.6,31.0870
9997,03/07/20 04:16:10 PM,16.14,47693.2,31.0503
9998,03/07/20 04:16:20 PM,16.14,47693.2,31.0503
9999,03/07/20 04:16:30 PM,16.14,47735.2,31.0809
10000,03/07/20 04:16:40 PM,16.14,47714.2,31.0656
10001,03/07/20 04:16:50 PM,16.16,47692.8,31.0500
10002,03/07/20 04:17:00 PM,16.14,47726.8,31.0748
10003,03/07/20 04:17:10 PM,16.16,47722.2,31.0714
10004,03/07/20 04:17:20 PM,16.16,47722.2,31.0714
10005,03/07/20 04:17:30 PM,16.14,47693.2,31.0503
10006,03/07/20 04:17:40 PM,16.16,47650.8,31.0194
10007,03/07/20 04:17:50 PM,16.16,47705.4,31.0592
10008,03/07/20 04:18:00 PM,16.14,47726.8,31.0748
10009,03/07/20 04:18:10 PM,16.14,47726.8,31.0748
10010,03/07/20 04:18:20 PM,16.16,47671.8,31.0347
10011,03/07/20 04:18:30 PM,16.16,47684.4,31.0439
10012,03/07/20 04:18:40 PM,16.16,47659.2,31.0255
10013,03/07/20 04:18:50 PM,16.14,47726.8,31.0748
10014,03/07/20 04:19:00 PM,16.14,47672.2,31.0350
10015,03/07/20 04:19:10 PM,16.14,47672.2,31.0350
10016,03/07/20 04:19:20 PM,16.14,47705.8,31.0595
10017,03/07/20 04:19:30 PM,16.14,47726.8,31.0748
10018,03/07/20 04:19:40 PM,16.14,47726.8,31.0748
10019,03/07/20 04:19:50 PM,16.14,47693.2,31.0503
10020,03/07/20 04:20:00 PM,16.14,47672.2,31.0350
10021,03/07/20 04:20:10 PM,16.14,47659.7,31.0259
10022,03/07/20 04:20:20 PM,16.13,47737.5,31.0826
10023,03/07/20 04:20:30 PM,16.13,47691.3,31.0489
10024,03/07/20 04:20:40 PM,16.13,47703.9,31.0581
10025,03/07/20 04:20:50 PM,16.13,47682.9,31.0428
10026,03/07/20 04:21:00 PM,16.13,47691.3,31.0489
10027,03/07/20 04:21:10 PM,16.13,47691.3,31.0489
10028,03/07/20 04:21:20 PM,16.13,47691.3,31.0489
10029,03/07/20 04:21:30 PM,16.13,47653.6,31.0215
10030,03/07/20 04:21:40 PM,16.13,47662.0,31.0276
10031,03/07/20 04:21:50 PM,16.13,47716.5,31.0673
10032,03/07/20 04:22:00 PM,16.13,47703.9,31.0581
10033,03/07/20 04:22:10 PM,16.13,47662.0,31.0276
10034,03/07/20 04:22:20 PM,16.13,47703.9,31.0581
10035,03/07/20 04:22:30 PM,16.13,47682.9,31.0428
10036,03/07/20 04:22:40 PM,16.14,47630.3,31.0045
10037,03/07/20 04:22:50 PM,16.14,47630.3,31.0045
10038,03/07/20 04:23:00 PM,16.13,47682.9,31.0428
10039,03/07/20 04:23:10 PM,16.13,47682.9,31.0428
10040,03/07/20 04:23:20 PM,16.13,47662.0,31.0276
10041,03/07/20 04:23:30 PM,16.13,47662.0,31.0276
10042,03/07/20 04:23:40 PM,16.14,47659.7,31.0259
10043,03/07/20 04:23:50 PM,16.13,47682.9,31.0428
10044,03/07/20 04:24:00 PM,16.13,47716.5,31.0673
10045,03/07/20 04:24:10 PM,16.13,47682.9,31.0428
10046,03/07/20 04:24:20 PM,16.13,47724.9,31.0734
10047,03/07/20 04:24:30 PM,16.13,47682.9,31.0428
10048,03/07/20 04:24:40 PM,16.14,47693.2,31.0503
10049,03/07/20 04:24:50 PM,16.13,47695.5,31.0520
10050,03/07/20 04:25:00 PM,16.13,47716.5,31.0673
10051,03/07/20 04:25:10 PM,16.13,47662.0,31.0276
10052,03/07/20 04:25:20 PM,16.14,47680.6,31.0411
10053,03/07/20 04:25:30 PM,16.13,47662.0,31.0276
10054,03/07/20 04:25:40 PM,16.13,47716.5,31.0673
10055,03/07/20 04:25:50 PM,16.13,47653.6,31.0215
10056,03/07/20 04:26:00 PM,16.12,47693.6,31.0506
10057,03/07/20 04:26:10 PM,16.13,47703.9,31.0581
10058,03/07/20 04:26:20 PM,16.12,47664.3,31.0292
10059,03/07/20 04:26:30 PM,16.12,47727.2,31.0751
10060,03/07/20 04:26:40 PM,16.12,47714.6,31.0659
10061,03/07/20 04:26:50 PM,16.13,47682.9,31.0428
10062,03/07/20 04:27:00 PM,16.13,47653.6,31.0215
10063,03/07/20 04:27:10 PM,16.13,47695.5,31.0520
10064,03/07/20 04:27:20 PM,16.13,47662.0,31.0276
10065,03/07/20 04:27:30 PM,16.12,47672.7,31.0354
10066,03/07/20 04:27:40 PM,16.12,47672.7,31.0354
10067,03/07/20 04:27:50 PM,16.12,47681.1,31.0415
10068,03/07/20 04:28:00 PM,16.12,47681.1,31.0415
10069,03/07/20 04:28:10 PM,16.13,47645.2,31.0153
10070,03/07/20 04:28:20 PM,16.12,47706.2,31.0598
10071,03/07/20 04:28:30 PM,16.12,47672.7,31.0354
10072,03/07/20 04:28:40 PM,16.12,47706.2,31.0598
10073,03/07/20 04:28:50 PM,16.12,47693.6,31.0506
10074,03/07/20 04:29:00 PM,16.12,47706.2,31.0598
10075,03/07/20 04:29:10 PM,16.12,47664.3,31.0292
10076,03/07/20 04:29:20 PM,16.12,47714.6,31.0659
10077,03/07/20 04:29:30 PM,16.12,47727.2,31.0751
10078,03/07/20 04:29:40 PM,16.12,47672.7,31.0354
10079,03/07/20 04:29:50 PM,16.11,47691.8,31.0493
10080,03/07/20 04:30:00 PM,16.12,47672.7,31.0354
10081,03/07/20 04:30:10 PM,16.12,47681.1,31.0415
10082,03/07/20 04:30:20 PM,16.12,47693.6,31.0506
10083,03/07/20 04:30:30 PM,16.12,47664.3,31.0292
10084,03/07/20 04:30:40 PM,16.11,47683.4,31.0432
10085,03/07/20 04:30:50 PM,16.11,47675.0,31.0370
10086,03/07/20 04:31:00 PM,16.11,47683.4,31.0432
10087,03/07/20 04:31:10 PM,16.12,47630.8,31.0049
10088,03/07/20 04:31:20 PM,16.12,47672.7,31.0354
10089,03/07/20 04:31:30 PM,16.12,47672.7,31.0354
10090,03/07/20 04:31:40 PM,16.12,47714.6,31.0659
10091,03/07/20 04:31:50 PM,16.11,47696.0,31.0523
10092,03/07/20 04:32:00 PM,16.11,47654.1,31.0218
10093,03/07/20 04:32:10 PM,16.11,47675.0,31.0370
10094,03/07/20 04:32:20 PM,16.12,47655.9,31.0231
10095,03/07/20 04:32:30 PM,16.11,47633.1,31.0065
10096,03/07/20 04:32:40 PM,16.11,47649.9,31.0188
10097,03/07/20 04:32:50 PM,16.11,47641.5,31.0126
10098,03/07/20 04:33:00 PM,16.11,47654.1,31.0218
10099,03/07/20 04:33:10 PM,16.11,47641.5,31.0126
10100,03/07/20 04:33:20 PM,16.11,47641.5,31.0126
10101,03/07/20 04:33:30 PM,16.09,47642.0,31.0130
10102,03/07/20 04:33:40 PM,16.09,47662.9,31.0282
10103,03/07/20 04:33:50 PM,16.09,47662.9,31.0282
10104,03/07/20 04:34:00 PM,16.09,47662.9,31.0282
10105,03/07/20 04:34:10 PM,16.11,47641.5,31.0126
10106,03/07/20 04:34:20 PM,16.11,47591.3,30.9761
10107,03/07/20 04:34:30 PM,16.11,47620.6,30.9974
10108,03/07/20 04:34:40 PM,16.09,47621.1,30.9978
10109,03/07/20 04:34:50 PM,16.09,47621.1,30.9978
10110,03/07/20 04:35:00 PM,16.09,47621.1,30.9978
10111,03/07/20 04:35:10 PM,16.09,47600.2,30.9826
10112,03/07/20 04:35:20 PM,16.09,47629.5,31.0039
10113,03/07/20 04:35:30 PM,16.08,47661.1,31.0269
10114,03/07/20 04:35:40 PM,16.09,47629.5,31.0039
10115,03/07/20 04:35:50 PM,16.09,47629.5,31.0039
10116,03/07/20 04:36:00 PM,16.09,47629.5,31.0039
10117,03/07/20 04:36:10 PM,16.09,47629.5,31.0039
10118,03/07/20 04:36:20 PM,16.09,47621.1,30.9978
10119,03/07/20 04:36:30 PM,16.09,47642.0,31.0130
10120,03/07/20 04:36:40 PM,16.09,47612.7,30.9917
10121,03/07/20 04:36:50 PM,16.08,47602.6,30.9843
10122,03/07/20 04:37:00 PM,16.09,47621.1,30.9978
10123,03/07/20 04:37:10 PM,16.09,47662.9,31.0282
10124,03/07/20 04:37:20 PM,16.09,47612.7,30.9917
10125,03/07/20 04:37:30 PM,16.09,47662.9,31.0282
10126,03/07/20 04:37:40 PM,16.09,47629.5,31.0039
10127,03/07/20 04:37:50 PM,16.09,47591.9,30.9765
10128,03/07/20 04:38:00 PM,16.09,47612.7,30.9917
10129,03/07/20 04:38:10 PM,16.09,47612.7,30.9917
10130,03/07/20 04:38:20 PM,16.09,47621.1,30.9978
10131,03/07/20 04:38:30 PM,16.09,47629.5,31.0039
10132,03/07/20 04:38:40 PM,16.09,47612.7,30.9917
10133,03/07/20 04:38:50 PM,16.09,47612.7,30.9917
10134,03/07/20 04:39:00 PM,16.09,47629.5,31.0039
10135,03/07/20 04:39:10 PM,16.09,47612.7,30.9917
10136,03/07/20 04:39:20 PM,16.09,47621.1,30.9978
10137,03/07/20 04:39:30 PM,16.09,47621.1,30.9978
10138,03/07/20 04:39:40 PM,16.09,47642.0,31.0130
10139,03/07/20 04:39:50 PM,16.09,47621.1,30.9978
10140,03/07/20 04:40:00 PM,16.09,47612.7,30.9917
10141,03/07/20 04:40:10 PM,16.09,47604.4,30.9856
10142,03/07/20 04:40:20 PM,16.09,47612.7,30.9917
10143,03/07/20 04:40:30 PM,16.09,47612.7,30.9917
10144,03/07/20 04:40:40 PM,16.09,47579.3,30.9673
10145,03/07/20 04:40:50 PM,16.09,47591.9,30.9765
10146,03/07/20 04:41:00 PM,16.09,47675.5,31.0374
10147,03/07/20 04:41:10 PM,16.09,47662.9,31.0282
10148,03/07/20 04:41:20 PM,16.09,47612.7,30.9917
10149,03/07/20 04:41:30 PM,16.09,47612.7,30.9917
10150,03/07/20 04:41:40 PM,16.09,47591.9,30.9765
10151,03/07/20 04:41:50 PM,16.09,47591.9,30.9765
10152,03/07/20 04:42:00 PM,16.09,47633.6,31.0069
10153,03/07/20 04:42:10 PM,16.09,47612.7,30.9917
10154,03/07/20 04:42:20 PM,16.09,47629.5,31.0039
10155,03/07/20 04:42:30 PM,16.09,47633.6,31.0069
10156,03/07/20 04:42:40 PM,16.09,47662.9,31.0282
10157,03/07/20 04:42:50 PM,16.09,47612.7,30.9917
10158,03/07/20 04:43:00 PM,16.09,47642.0,31.0130
10159,03/07/20 04:43:10 PM,16.09,47621.1,30.9978
10160,03/07/20 04:43:20 PM,16.09,47629.5,31.0039
10161,03/07/20 04:43:30 PM,16.09,47604.4,30.9856
10162,03/07/20 04:43:40 PM,16.09,47612.7,30.9917
10163,03/07/20 04:43:50 PM,16.09,47612.7,30.9917
10164,03/07/20 04:44:00 PM,16.09,47621.1,30.9978
10165,03/07/20 04:44:10 PM,16.09,47633.6,31.0069
10166,03/07/20 04:44:20 PM,16.09,47604.4,30.9856
10167,03/07/20 04:44:30 PM,16.09,47654.5,31.0221
10168,03/07/20 04:44:40 PM,16.09,47654.5,31.0221
10169,03/07/20 04:44:50 PM,16.09,47621.1,30.9978
10170,03/07/20 04:45:00 PM,16.09,47633.6,31.0069
10171,03/07/20 04:45:10 PM,16.09,47667.1,31.0313
10172,03/07/20 04:45:20 PM,16.09,47621.1,30.9978
10173,03/07/20 04:45:30 PM,16.09,47604.4,30.9856
10174,03/07/20 04:45:40 PM,16.09,47633.6,31.0069
10175,03/07/20 04:45:50 PM,16.09,47654.5,31.0221
10176,03/07/20 04:46:00 PM,16.09,47612.7,30.9917
10177,03/07/20 04:46:10 PM,16.09,47633.6,31.0069
10178,03/07/20 04:46:20 PM,16.09,47696.4,31.0526
10179,03/07/20 04:46:30 PM,16.09,47612.7,30.9917
10180,03/07/20 04:46:40 PM,16.09,47633.6,31.0069
10181,03/07/20 04:46:50 PM,16.09,47675.5,31.0374
10182,03/07/20 04:47:00 PM,16.09,47633.6,31.0069
10183,03/07/20 04:47:10 PM,16.09,47612.7,30.9917
10184,03/07/20 04:47:20 PM,16.09,47667.1,31.0313
10185,03/07/20 04:47:30 PM,16.09,47633.6,31.0069
10186,03/07/20 04:47:40 PM,16.09,47621.1,30.9978
10187,03/07/20 04:47:50 PM,16.09,47621.1,30.9978
10188,03/07/20 04:48:00 PM,16.09,47642.0,31.0130
10189,03/07/20 04:48:10 PM,16.09,47633.6,31.0069
10190,03/07/20 04:48:20 PM,16.09,47604.4,30.9856
10191,03/07/20 04:48:30 PM,16.08,47615.1,30.9934
10192,03/07/20 04:48:40 PM,16.09,47742.6,31.0863
10193,03/07/20 04:48:50 PM,16.09,47696.4,31.0526
10194,03/07/20 04:49:00 PM,16.09,47709.0,31.0618
10195,03/07/20 04:49:10 PM,16.09,47604.4,30.9856
10196,03/07/20 04:49:20 PM,16.08,47548.3,30.9448
10197,03/07/20 04:49:30 PM,16.08,47879.5,31.1861
10198,03/07/20 04:49:40 PM,16.09,46741.6,30.3582
10199,03/07/20 04:49:50 PM,16.08,47465.2,30.8843
10200,03/07/20 04:50:00 PM,16.11,47654.1,31.0218
10201,03/07/20 04:50:10 PM,16.13,47615.9,30.9940
10202,03/07/20 04:50:20 PM,16.13,47754.3,31.0948
10203,03/07/20 04:50:30 PM,16.14,47794.1,31.1238
10204,03/07/20 04:50:40 PM,16.14,47676.4,31.0380
10205,03/07/20 04:50:50 PM,16.13,47922.9,31.2177
10206,03/07/20 04:51:00 PM,16.14,47840.4,31.1576
10207,03/07/20 04:51:10 PM,16.13,47893.4,31.1962
10208,03/07/20 04:51:20 PM,16.14,47413.6,30.8467
10209,03/07/20 04:51:30 PM,16.13,47880.7,31.1869
10210,03/07/20 04:51:40 PM,16.13,47880.7,31.1869
10211,03/07/20 04:51:50 PM,16.13,47838.4,31.1561
10212,03/07/20 04:52:00 PM,16.13,47825.8,31.1469
10213,03/07/20 04:52:10 PM,16.14,47785.6,31.1176
10214,03/07/20 04:52:20 PM,16.13,47838.4,31.1561
10215,03/07/20 04:52:30 PM,16.13,47796.3,31.1254
10216,03/07/20 04:52:40 PM,16.12,47870.3,31.1793
10217,03/07/20 04:52:50 PM,16.13,47809.0,31.1347
10218,03/07/20 04:53:00 PM,16.12,47798.6,31.1271
10219,03/07/20 04:53:10 PM,16.13,47914.5,31.2116
10220,03/07/20 04:53:20 PM,16.13,47948.4,31.2362
10221,03/07/20 04:53:30 PM,16.13,47948.4,31.2362
10222,03/07/20 04:53:40 PM,16.12,47819.8,31.1425
10223,03/07/20 04:53:50 PM,16.13,47893.4,31.1962
10224,03/07/20 04:54:00 PM,16.13,47906.0,31.2054
10225,03/07/20 04:54:10 PM,16.13,47817.4,31.1408
10226,03/07/20 04:54:20 PM,16.12,47819.8,31.1425
10227,03/07/20 04:54:30 PM,16.14,47882.6,31.1883
10228,03/07/20 04:54:40 PM,16.13,47906.0,31.2054
10229,03/07/20 04:54:50 PM,16.13,47370.4,30.8153
10230,03/07/20 04:55:00 PM,16.12,47807.0,31.1332
10231,03/07/20 04:55:10 PM,16.12,47870.3,31.1793
10232,03/07/20 04:55:20 PM,16.12,47689.5,31.0476
10233,03/07/20 04:55:30 PM,16.12,47468.2,30.8864
10234,03/07/20 04:55:40 PM,16.12,47455.8,30.8774
10235,03/07/20 04:55:50 PM,16.11,47991.0,31.2674
10236,03/07/20 04:56:00 PM,16.11,48075.9,31.3293
10237,03/07/20 04:56:10 PM,16.13,48058.6,31.3167
10238,03/07/20 04:56:20 PM,16.13,48045.8,31.3073
10239,03/07/20 04:56:30 PM,16.13,48079.9,31.3322
10240,03/07/20 04:56:40 PM,16.13,48045.8,31.3073
10241,03/07/20 04:56:50 PM,16.13,48037.4,31.3012
10242,03/07/20 04:57:00 PM,16.11,48067.4,31.3230
10243,03/07/20 04:57:10 PM,16.12,48022.6,31.2904
10244,03/07/20 04:57:20 PM,16.12,48022.6,31.2904
10245,03/07/20 04:57:30 PM,16.13,48045.8,31.3073
10246,03/07/20 04:57:40 PM,16.12,48043.9,31.3059
10247,03/07/20 04:57:50 PM,16.12,47752.4,31.0934
10248,03/07/20 04:58:00 PM,16.12,47815.6,31.1394
10249,03/07/20 04:58:10 PM,16.12,47710.4,31.0628
10250,03/07/20 04:58:20 PM,16.12,47352.1,30.8020
10251,03/07/20 04:58:30 PM,16.11,48088.7,31.3386
10252,03/07/20 04:58:40 PM,16.11,48080.2,31.3324
10253,03/07/20 04:58:50 PM,16.12,48090.7,31.3400
10254,03/07/20 04:59:00 PM,16.12,48056.6,31.3152
10255,03/07/20 04:59:10 PM,16.11,48101.5,31.3479
10256,03/07/20 04:59:20 PM,16.12,48014.2,31.2843
10257,03/07/20 04:59:30 PM,16.12,48014.2,31.2843
10258,03/07/20 04:59:40 PM,16.12,48056.6,31.3152
10259,03/07/20 04:59:50 PM,16.13,48058.6,31.3167
10260,03/07/20 05:00:00 PM,16.12,47530.6,30.9319
10261,03/07/20 05:00:10 PM,16.11,47969.9,31.2519
10262,03/07/20 05:00:20 PM,16.11,48067.4,31.3230
10263,03/07/20 05:00:30 PM,16.08,48087.0,31.3374
10264,03/07/20 05:00:40 PM,16.09,48123.1,31.3637
10265,03/07/20 05:00:50 PM,16.11,48101.5,31.3479
10266,03/07/20 05:01:00 PM,16.11,48088.7,31.3386
10267,03/07/20 05:01:10 PM,16.13,48067.2,31.3229
10268,03/07/20 05:01:20 PM,16.14,48035.0,31.2994
10269,03/07/20 05:01:30 PM,16.14,48039.3,31.3026
10270,03/07/20 05:01:40 PM,16.24,48093.2,31.3419
10271,03/07/20 05:01:50 PM,16.25,48052.6,31.3123
10272,03/07/20 05:02:00 PM,16.30,48037.3,31.3011
10273,03/07/20 05:02:10 PM,16.31,48017.9,31.2870
10274,03/07/20 05:02:20 PM,16.55,47961.0,31.2454
10275,03/07/20 05:02:30 PM,16.58,48014.3,31.2844
10276,03/07/20 05:02:40 PM,16.80,47993.5,31.2692
10277,03/07/20 05:02:50 PM,16.77,47901.3,31.2019
10278,03/07/20 05:03:00 PM,16.95,47966.8,31.2497
10279,03/07/20 05:03:10 PM,17.06,47940.3,31.2304
10280,03/07/20 05:03:20 PM,17.04,47970.1,31.2521
10281,03/07/20 05:03:30 PM,17.23,47906.7,31.2059
10282,03/07/20 05:03:40 PM,17.40,47882.5,31.1882
10283,03/07/20 05:03:50 PM,17.47,47877.8,31.1848
10284,03/07/20 05:04:00 PM,17.49,47856.7,31.1695
10285,03/07/20 05:04:10 PM,17.49,47865.3,31.1757
10286,03/07/20 05:04:20 PM,17.48,47867.3,31.1771
10287,03/07/20 05:04:30 PM,17.48,47845.7,31.1614
10288,03/07/20 05:04:40 PM,17.47,47821.7,31.1439
10289,03/07/20 05:04:50 PM,17.48,47867.3,31.1771
10290,03/07/20 05:05:00 PM,17.48,47888.9,31.1929
10291,03/07/20 05:05:10 PM,17.48,47867.3,31.1771
10292,03/07/20 05:05:20 PM,17.48,47845.7,31.1614
10293,03/07/20 05:05:30 PM,17.48,47811.2,31.1363
10294,03/07/20 05:05:40 PM,17.48,47802.6,31.1300
10295,03/07/20 05:05:50 PM,17.49,47865.3,31.1757
10296,03/07/20 05:06:00 PM,17.47,47658.2,31.0248
10297,03/07/20 05:06:10 PM,17.32,0.0,0.0123
10298,03/07/20 05:06:20 PM,17.23,0.0,0.0123
10299,03/07/20 05:06:30 PM,17.10,0.0,0.0123
10300,03/07/20 05:06:40 PM,16.87,0.0,0.0123
10301,03/07/20 05:06:50 PM,16.74,0.0,0.0123
10302,03/07/20 05:07:00 PM,16.68,0.0,0.0123
10303,03/07/20 05:07:10 PM,16.67,0.0,0.0123
10304,03/07/20 05:07:20 PM,16.64,0.0,0.0123
10305,03/07/20 05:07:30 PM,16.46,0.0,0.0123
10306,03/07/20 05:07:40 PM,16.23,0.0,0.0123
10307,03/07/20 05:07:50 PM,16.33,0.0,0.0123
10308,03/07/20 05:08:00 PM,16.29,0.0,0.0123
10309,03/07/20 05:08:10 PM,16.34,0.0,0.0123
10310,03/07/20 05:08:20 PM,16.38,0.0,0.0123
10311,03/07/20 05:08:30 PM,16.38,0.0,0.0123
10312,03/07/20 05:08:40 PM,16.38,0.0,0.0123
10313,03/07/20 05:08:50 PM,16.36,0.0,0.0123
10314,03/07/20 05:09:00 PM,16.18,0.0,0.0123
10315,03/07/20 05:09:10 PM,16.18,0.0,0.0123
10316,03/07/20 05:09:20 PM,16.11,0.0,0.0123
10317,03/07/20 05:09:30 PM,15.96,0.0,0.0123
10318,03/07/20 05:09:40 PM,16.06,0.0,0.0123
10319,03/07/20 05:09:50 PM,16.07,0.0,0.0123
10320,03/07/20 05:10:00 PM,16.07,0.0,0.0123
10321,03/07/20 05:10:10 PM,15.98,0.0,0.0123
10322,03/07/20 05:10:20 PM,15.87,0.0,0.0123
10323,03/07/20 05:10:30 PM,15.80,0.0,0.0123
10324,03/07/20 05:10:40 PM,15.82,0.0,0.0123
10325,03/07/20 05:10:50 PM,15.80,0.0,0.0123
10326,03/07/20 05:11:00 PM,15.81,0.0,0.0123
10327,03/07/20 05:11:10 PM,15.78,0.0,0.0123
10328,03/07/20 05:11:20 PM,15.71,0.0,0.0123
10329,03/07/20 05:11:30 PM,15.64,0.0,0.0123
10330,03/07/20 05:11:40 PM,15.62,0.0,0.0123
10331,03/07/20 05:11:50 PM,15.63,0.0,0.0123
10332,03/07/20 05:12:00 PM,15.62,0.0,0.0123
10333,03/07/20 05:12:10 PM,15.60,0.0,0.0123
10334,03/07/20 05:12:20 PM,15.52,0.0,0.0123
10335,03/07/20 05:12:30 PM,15.46,0.0,0.0123
10336,03/07/20 05:12:40 PM,15.46,0.0,0.0123
10337,03/07/20 05:12:50 PM,15.37,0.0,0.0123
10338,03/07/20 05:13:00 PM,15.42,0.0,0.0123
10339,03/07/20 05:13:10 PM,15.42,0.0,0.0123
10340,03/07/20 05:13:20 PM,15.43,0.0,0.0123
10341,03/07/20 05:13:30 PM,15.42,0.0,0.0123
10342,03/07/20 05:13:40 PM,15.41,0.0,0.0123
10343,03/07/20 05:13:50 PM,15.35,0.0,0.0123
10344,03/07/20 05:14:00 PM,15.32,0.0,0.0123
10345,03/07/20 05:14:10 PM,15.32,0.0,0.0123
10346,03/07/20 05:14:20 PM,15.32,0.0,0.0123
10347,03/07/20 05:14:30 PM,15.29,0.0,0.0123
10348,03/07/20 05:14:40 PM,15.24,0.0,0.0123
10349,03/07/20 05:14:50 PM,15.19,0.0,0.0123
10350,03/07/20 05:15:00 PM,15.14,0.0,0.0123
10351,03/07/20 05:15:10 PM,15.11,0.0,0.0123
10352,03/07/20 05:15:20 PM,15.11,0.0,0.0123
10353,03/07/20 05:15:30 PM,15.08,0.0,0.0123
10354,03/07/20 05:15:40 PM,15.07,0.0,0.0123
10355,03/07/20 05:15:50 PM,15.02,0.0,0.0123
10356,03/07/20 05:16:00 PM,14.92,0.0,0.0123
10357,03/07/20 05:16:10 PM,14.93,0.0,0.0123
10358,03/07/20 05:16:20 PM,14.91,0.0,0.0123
10359,03/07/20 05:16:30 PM,14.93,0.0,0.0123
10360,03/07/20 05:16:40 PM,14.96,0.0,0.0123
10361,03/07/20 05:16:50 PM,14.94,0.0,0.0123
10362,03/07/20 05:17:00 PM,14.93,0.0,0.0123
10363,03/07/20 05:17:10 PM,14.94,0.0,0.0123
10364,03/07/20 05:17:20 PM,14.92,0.0,0.0123
10365,03/07/20 05:17:30 PM,14.83,0.0,0.0123
10366,03/07/20 05:17:40 PM,14.80,0.0,0.0123
10367,03/07/20 05:17:50 PM,14.82,0.0,0.0123
10368,03/07/20 05:18:00 PM,14.78,0.0,0.0123
10369,03/07/20 05:18:10 PM,14.77,0.0,0.0123
10370,03/07/20 05:18:20 PM,14.75,0.0,0.0123
10371,03/07/20 05:18:30 PM,16.74,2260.6,1.1567
10372,03/07/20 05:18:40 PM,17.37,1558.8,0.7832
10373,03/07/20 05:18:50 PM,17.24,1687.5,0.8510
10374,03/07/20 05:19:00 PM,16.67,310.9,0.1500
10375,03/07/20 05:19:10 PM,16.20,304.8,0.1471
10376,03/07/20 05:19:20 PM,15.91,302.5,0.1460
10377,03/07/20 05:19:30 PM,15.79,299.9,0.1447
10378,03/07/20 05:19:40 PM,15.70,298.3,0.1440
10379,03/07/20 05:19:50 PM,15.65,297.6,0.1436
10380,03/07/20 05:20:00 PM,15.62,297.1,0.1434
10381,03/07/20 05:20:10 PM,15.62,296.0,0.1429
10382,03/07/20 05:20:20 PM,15.56,295.4,0.1426
10383,03/07/20 05:20:30 PM,15.60,294.5,0.1422
10384,03/07/20 05:20:40 PM,15.47,294.3,0.1421
10385,03/07/20 05:20:50 PM,15.49,293.5,0.1417
10386,03/07/20 05:21:00 PM,15.52,292.8,0.1414
10387,03/07/20 05:21:10 PM,15.46,292.1,0.1410
10388,03/07/20 05:21:20 PM,15.32,286.3,0.1383
10389,03/07/20 05:21:30 PM,15.24,285.7,0.1380
10390,03/07/20 05:21:40 PM,15.24,285.1,0.1377
10391,03/07/20 05:21:50 PM,15.23,285.2,0.1377
10392,03/07/20 05:22:00 PM,15.20,284.9,0.1376
10393,03/07/20 05:22:10 PM,15.26,284.5,0.1374
10394,03/07/20 05:22:20 PM,15.31,283.5,0.1369
10395,03/07/20 05:22:30 PM,15.25,282.8,0.1366
10396,03/07/20 05:22:40 PM,15.29,282.5,0.1365
10397,03/07/20 05:22:50 PM,15.20,282.0,0.1362
10398,03/07/20 05:23:00 PM,15.15,282.3,0.1364
10399,03/07/20 05:23:10 PM,15.10,280.9,0.1357
10400,03/07/20 05:23:20 PM,15.09,281.0,0.1357
10401,03/07/20 05:23:30 PM,15.10,280.4,0.1355
10402,03/07/20 05:23:40 PM,15.13,280.2,0.1354
10403,03/07/20 05:23:50 PM,14.99,279.9,0.1352
10404,03/07/20 05:24:00 PM,14.82,281.1,0.1358
10405,03/07/20 05:24:10 PM,14.77,279.8,0.1352
10406,03/07/20 05:24:20 PM,14.76,278.7,0.1346
10407,03/07/20 05:24:30 PM,14.71,279.0,0.1348
10408,03/07/20 05:24:40 PM,14.61,278.6,0.1346
10409,03/07/20 05:24:50 PM,14.72,277.8,0.1342
10410,03/07/20 05:25:00 PM,14.70,277.3,0.1340
10411,03/07/20 05:25:10 PM,14.66,276.5,0.1336
10412,03/07/20 05:25:20 PM,14.66,276.5,0.1336
10413,03/07/20 05:25:30 PM,14.63,274.9,0.1328
10414,03/07/20 05:25:40 PM,14.58,274.7,0.1328
10415,03/07/20 05:25:50 PM,14.59,274.1,0.1324
10416,03/07/20 05:26:00 PM,14.50,273.5,0.1322
10417,03/07/20 05:26:10 PM,14.48,272.5,0.1317
10418,03/07/20 05:26:20 PM,14.53,272.2,0.1315
10419,03/07/20 05:26:30 PM,14.58,270.7,0.1308
10420,03/07/20 05:26:40 PM,14.49,269.5,0.1303
10421,03/07/20 05:26:50 PM,14.40,269.6,0.1303
10422,03/07/20 05:27:00 PM,14.36,268.1,0.1296
10423,03/07/20 05:27:10 PM,14.32,268.4,0.1297
10424,03/07/20 05:27:20 PM,14.37,266.3,0.1287
10425,03/07/20 05:27:30 PM,14.23,264.4,0.1278
10426,03/07/20 05:27:40 PM,14.25,264.8,0.1280
10427,03/07/20 05:27:50 PM,14.22,262.7,0.1270
10428,03/07/20 05:28:00 PM,14.18,261.8,0.1266
10429,03/07/20 05:28:10 PM,14.18,261.1,0.1263
10430,03/07/20 05:28:20 PM,14.16,260.1,0.1258
10431,03/07/20 05:28:30 PM,14.14,258.6,0.1251
10432,03/07/20 05:28:40 PM,14.11,260.4,0.1260
10433,03/07/20 05:28:50 PM,14.11,259.9,0.1257
10434,03/07/20 05:29:00 PM,14.10,260.0,0.1258
10435,03/07/20 05:29:10 PM,14.11,258.1,0.1249
10436,03/07/20 05:29:20 PM,14.01,258.8,0.1252
10437,03/07/20 05:29:30 PM,14.00,257.2,0.1244
10438,03/07/20 05:29:40 PM,14.00,256.5,0.1241
10439,03/07/20 05:29:50 PM,14.00,255.4,0.1236
10440,03/07/20 05:30:00 PM,14.00,254.2,0.1230
10441,03/07/20 05:30:10 PM,14.00,253.1,0.1225
10442,03/07/20 05:30:20 PM,14.12,308.6,0.1489
10443,03/07/20 05:30:30 PM,13.99,261.8,0.1266
10444,03/07/20 05:30:40 PM,15.62,0.0,0.0123
10445,03/07/20 05:30:50 PM,15.20,0.0,0.0123
10446,03/07/20 05:31:00 PM,15.08,0.0,0.0123
10447,03/07/20 05:31:10 PM,14.96,0.0,0.0123
10448,03/07/20 05:31:20 PM,14.81,0.0,0.0123
10449,03/07/20 05:31:30 PM,14.75,0.0,0.0123
10450,03/07/20 05:31:40 PM,14.67,0.0,0.0123
10451,03/07/20 05:31:50 PM,14.66,0.0,0.0123
10452,03/07/20 05:32:00 PM,14.50,0.0,0.0123
10453,03/07/20 05:32:10 PM,14.50,0.0,0.0123
10454,03/07/20 05:32:20 PM,14.40,0.0,0.0123
10455,03/07/20 05:32:30 PM,14.43,0.0,0.0123
10456,03/07/20 05:32:40 PM,14.32,0.0,0.0123
10457,03/07/20 05:32:50 PM,14.28,0.0,0.0123
10458,03/07/20 05:33:00 PM,14.23,0.0,0.0123
10459,03/07/20 05:33:10 PM,14.20,0.0,0.0123
10460,03/07/20 05:33:20 PM,14.16,0.0,0.0123
10461,03/07/20 05:33:30 PM,14.15,0.0,0.0123
10462,03/07/20 05:33:40 PM,14.14,0.0,0.0123
10463,03/07/20 05:33:50 PM,14.10,0.0,0.0123
10464,03/07/20 05:34:00 PM,14.06,0.0,0.0123
10465,03/07/20 05:34:10 PM,13.98,0.0,0.0123
10466,03/07/20 05:34:20 PM,13.90,0.0,0.0123
10467,03/07/20 05:34:30 PM,13.89,0.0,0.0123
10468,03/07/20 05:34:40 PM,13.89,0.0,0.0123
10469,03/07/20 05:34:50 PM,13.89,0.0,0.0123
10470,03/07/20 05:35:00 PM,13.89,0.0,0.0123
10471,03/07/20 05:35:10 PM,13.87,0.0,0.0123
10472,03/07/20 05:35:20 PM,13.85,0.0,0.0123
10473,03/07/20 05:35:30 PM,13.85,0.0,0.0123
10474,03/07/20 05:35:40 PM,13.83,0.0,0.0123
10475,03/07/20 05:35:50 PM,13.82,0.0,0.0123
10476,03/07/20 05:36:00 PM,13.81,0.0,0.0123
10477,03/07/20 05:36:10 PM,13.77,0.0,0.0123
10478,03/07/20 05:36:20 PM,13.76,0.0,0.0123
10479,03/07/20 05:36:30 PM,13.68,0.0,0.0123
10480,03/07/20 05:36:40 PM,13.72,0.0,0.0123
10481,03/07/20 05:36:50 PM,13.77,0.0,0.0123
10482,03/07/20 05:37:00 PM,13.84,0.0,0.0123
10483,03/07/20 05:37:10 PM,13.89,0.0,0.0123
10484,03/07/20 05:37:20 PM,13.92,0.0,0.0123
10485,03/07/20 05:37:30 PM,13.95,0.0,0.0123
10486,03/07/20 05:37:40 PM,13.98,0.0,0.0123
10487,03/07/20 05:37:50 PM,14.00,0.0,0.0123
10488,03/07/20 05:38:00 PM,14.03,0.0,0.0123
10489,03/07/20 05:38:10 PM,14.05,0.0,0.0123
10490,03/07/20 05:38:20 PM,14.07,0.0,0.0123
10491,03/07/20 05:38:30 PM,14.09,0.0,0.0123
10492,03/07/20 05:38:40 PM,14.11,0.0,0.0123
10493,03/07/20 05:38:50 PM,14.14,0.0,0.0123
10494,03/07/20 05:39:00 PM,14.15,0.0,0.0123
10495,03/07/20 05:39:10 PM,14.17,0.0,0.0123
10496,03/07/20 05:39:20 PM,14.18,0.0,0.0123
10497,03/07/20 05:39:30 PM,14.21,0.0,0.0123
10498,03/07/20 05:39:40 PM,14.22,0.0,0.0123
10499,03/07/20 05:39:50 PM,14.25,0.0,0.0123
10500,03/07/20 05:40:00 PM,14.27,0.0,0.0123
10501,03/07/20 05:40:10 PM,14.28,0.0,0.0123
10502,03/07/20 05:40:20 PM,14.29,0.0,0.0123
10503,03/07/20 05:40:30 PM,14.31,0.0,0.0123
10504,03/07/20 05:40:40 PM,14.33,0.0,0.0123
10505,03/07/20 05:40:50 PM,14.34,0.0,0.0123
10506,03/07/20 05:41:00 PM,14.37,0.0,0.0123
10507,03/07/20 05:41:10 PM,14.39,0.0,0.0123
10508,03/07/20 05:41:20 PM,14.40,0.0,0.0123
10509,03/07/20 05:41:30 PM,14.42,0.0,0.0123
10510,03/07/20 05:41:40 PM,14.43,0.0,0.0123
10511,03/07/20 05:41:50 PM,14.45,0.0,0.0123
10512,03/07/20 05:42:00 PM,14.47,0.0,0.0123
10513,03/07/20 05:42:10 PM,14.49,0.0,0.0123
10514,03/07/20 05:42:20 PM,14.50,0.0,0.0123
10515,03/07/20 05:42:30 PM,14.52,0.0,0.0123
10516,03/07/20 05:42:40 PM,14.54,0.0,0.0123
10517,03/07/20 05:42:50 PM,14.55,0.0,0.0123
10518,03/07/20 05:43:00 PM,14.58,0.0,0.0123
10519,03/07/20 05:43:10 PM,14.59,0.0,0.0123
10520,03/07/20 05:43:20 PM,14.61,0.0,0.0123
10521,03/07/20 05:43:30 PM,14.63,0.0,0.0123
10522,03/07/20 05:43:40 PM,14.64,0.0,0.0123
10523,03/07/20 05:43:50 PM,14.65,0.0,0.0123
10524,03/07/20 05:44:00 PM,14.66,0.0,0.0123
10525,03/07/20 05:44:10 PM,14.69,0.0,0.0123
10526,03/07/20 05:44:20 PM,14.70,0.0,0.0123
10527,03/07/20 05:44:30 PM,14.72,0.0,0.0123
10528,03/07/20 05:44:40 PM,14.75,0.0,0.0123
10529,03/07/20 05:44:50 PM,14.76,0.0,0.0123
10530,03/07/20 05:45:00 PM,14.77,0.0,0.0123
10531,03/07/20 05:45:10 PM,14.80,0.0,0.0123
10532,03/07/20 05:45:20 PM,14.81,0.0,0.0123
10533,03/07/20 05:45:30 PM,14.82,0.0,0.0123
10534,03/07/20 05:45:40 PM,14.83,0.0,0.0123
10535,03/07/20 05:45:50 PM,14.86,0.0,0.0123
10536,03/07/20 05:46:00 PM,14.87,0.0,0.0123
10537,03/07/20 05:46:10 PM,14.89,0.0,0.0123
10538,03/07/20 05:46:20 PM,14.91,0.0,0.0123
10539,03/07/20 05:46:30 PM,14.93,0.0,0.0123
10540,03/07/20 05:46:40 PM,14.94,0.0,0.0123
10541,03/07/20 05:46:50 PM,14.97,0.0,0.0123
10542,03/07/20 05:47:00 PM,14.98,0.0,0.0123
10543,03/07/20 05:47:10 PM,15.00,0.0,0.0123
10544,03/07/20 05:47:20 PM,15.02,0.0,0.0123
10545,03/07/20 05:47:30 PM,15.04,0.0,0.0123
10546,03/07/20 05:47:40 PM,15.05,0.0,0.0123
10547,03/07/20 05:47:50 PM,15.07,0.0,0.0123
10548,03/07/20 05:48:00 PM,15.08,0.0,0.0123
10549,03/07/20 05:48:10 PM,15.10,0.0,0.0123
10550,03/07/20 05:48:20 PM,15.11,0.0,0.0123
10551,03/07/20 05:48:30 PM,15.13,0.0,0.0123
10552,03/07/20 05:48:40 PM,15.15,0.0,0.0123
10553,03/07/20 05:48:50 PM,15.16,0.0,0.0123
10554,03/07/20 05:49:00 PM,15.18,0.0,0.0123
10555,03/07/20 05:49:10 PM,15.20,0.0,0.0123
10556,03/07/20 05:49:20 PM,15.21,0.0,0.0123
10557,03/07/20 05:49:30 PM,15.23,0.0,0.0123
10558,03/07/20 05:49:40 PM,15.24,0.0,0.0123
10559,03/07/20 05:49:50 PM,15.25,0.0,0.0123
10560,03/07/20 05:50:00 PM,15.27,0.0,0.0123
10561,03/07/20 05:50:10 PM,15.29,0.0,0.0123
10562,03/07/20 05:50:20 PM,15.30,0.0,0.0123
10563,03/07/20 05:50:30 PM,15.31,0.0,0.0123
10564,03/07/20 05:50:40 PM,15.32,0.0,0.0123
10565,03/07/20 05:50:50 PM,15.34,0.0,0.0123
10566,03/07/20 05:51:00 PM,15.36,0.0,0.0123
10567,03/07/20 05:51:10 PM,15.37,0.0,0.0123
10568,03/07/20 05:51:20 PM,15.37,0.0,0.0123
10569,03/07/20 05:51:30 PM,15.38,0.0,0.0123
10570,03/07/20 05:51:40 PM,15.41,0.0,0.0123
10571,03/07/20 05:51:50 PM,15.41,0.0,0.0123
10572,03/07/20 05:52:00 PM,15.42,0.0,0.0123
10573,03/07/20 05:52:10 PM,15.45,0.0,0.0123
10574,03/07/20 05:52:20 PM,15.46,0.0,0.0123
10575,03/07/20 05:52:30 PM,15.46,0.0,0.0123
10576,03/07/20 05:52:40 PM,15.48,0.0,0.0123
10577,03/07/20 05:52:50 PM,15.49,0.0,0.0123
10578,03/07/20 05:53:00 PM,15.51,0.0,0.0123
10579,03/07/20 05:53:10 PM,15.52,0.0,0.0123
10580,03/07/20 05:53:20 PM,15.53,0.0,0.0123
10581,03/07/20 05:53:30 PM,15.54,0.0,0.0123
10582,03/07/20 05:53:40 PM,15.56,0.0,0.0123
10583,03/07/20 05:53:50 PM,15.57,0.0,0.0123
10584,03/07/20 05:54:00 PM,15.58,0.0,0.0123
10585,03/07/20 05:54:10 PM,15.59,0.0,0.0123
10586,03/07/20 05:54:20 PM,15.60,0.0,0.0123
10587,03/07/20 05:54:30 PM,15.60,0.0,0.0123
10588,03/07/20 05:54:40 PM,15.63,0.0,0.0123
10589,03/07/20 05:54:50 PM,15.63,0.0,0.0123
10590,03/07/20 05:55:00 PM,15.64,0.0,0.0123
10591,03/07/20 05:55:10 PM,15.65,0.0,0.0123
10592,03/07/20 05:55:20 PM,15.67,0.0,0.0123
10593,03/07/20 05:55:30 PM,15.67,0.0,0.0123
10594,03/07/20 05:55:40 PM,15.68,0.0,0.0123
10595,03/07/20 05:55:50 PM,15.69,0.0,0.0123
10596,03/07/20 05:56:00 PM,15.69,0.0,0.0123
10597,03/07/20 05:56:10 PM,15.70,0.0,0.0123
10598,03/07/20 05:56:20 PM,15.71,0.0,0.0123
10599,03/07/20 05:56:30 PM,15.71,0.0,0.0123
10600,03/07/20 05:56:40 PM,15.73,0.0,0.0123
10601,03/07/20 05:56:50 PM,15.73,0.0,0.0123
10602,03/07/20 05:57:00 PM,15.74,0.0,0.0123
10603,03/07/20 05:57:10 PM,15.75,0.0,0.0123
10604,03/07/20 05:57:20 PM,15.76,0.0,0.0123
10605,03/07/20 05:57:30 PM,15.76,0.0,0.0123
10606,03/07/20 05:57:40 PM,15.78,0.0,0.0123
10607,03/07/20 05:57:50 PM,15.79,0.0,0.0123
10608,03/07/20 05:58:00 PM,15.80,0.0,0.0123
10609,03/07/20 05:58:10 PM,15.80,0.0,0.0123
10610,03/07/20 05:58:20 PM,15.81,0.0,0.0123
10611,03/07/20 05:58:30 PM,15.81,0.0,0.0123
10612,03/07/20 05:58:40 PM,15.82,0.0,0.0123
10613,03/07/20 05:58:50 PM,15.84,0.0,0.0123
10614,03/07/20 05:59:00 PM,15.85,0.0,0.0123
10615,03/07/20 05:59:10 PM,15.86,0.0,0.0123
10616,03/07/20 05:59:20 PM,15.86,0.0,0.0123
10617,03/07/20 05:59:30 PM,15.87,0.0,0.0123
10618,03/07/20 05:59:40 PM,15.89,0.0,0.0123
10619,03/07/20 05:59:50 PM,15.89,0.0,0.0123
10620,03/07/20 06:00:00 PM,15.90,0.0,0.0123
10621,03/07/20 06:00:10 PM,15.91,0.0,0.0123
10622,03/07/20 06:00:20 PM,15.92,0.0,0.0123
10623,03/07/20 06:00:30 PM,15.92,0.0,0.0123
10624,03/07/20 06:00:40 PM,15.94,0.0,0.0123
10625,03/07/20 06:00:50 PM,15.95,0.0,0.0123
10626,03/07/20 06:01:00 PM,15.95,0.0,0.0123
10627,03/07/20 06:01:10 PM,15.96,0.0,0.0123
10628,03/07/20 06:01:20 PM,15.97,0.0,0.0123
10629,03/07/20 06:01:30 PM,15.97,0.0,0.0123
10630,03/07/20 06:01:40 PM,16.00,0.0,0.0123
10631,03/07/20 06:01:50 PM,16.00,0.0,0.0123
10632,03/07/20 06:02:00 PM,16.02,0.0,0.0123
10633,03/07/20 06:02:10 PM,16.02,0.0,0.0123
10634,03/07/20 06:02:20 PM,16.02,0.0,0.0123
10635,03/07/20 06:02:30 PM,16.03,0.0,0.0123
10636,03/07/20 06:02:40 PM,16.05,0.0,0.0123
10637,03/07/20 06:02:50 PM,16.06,0.0,0.0123
10638,03/07/20 06:03:00 PM,16.06,0.0,0.0123
10639,03/07/20 06:03:10 PM,16.07,0.0,0.0123
10640,03/07/20 06:03:20 PM,16.09,0.0,0.0123
10641,03/07/20 06:03:30 PM,16.09,0.0,0.0123
10642,03/07/20 06:03:40 PM,16.11,0.0,0.0123
10643,03/07/20 06:03:50 PM,16.12,0.0,0.0123
10644,03/07/20 06:04:00 PM,16.12,0.0,0.0123
10645,03/07/20 06:04:10 PM,16.13,0.0,0.0123
10646,03/07/20 06:04:20 PM,16.13,0.0,0.0123
10647,03/07/20 06:04:30 PM,16.14,0.0,0.0123
10648,03/07/20 06:04:40 PM,16.14,0.0,0.0123
10649,03/07/20 06:04:50 PM,16.16,0.0,0.0123
10650,03/07/20 06:05:00 PM,16.16,0.0,0.0123
10651,03/07/20 06:05:10 PM,16.17,0.0,0.0123
10652,03/07/20 06:05:20 PM,16.17,0.0,0.0123
10653,03/07/20 06:05:30 PM,16.18,0.0,0.0123
10654,03/07/20 06:05:40 PM,16.18,0.0,0.0123
10655,03/07/20 06:05:50 PM,16.19,0.0,0.0123
10656,03/07/20 06:06:00 PM,16.19,0.0,0.0123
10657,03/07/20 06:06:10 PM,16.20,0.0,0.0123
10658,03/07/20 06:06:20 PM,16.20,0.0,0.0123
10659,03/07/20 06:06:30 PM,16.22,0.0,0.0123
10660,03/07/20 06:06:40 PM,16.23,0.0,0.0123
10661,03/07/20 06:06:50 PM,16.23,0.0,0.0123
10662,03/07/20 06:07:00 PM,16.23,0.0,0.0123
10663,03/07/20 06:07:10 PM,16.23,0.0,0.0123
10664,03/07/20 06:07:20 PM,16.24,0.0,0.0123
10665,03/07/20 06:07:30 PM,16.24,0.0,0.0123
10666,03/07/20 06:07:40 PM,16.25,0.0,0.0123
10667,03/07/20 06:07:50 PM,16.25,0.0,0.0123
10668,03/07/20 06:08:00 PM,16.27,0.0,0.0123
10669,03/07/20 06:08:10 PM,16.27,0.0,0.0123
10670,03/07/20 06:08:20 PM,16.28,0.0,0.0123
10671,03/07/20 06:08:30 PM,16.28,0.0,0.0123
10672,03/07/20 06:08:40 PM,16.29,0.0,0.0123
10673,03/07/20 06:08:50 PM,16.29,0.0,0.0123
10674,03/07/20 06:09:00 PM,16.29,0.0,0.0123
10675,03/07/20 06:09:10 PM,16.30,0.0,0.0123
10676,03/07/20 06:09:20 PM,16.30,0.0,0.0123
10677,03/07/20 06:09:30 PM,16.30,0.0,0.0123
10678,03/07/20 06:09:40 PM,16.30,0.0,0.0123
10679,03/07/20 06:09:50 PM,16.31,0.0,0.0123
10680,03/07/20 06:10:00 PM,16.31,0.0,0.0123
10681,03/07/20 06:10:10 PM,16.31,0.0,0.0123
10682,03/07/20 06:10:20 PM,16.34,0.0,0.0123
10683,03/07/20 06:10:30 PM,16.34,0.0,0.0123
10684,03/07/20 06:10:40 PM,16.34,0.0,0.0123
10685,03/07/20 06:10:50 PM,16.34,0.0,0.0123
10686,03/07/20 06:11:00 PM,16.35,0.0,0.0123
10687,03/07/20 06:11:10 PM,16.35,0.0,0.0123
10688,03/07/20 06:11:20 PM,16.35,0.0,0.0123
10689,03/07/20 06:11:30 PM,16.35,0.0,0.0123
10690,03/07/20 06:11:40 PM,16.36,0.0,0.0123
10691,03/07/20 06:11:50 PM,16.36,0.0,0.0123
10692,03/07/20 06:12:00 PM,16.36,0.0,0.0123
10693,03/07/20 06:12:10 PM,16.38,0.0,0.0123
10694,03/07/20 06:12:20 PM,16.39,0.0,0.0123
10695,03/07/20 06:12:30 PM,16.38,0.0,0.0123
10696,03/07/20 06:12:40 PM,16.39,0.0,0.0123
10697,03/07/20 06:12:50 PM,16.39,0.0,0.0123
10698,03/07/20 06:13:00 PM,16.40,0.0,0.0123
10699,03/07/20 06:13:10 PM,16.39,0.0,0.0123
10700,03/07/20 06:13:20 PM,16.40,0.0,0.0123
10701,03/07/20 06:13:30 PM,16.41,0.0,0.0123
10702,03/07/20 06:13:40 PM,16.42,0.0,0.0123
10703,03/07/20 06:13:50 PM,16.42,0.0,0.0123
10704,03/07/20 06:14:00 PM,16.42,0.0,0.0123
10705,03/07/20 06:14:10 PM,16.42,0.0,0.0123
10706,03/07/20 06:14:20 PM,16.44,0.0,0.0123
10707,03/07/20 06:14:30 PM,16.44,0.0,0.0123
10708,03/07/20 06:14:40 PM,16.44,0.0,0.0123
10709,03/07/20 06:14:50 PM,16.45,0.0,0.0123
10710,03/07/20 06:15:00 PM,16.45,0.0,0.0123
10711,03/07/20 06:15:10 PM,16.46,0.0,0.0123
10712,03/07/20 06:15:20 PM,16.46,0.0,0.0123
10713,03/07/20 06:15:30 PM,16.46,0.0,0.0123
10714,03/07/20 06:15:40 PM,16.47,0.0,0.0123
10715,03/07/20 06:15:50 PM,16.47,0.0,0.0123
10716,03/07/20 06:16:00 PM,16.47,0.0,0.0123
10717,03/07/20 06:16:10 PM,16.49,0.0,0.0123
10718,03/07/20 06:16:20 PM,16.47,0.0,0.0123
10719,03/07/20 06:16:30 PM,16.49,0.0,0.0123
10720,03/07/20 06:16:40 PM,16.49,0.0,0.0123
10721,03/07/20 06:16:50 PM,16.49,0.0,0.0123
10722,03/07/20 06:17:00 PM,16.50,0.0,0.0123
10723,03/07/20 06:17:10 PM,16.51,0.0,0.0123
10724,03/07/20 06:17:20 PM,16.50,0.0,0.0123
10725,03/07/20 06:17:30 PM,16.51,0.0,0.0123
10726,03/07/20 06:17:40 PM,16.52,0.0,0.0123
10727,03/07/20 06:17:50 PM,16.52,0.0,0.0123
10728,03/07/20 06:18:00 PM,16.53,0.0,0.0123
10729,03/07/20 06:18:10 PM,16.53,0.0,0.0123
10730,03/07/20 06:18:20 PM,16.55,0.0,0.0123
10731,03/07/20 06:18:30 PM,16.55,0.0,0.0123
10732,03/07/20 06:18:40 PM,16.56,0.0,0.0123
10733,03/07/20 06:18:50 PM,16.56,0.0,0.0123
10734,03/07/20 06:19:00 PM,16.57,0.0,0.0123
10735,03/07/20 06:19:10 PM,16.58,0.0,0.0123
10736,03/07/20 06:19:20 PM,16.57,0.0,0.0123
10737,03/07/20 06:19:30 PM,16.57,0.0,0.0123
10738,03/07/20 06:19:40 PM,16.58,0.0,0.0123
10739,03/07/20 06:19:50 PM,16.58,0.0,0.0123
10740,03/07/20 06:20:00 PM,16.60,0.0,0.0123
10741,03/07/20 06:20:10 PM,16.61,0.0,0.0123
10742,03/07/20 06:20:20 PM,16.61,0.0,0.0123
10743,03/07/20 06:20:30 PM,16.62,0.0,0.0123
10744,03/07/20 06:20:40 PM,16.62,0.0,0.0123
10745,03/07/20 06:20:50 PM,16.63,0.0,0.0123
10746,03/07/20 06:21:00 PM,16.63,0.0,0.0123
10747,03/07/20 06:21:10 PM,16.64,0.0,0.0123
10748,03/07/20 06:21:20 PM,16.64,0.0,0.0123
10749,03/07/20 06:21:30 PM,16.66,0.0,0.0123
10750,03/07/20 06:21:40 PM,16.67,0.0,0.0123
10751,03/07/20 06:21:50 PM,16.68,0.0,0.0123
10752,03/07/20 06:22:00 PM,16.68,0.0,0.0123
10753,03/07/20 06:22:10 PM,16.68,0.0,0.0123
10754,03/07/20 06:22:20 PM,16.69,0.0,0.0123
10755,03/07/20 06:22:30 PM,16.71,0.0,0.0123
10756,03/07/20 06:22:40 PM,16.72,0.0,0.0123
10757,03/07/20 06:22:50 PM,16.74,0.0,0.0123
10758,03/07/20 06:23:00 PM,16.74,0.0,0.0123
10759,03/07/20 06:23:10 PM,16.74,0.0,0.0123
10760,03/07/20 06:23:20 PM,16.76,0.0,0.0123
10761,03/07/20 06:23:30 PM,16.78,0.0,0.0123
10762,03/07/20 06:23:40 PM,16.78,0.0,0.0123
10763,03/07/20 06:23:50 PM,16.79,0.0,0.0123
10764,03/07/20 06:24:00 PM,16.79,0.0,0.0123
10765,03/07/20 06:24:10 PM,16.80,0.0,0.0123
10766,03/07/20 06:24:20 PM,16.82,0.0,0.0123
10767,03/07/20 06:24:30 PM,16.82,0.0,0.0123
10768,03/07/20 06:24:40 PM,16.83,0.0,0.0123
10769,03/07/20 06:24:50 PM,16.83,0.0,0.0123
10770,03/07/20 06:25:00 PM,16.84,0.0,0.0123
10771,03/07/20 06:25:10 PM,16.84,0.0,0.0123
10772,03/07/20 06:25:20 PM,16.90,0.0,0.0123
10773,03/07/20 06:25:30 PM,16.85,0.0,0.0123
10774,03/07/20 06:25:40 PM,16.87,0.0,0.0123
10775,03/07/20 06:25:50 PM,16.88,0.0,0.0123
10776,03/07/20 06:26:00 PM,16.94,0.0,0.0123
10777,03/07/20 06:26:10 PM,16.98,0.0,0.0123
10778,03/07/20 06:26:20 PM,17.00,0.0,0.0123
10779,03/07/20 06:26:30 PM,17.02,0.0,0.0123
10780,03/07/20 06:26:40 PM,17.04,0.0,0.0123
10781,03/07/20 06:26:50 PM,17.05,0.0,0.0123
10782,03/07/20 06:27:00 PM,17.05,0.0,0.0123
10783,03/07/20 06:27:10 PM,17.09,0.0,0.0123
10784,03/07/20 06:27:20 PM,17.11,0.0,0.0123
10785,03/07/20 06:27:30 PM,17.12,0.0,0.0123
10786,03/07/20 06:27:40 PM,17.13,0.0,0.0123
10787,03/07/20 06:27:50 PM,17.15,0.0,0.0123
10788,03/07/20 06:28:00 PM,17.16,0.0,0.0123
10789,03/07/20 06:28:10 PM,17.20,0.0,0.0123
10790,03/07/20 06:28:20 PM,17.21,0.0,0.0123
10791,03/07/20 06:28:30 PM,17.21,0.0,0.0123
10792,03/07/20 06:28:40 PM,17.23,0.0,0.0123
10793,03/07/20 06:28:50 PM,17.26,0.0,0.0123
10794,03/07/20 06:29:00 PM,17.27,0.0,0.0123
10795,03/07/20 06:29:10 PM,17.27,0.0,0.0123
10796,03/07/20 06:29:20 PM,17.32,0.0,0.0123
10797,03/07/20 06:29:30 PM,17.32,0.0,0.0123
10798,03/07/20 06:29:40 PM,17.32,0.0,0.0123
10799,03/07/20 06:29:50 PM,17.33,0.0,0.0123
10800,03/07/20 06:30:00 PM,17.34,0.0,0.0123
10801,03/07/20 06:30:10 PM,17.43,0.0,0.0123
10802,03/07/20 06:30:20 PM,17.42,0.0,0.0123
10803,03/07/20 06:30:30 PM,17.44,0.0,0.0123
10804,03/07/20 06:30:40 PM,17.45,0.0,0.0123
10805,03/07/20 06:30:50 PM,17.44,0.0,0.0123
10806,03/07/20 06:31:00 PM,17.61,0.0,0.0123
10807,03/07/20 06:31:10 PM,18.71,0.0,0.0123
10808,03/07/20 06:31:20 PM,18.43,0.0,0.0123
10809,03/07/20 06:31:30 PM,18.30,0.0,0.0123
10810,03/07/20 06:31:40 PM,18.22,0.0,0.0123
10811,03/07/20 06:31:50 PM,18.13,0.0,0.0123
10812,03/07/20 06:32:00 PM,18.08,0.0,0.0123
10813,03/07/20 06:32:10 PM,18.04,0.0,0.0123
10814,03/07/20 06:32:20 PM,18.03,0.0,0.0123
10815,03/07/20 06:32:30 PM,18.03,0.0,0.0123
10816,03/07/20 06:32:40 PM,18.02,0.0,0.0123
10817,03/07/20 06:32:50 PM,18.02,0.0,0.0123
10818,03/07/20 06:33:00 PM,18.03,0.0,0.0123
10819,03/07/20 06:33:10 PM,18.03,0.0,0.0123
10820,03/07/20 06:33:20 PM,18.02,0.0,0.0123
10821,03/07/20 06:33:30 PM,18.03,0.0,0.0123
10822,03/07/20 06:33:40 PM,18.02,0.0,0.0123
10823,03/07/20 06:33:50 PM,18.02,0.0,0.0123
10824,03/07/20 06:34:00 PM,18.02,0.0,0.0123
10825,03/07/20 06:34:10 PM,18.00,0.0,0.0123
10826,03/07/20 06:34:20 PM,18.00,0.0,0.0123
10827,03/07/20 06:34:30 PM,17.99,0.0,0.0123
10828,03/07/20 06:34:40 PM,17.99,0.0,0.0123
10829,03/07/20 06:34:50 PM,17.99,0.0,0.0123
10830,03/07/20 06:35:00 PM,17.99,0.0,0.0123
10831,03/07/20 06:35:10 PM,17.99,0.0,0.0123
10832,03/07/20 06:35:20 PM,17.98,0.0,0.0123
10833,03/07/20 06:35:30 PM,17.98,0.0,0.0123
10834,03/07/20 06:35:40 PM,17.98,0.0,0.0123
10835,03/07/20 06:35:50 PM,17.97,0.0,0.0123
10836,03/07/20 06:36:00 PM,17.97,0.0,0.0123
10837,03/07/20 06:36:10 PM,17.97,0.0,0.0123
10838,03/07/20 06:36:20 PM,17.97,0.0,0.0123
10839,03/07/20 06:36:30 PM,17.95,0.0,0.0123
10840,03/07/20 06:36:40 PM,17.95,0.0,0.0123
10841,03/07/20 06:36:50 PM,17.95,0.0,0.0123
10842,03/07/20 06:37:00 PM,17.94,0.0,0.0123
10843,03/07/20 06:37:10 PM,17.94,0.0,0.0123
10844,03/07/20 06:37:20 PM,17.93,0.0,0.0123
10845,03/07/20 06:37:30 PM,17.94,0.0,0.0123
10846,03/07/20 06:37:40 PM,17.92,0.0,0.0123
10847,03/07/20 06:37:50 PM,17.92,0.0,0.0123
10848,03/07/20 06:38:00 PM,17.92,0.0,0.0123
10849,03/07/20 06:38:10 PM,17.92,0.0,0.0123
10850,03/07/20 06:38:20 PM,17.92,0.0,0.0123
10851,03/07/20 06:38:30 PM,17.91,0.0,0.0123
10852,03/07/20 06:38:40 PM,17.91,0.0,0.0123
10853,03/07/20 06:38:50 PM,17.89,0.0,0.0123
10854,03/07/20 06:39:00 PM,17.89,0.0,0.0123
10855,03/07/20 06:39:10 PM,17.89,0.0,0.0123
10856,03/07/20 06:39:20 PM,17.89,0.0,0.0123
10857,03/07/20 06:39:30 PM,17.88,0.0,0.0123
10858,03/07/20 06:39:40 PM,17.87,0.0,0.0123
10859,03/07/20 06:39:50 PM,17.87,0.0,0.0123
10860,03/07/20 06:40:00 PM,17.87,0.0,0.0123
10861,03/07/20 06:40:10 PM,17.86,0.0,0.0123
10862,03/07/20 06:40:20 PM,17.87,0.0,0.0123
10863,03/07/20 06:40:30 PM,17.86,0.0,0.0123
10864,03/07/20 06:40:40 PM,17.86,0.0,0.0123
10865,03/07/20 06:40:50 PM,17.86,0.0,0.0123
10866,03/07/20 06:41:00 PM,17.86,0.0,0.0123
10867,03/07/20 06:41:10 PM,17.86,0.0,0.0123
10868,03/07/20 06:41:20 PM,17.86,0.0,0.0123
10869,03/07/20 06:41:30 PM,17.84,0.0,0.0123
10870,03/07/20 06:41:40 PM,17.84,0.0,0.0123
10871,03/07/20 06:41:50 PM,17.84,0.0,0.0123
10872,03/07/20 06:42:00 PM,17.83,0.0,0.0123
10873,03/07/20 06:42:10 PM,17.83,0.0,0.0123
10874,03/07/20 06:42:20 PM,17.82,0.0,0.0123
10875,03/07/20 06:42:30 PM,17.82,0.0,0.0123
10876,03/07/20 06:42:40 PM,17.82,0.0,0.0123
10877,03/07/20 06:42:50 PM,17.82,0.0,0.0123
10878,03/07/20 06:43:00 PM,17.82,0.0,0.0123
10879,03/07/20 06:43:10 PM,17.82,0.0,0.0123
10880,03/07/20 06:43:20 PM,17.82,0.0,0.0123
10881,03/07/20 06:43:30 PM,17.82,0.0,0.0123
10882,03/07/20 06:43:40 PM,17.82,0.0,0.0123
10883,03/07/20 06:43:50 PM,17.81,0.0,0.0123
10884,03/07/20 06:44:00 PM,17.82,0.0,0.0123
10885,03/07/20 06:44:10 PM,17.82,0.0,0.0123
10886,03/07/20 06:44:20 PM,17.81,0.0,0.0123
10887,03/07/20 06:44:30 PM,17.81,0.0,0.0123
10888,03/07/20 06:44:40 PM,17.81,0.0,0.0123
10889,03/07/20 06:44:50 PM,17.82,0.0,0.0123
10890,03/07/20 06:45:00 PM,17.81,0.0,0.0123
10891,03/07/20 06:45:10 PM,17.81,0.0,0.0123
10892,03/07/20 06:45:20 PM,17.81,0.0,0.0123
10893,03/07/20 06:45:30 PM,17.81,0.0,0.0123
10894,03/07/20 06:45:40 PM,17.80,0.0,0.0123
10895,03/07/20 06:45:50 PM,17.78,0.0,0.0123
10896,03/07/20 06:46:00 PM,17.78,0.0,0.0123
10897,03/07/20 06:46:10 PM,17.77,0.0,0.0123
10898,03/07/20 06:46:20 PM,17.77,0.0,0.0123
10899,03/07/20 06:46:30 PM,17.77,0.0,0.0123
10900,03/07/20 06:46:40 PM,17.77,0.0,0.0123
10901,03/07/20 06:46:50 PM,17.78,0.0,0.0123
10902,03/07/20 06:47:00 PM,17.78,0.0,0.0123
10903,03/07/20 06:47:10 PM,17.77,0.0,0.0123
10904,03/07/20 06:47:20 PM,17.78,0.0,0.0123
10905,03/07/20 06:47:30 PM,17.77,0.0,0.0123
10906,03/07/20 06:47:40 PM,17.77,0.0,0.0123
10907,03/07/20 06:47:50 PM,17.78,0.0,0.0123
10908,03/07/20 06:48:00 PM,17.77,0.0,0.0123
10909,03/07/20 06:48:10 PM,17.78,0.0,0.0123
10910,03/07/20 06:48:20 PM,17.77,0.0,0.0123
10911,03/07/20 06:48:30 PM,17.77,0.0,0.0123
10912,03/07/20 06:48:40 PM,17.76,0.0,0.0123
10913,03/07/20 06:48:50 PM,17.77,0.0,0.0123
10914,03/07/20 06:49:00 PM,17.77,0.0,0.0123
10915,03/07/20 06:49:10 PM,17.77,0.0,0.0123
10916,03/07/20 06:49:20 PM,17.77,0.0,0.0123
10917,03/07/20 06:49:30 PM,17.76,0.0,0.0123
10918,03/07/20 06:49:40 PM,17.77,0.0,0.0123
10919,03/07/20 06:49:50 PM,17.76,0.0,0.0123
10920,03/07/20 06:50:00 PM,17.77,0.0,0.0123
10921,03/07/20 06:50:10 PM,17.76,0.0,0.0123
10922,03/07/20 06:50:20 PM,17.77,0.0,0.0123
10923,03/07/20 06:50:30 PM,17.77,0.0,0.0123
10924,03/07/20 06:50:40 PM,17.77,0.0,0.0123
10925,03/07/20 06:50:50 PM,17.77,0.0,0.0123
10926,03/07/20 06:51:00 PM,17.78,0.0,0.0123
10927,03/07/20 06:51:10 PM,17.77,0.0,0.0123
10928,03/07/20 06:51:20 PM,17.78,0.0,0.0123
10929,03/07/20 06:51:30 PM,17.78,0.0,0.0123
10930,03/07/20 06:51:40 PM,17.77,0.0,0.0123
10931,03/07/20 06:51:50 PM,17.77,0.0,0.0123
10932,03/07/20 06:52:00 PM,17.78,0.0,0.0123
10933,03/07/20 06:52:10 PM,17.78,0.0,0.0123
10934,03/07/20 06:52:20 PM,17.78,0.0,0.0123
10935,03/07/20 06:52:30 PM,17.78,0.0,0.0123
10936,03/07/20 06:52:40 PM,17.78,0.0,0.0123
10937,03/07/20 06:52:50 PM,17.78,0.0,0.0123
10938,03/07/20 06:53:00 PM,17.78,0.0,0.0123
10939,03/07/20 06:53:10 PM,17.78,0.0,0.0123
10940,03/07/20 06:53:20 PM,17.78,0.0,0.0123
10941,03/07/20 06:53:30 PM,17.78,0.0,0.0123
10942,03/07/20 06:53:40 PM,17.78,0.0,0.0123
10943,03/07/20 06:53:50 PM,17.78,0.0,0.0123
10944,03/07/20 06:54:00 PM,17.77,0.0,0.0123
10945,03/07/20 06:54:10 PM,17.78,0.0,0.0123
10946,03/07/20 06:54:20 PM,17.78,0.0,0.0123
10947,03/07/20 06:54:30 PM,17.80,0.0,0.0123
10948,03/07/20 06:54:40 PM,17.78,0.0,0.0123
10949,03/07/20 06:54:50 PM,17.80,0.0,0.0123
10950,03/07/20 06:55:00 PM,17.80,0.0,0.0123
10951,03/07/20 06:55:10 PM,17.80,0.0,0.0123
10952,03/07/20 06:55:20 PM,17.80,0.0,0.0123
10953,03/07/20 06:55:30 PM,17.80,0.0,0.0123
10954,03/07/20 06:55:40 PM,17.78,0.0,0.0123
10955,03/07/20 06:55:50 PM,17.78,0.0,0.0123
10956,03/07/20 06:56:00 PM,17.78,0.0,0.0123
10957,03/07/20 06:56:10 PM,17.78,0.0,0.0123
10958,03/07/20 06:56:20 PM,17.77,0.0,0.0123
10959,03/07/20 06:56:30 PM,17.78,0.0,0.0123
10960,03/07/20 06:56:40 PM,17.78,0.0,0.0123
10961,03/07/20 06:56:50 PM,17.78,0.0,0.0123
10962,03/07/20 06:57:00 PM,17.78,0.0,0.0123
10963,03/07/20 06:57:10 PM,17.80,0.0,0.0123
10964,03/07/20 06:57:20 PM,17.78,0.0,0.0123
10965,03/07/20 06:57:30 PM,17.80,0.0,0.0123
10966,03/07/20 06:57:40 PM,17.77,0.0,0.0123
10967,03/07/20 06:57:50 PM,17.77,0.0,0.0123
10968,03/07/20 06:58:00 PM,17.77,0.0,0.0123
10969,03/07/20 06:58:10 PM,17.77,0.0,0.0123
10970,03/07/20 06:58:20 PM,17.77,0.0,0.0123
10971,03/07/20 06:58:30 PM,17.77,0.0,0.0123
10972,03/07/20 06:58:40 PM,17.77,0.0,0.0123
10973,03/07/20 06:58:50 PM,17.78,0.0,0.0123
10974,03/07/20 06:59:00 PM,17.77,0.0,0.0123
10975,03/07/20 06:59:10 PM,17.77,0.0,0.0123
10976,03/07/20 06:59:20 PM,17.78,0.0,0.0123
10977,03/07/20 06:59:30 PM,17.78,0.0,0.0123
10978,03/07/20 06:59:40 PM,17.78,0.0,0.0123
10979,03/07/20 06:59:50 PM,17.78,0.0,0.0123
10980,03/07/20 07:00:00 PM,17.78,0.0,0.0123
10981,03/07/20 07:00:10 PM,17.78,0.0,0.0123
10982,03/07/20 07:00:20 PM,17.78,0.0,0.0123
10983,03/07/20 07:00:30 PM,17.78,0.0,0.0123
10984,03/07/20 07:00:40 PM,17.78,0.0,0.0123
10985,03/07/20 07:00:50 PM,17.78,0.0,0.0123
10986,03/07/20 07:01:00 PM,17.80,0.0,0.0123
10987,03/07/20 07:01:10 PM,17.78,0.0,0.0123
10988,03/07/20 07:01:20 PM,17.80,0.0,0.0123
10989,03/07/20 07:01:30 PM,17.80,0.0,0.0123
10990,03/07/20 07:01:40 PM,17.80,0.0,0.0123
10991,03/07/20 07:01:50 PM,17.81,0.0,0.0123
10992,03/07/20 07:02:00 PM,17.81,0.0,0.0123
10993,03/07/20 07:02:10 PM,17.80,0.0,0.0123
10994,03/07/20 07:02:20 PM,17.80,0.0,0.0123
10995,03/07/20 07:02:30 PM,17.80,0.0,0.0123
10996,03/07/20 07:02:40 PM,17.81,0.0,0.0123
10997,03/07/20 07:02:50 PM,17.81,0.0,0.0123
10998,03/07/20 07:03:00 PM,17.82,0.0,0.0123
10999,03/07/20 07:03:10 PM,17.81,0.0,0.0123
11000,03/07/20 07:03:20 PM,17.81,0.0,0.0123
11001,03/07/20 07:03:30 PM,17.81,0.0,0.0123
11002,03/07/20 07:03:40 PM,17.81,0.0,0.0123
11003,03/07/20 07:03:50 PM,17.81,0.0,0.0123
11004,03/07/20 07:04:00 PM,17.81,0.0,0.0123
11005,03/07/20 07:04:10 PM,17.82,0.0,0.0123
11006,03/07/20 07:04:20 PM,17.81,0.0,0.0123
11007,03/07/20 07:04:30 PM,17.82,0.0,0.0123
11008,03/07/20 07:04:40 PM,17.82,0.0,0.0123
11009,03/07/20 07:04:50 PM,17.81,0.0,0.0123
11010,03/07/20 07:05:00 PM,17.81,0.0,0.0123
11011,03/07/20 07:05:10 PM,17.81,0.0,0.0123
11012,03/07/20 07:05:20 PM,17.81,0.0,0.0123
11013,03/07/20 07:05:30 PM,17.81,0.0,0.0123
11014,03/07/20 07:05:40 PM,17.81,0.0,0.0123
11015,03/07/20 07:05:50 PM,17.81,0.0,0.0123
11016,03/07/20 07:06:00 PM,17.82,0.0,0.0123
11017,03/07/20 07:06:10 PM,17.82,0.0,0.0123
11018,03/07/20 07:06:20 PM,17.82,0.0,0.0123
11019,03/07/20 07:06:30 PM,17.83,0.0,0.0123
11020,03/07/20 07:06:40 PM,17.83,0.0,0.0123
11021,03/07/20 07:06:50 PM,17.82,0.0,0.0123
11022,03/07/20 07:07:00 PM,17.83,0.0,0.0123
11023,03/07/20 07:07:10 PM,17.83,0.0,0.0123
11024,03/07/20 07:07:20 PM,17.84,0.0,0.0123
11025,03/07/20 07:07:30 PM,17.84,0.0,0.0123
11026,03/07/20 07:07:40 PM,17.83,0.0,0.0123
11027,03/07/20 07:07:50 PM,17.84,0.0,0.0123
11028,03/07/20 07:08:00 PM,17.83,0.0,0.0123
11029,03/07/20 07:08:10 PM,17.84,0.0,0.0123
11030,03/07/20 07:08:20 PM,17.83,0.0,0.0123
11031,03/07/20 07:08:30 PM,17.83,0.0,0.0123
11032,03/07/20 07:08:40 PM,17.84,0.0,0.0123
11033,03/07/20 07:08:50 PM,17.83,0.0,0.0123
11034,03/07/20 07:09:00 PM,17.83,0.0,0.0123
11035,03/07/20 07:09:10 PM,17.83,0.0,0.0123
11036,03/07/20 07:09:20 PM,17.82,0.0,0.0123
11037,03/07/20 07:09:30 PM,17.83,0.0,0.0123
11038,03/07/20 07:09:40 PM,17.83,0.0,0.0123
11039,03/07/20 07:09:50 PM,17.84,0.0,0.0123
11040,03/07/20 07:10:00 PM,17.84,0.0,0.0123
11041,03/07/20 07:10:10 PM,17.84,0.0,0.0123
11042,03/07/20 07:10:20 PM,17.84,0.0,0.0123
11043,03/07/20 07:10:30 PM,17.84,0.0,0.0123
11044,03/07/20 07:10:40 PM,17.84,0.0,0.0123
11045,03/07/20 07:10:50 PM,17.86,0.0,0.0123
11046,03/07/20 07:11:00 PM,17.84,0.0,0.0123
11047,03/07/20 07:11:10 PM,17.84,0.0,0.0123
11048,03/07/20 07:11:20 PM,17.84,0.0,0.0123
11049,03/07/20 07:11:30 PM,17.84,0.0,0.0123
11050,03/07/20 07:11:40 PM,17.84,0.0,0.0123
11051,03/07/20 07:11:50 PM,17.84,0.0,0.0123
11052,03/07/20 07:12:00 PM,17.86,0.0,0.0123
11053,03/07/20 07:12:10 PM,17.84,0.0,0.0123
11054,03/07/20 07:12:20 PM,17.84,0.0,0.0123
11055,03/07/20 07:12:30 PM,17.84,0.0,0.0123
11056,03/07/20 07:12:40 PM,17.84,0.0,0.0123
11057,03/07/20 07:12:50 PM,17.86,0.0,0.0123
11058,03/07/20 07:13:00 PM,17.84,0.0,0.0123
11059,03/07/20 07:13:10 PM,17.86,0.0,0.0123
11060,03/07/20 07:13:20 PM,17.86,0.0,0.0123
11061,03/07/20 07:13:30 PM,17.86,0.0,0.0123
11062,03/07/20 07:13:40 PM,17.86,0.0,0.0123
11063,03/07/20 07:13:50 PM,17.87,0.0,0.0123
11064,03/07/20 07:14:00 PM,17.87,0.0,0.0123
11065,03/07/20 07:14:10 PM,17.87,0.0,0.0123
11066,03/07/20 07:14:20 PM,17.87,0.0,0.0123
11067,03/07/20 07:14:30 PM,17.87,0.0,0.0123
11068,03/07/20 07:14:40 PM,17.87,0.0,0.0123
11069,03/07/20 07:14:50 PM,17.88,0.0,0.0123
11070,03/07/20 07:15:00 PM,17.88,0.0,0.0123
11071,03/07/20 07:15:10 PM,17.87,0.0,0.0123
11072,03/07/20 07:15:20 PM,17.87,0.0,0.0123
11073,03/07/20 07:15:30 PM,17.88,0.0,0.0123
11074,03/07/20 07:15:40 PM,17.88,0.0,0.0123
11075,03/07/20 07:15:50 PM,17.87,0.0,0.0123
11076,03/07/20 07:16:00 PM,17.88,0.0,0.0123
11077,03/07/20 07:16:10 PM,17.88,0.0,0.0123
11078,03/07/20 07:16:20 PM,17.88,0.0,0.0123
11079,03/07/20 07:16:30 PM,17.88,0.0,0.0123
11080,03/07/20 07:16:40 PM,17.88,0.0,0.0123
11081,03/07/20 07:16:50 PM,17.88,0.0,0.0123
11082,03/07/20 07:17:00 PM,17.88,0.0,0.0123
11083,03/07/20 07:17:10 PM,17.88,0.0,0.0123
11084,03/07/20 07:17:20 PM,17.89,0.0,0.0123
11085,03/07/20 07:17:30 PM,17.88,0.0,0.0123
11086,03/07/20 07:17:40 PM,17.88,0.0,0.0123
11087,03/07/20 07:17:50 PM,17.88,0.0,0.0123
11088,03/07/20 07:18:00 PM,17.88,0.0,0.0123
11089,03/07/20 07:18:10 PM,17.88,0.0,0.0123
11090,03/07/20 07:18:20 PM,17.88,0.0,0.0123
11091,03/07/20 07:18:30 PM,17.89,0.0,0.0123
11092,03/07/20 07:18:40 PM,17.89,0.0,0.0123
11093,03/07/20 07:18:50 PM,17.91,0.0,0.0123
11094,03/07/20 07:19:00 PM,17.91,0.0,0.0123
11095,03/07/20 07:19:10 PM,17.91,0.0,0.0123
11096,03/07/20 07:19:20 PM,17.91,0.0,0.0123
11097,03/07/20 07:19:30 PM,17.91,0.0,0.0123
11098,03/07/20 07:19:40 PM,17.91,0.0,0.0123
11099,03/07/20 07:19:50 PM,17.91,0.0,0.0123
11100,03/07/20 07:20:00 PM,17.91,0.0,0.0123
11101,03/07/20 07:20:10 PM,17.91,0.0,0.0123
11102,03/07/20 07:20:20 PM,17.91,0.0,0.0123
11103,03/07/20 07:20:30 PM,17.91,0.0,0.0123
11104,03/07/20 07:20:40 PM,17.91,0.0,0.0123
11105,03/07/20 07:20:50 PM,17.91,0.0,0.0123
11106,03/07/20 07:21:00 PM,17.91,0.0,0.0123
11107,03/07/20 07:21:10 PM,17.91,0.0,0.0123
11108,03/07/20 07:21:20 PM,17.89,0.0,0.0123
11109,03/07/20 07:21:30 PM,17.91,0.0,0.0123
11110,03/07/20 07:21:40 PM,17.91,0.0,0.0123
11111,03/07/20 07:21:50 PM,17.91,0.0,0.0123
11112,03/07/20 07:22:00 PM,17.89,0.0,0.0123
11113,03/07/20 07:22:10 PM,17.89,0.0,0.0123
11114,03/07/20 07:22:20 PM,17.89,0.0,0.0123
11115,03/07/20 07:22:30 PM,17.89,0.0,0.0123
11116,03/07/20 07:22:40 PM,17.89,0.0,0.0123
11117,03/07/20 07:22:50 PM,17.89,0.0,0.0123
11118,03/07/20 07:23:00 PM,17.89,0.0,0.0123
11119,03/07/20 07:23:10 PM,17.89,0.0,0.0123
11120,03/07/20 07:23:20 PM,17.88,0.0,0.0123
11121,03/07/20 07:23:30 PM,17.89,0.0,0.0123
11122,03/07/20 07:23:40 PM,17.89,0.0,0.0123
11123,03/07/20 07:23:50 PM,17.89,0.0,0.0123
11124,03/07/20 07:24:00 PM,17.91,0.0,0.0123
11125,03/07/20 07:24:10 PM,17.91,0.0,0.0123
11126,03/07/20 07:24:20 PM,17.89,0.0,0.0123
11127,03/07/20 07:24:30 PM,17.89,0.0,0.0123
11128,03/07/20 07:24:40 PM,17.89,0.0,0.0123
11129,03/07/20 07:24:50 PM,17.89,0.0,0.0123
11130,03/07/20 07:25:00 PM,17.89,0.0,0.0123
11131,03/07/20 07:25:10 PM,17.89,0.0,0.0123
11132,03/07/20 07:25:20 PM,17.89,0.0,0.0123
11133,03/07/20 07:25:30 PM,17.89,0.0,0.0123
11134,03/07/20 07:25:40 PM,17.89,0.0,0.0123
11135,03/07/20 07:25:50 PM,17.91,0.0,0.0123
11136,03/07/20 07:26:00 PM,17.89,0.0,0.0123
11137,03/07/20 07:26:10 PM,17.89,0.0,0.0123
11138,03/07/20 07:26:20 PM,17.89,0.0,0.0123
11139,03/07/20 07:26:30 PM,17.88,0.0,0.0123
11140,03/07/20 07:26:40 PM,17.89,0.0,0.0123
11141,03/07/20 07:26:50 PM,17.88,0.0,0.0123
11142,03/07/20 07:27:00 PM,17.89,0.0,0.0123
11143,03/07/20 07:27:10 PM,17.88,0.0,0.0123
11144,03/07/20 07:27:20 PM,17.89,0.0,0.0123
11145,03/07/20 07:27:30 PM,17.89,0.0,0.0123
11146,03/07/20 07:27:40 PM,17.89,0.0,0.0123
11147,03/07/20 07:27:50 PM,17.88,0.0,0.0123
11148,03/07/20 07:28:00 PM,17.89,0.0,0.0123
11149,03/07/20 07:28:10 PM,17.89,0.0,0.0123
11150,03/07/20 07:28:20 PM,17.89,0.0,0.0123
11151,03/07/20 07:28:30 PM,17.89,0.0,0.0123
11152,03/07/20 07:28:40 PM,17.89,0.0,0.0123
11153,03/07/20 07:28:50 PM,17.89,0.0,0.0123
11154,03/07/20 07:29:00 PM,17.89,0.0,0.0123
11155,03/07/20 07:29:10 PM,17.88,0.0,0.0123
11156,03/07/20 07:29:20 PM,17.89,0.0,0.0123
11157,03/07/20 07:29:30 PM,17.88,0.0,0.0123
11158,03/07/20 07:29:40 PM,17.88,0.0,0.0123
11159,03/07/20 07:29:50 PM,17.88,0.0,0.0123
11160,03/07/20 07:30:00 PM,17.88,0.0,0.0123
11161,03/07/20 07:30:10 PM,17.88,0.0,0.0123
11162,03/07/20 07:30:20 PM,17.88,0.0,0.0123
11163,03/07/20 07:30:30 PM,17.88,0.0,0.0123
11164,03/07/20 07:30:40 PM,17.87,0.0,0.0123
11165,03/07/20 07:30:50 PM,17.87,0.0,0.0123
11166,03/07/20 07:31:00 PM,17.88,0.0,0.0123
11167,03/07/20 07:31:10 PM,17.87,0.0,0.0123
11168,03/07/20 07:31:20 PM,17.87,0.0,0.0123
11169,03/07/20 07:31:30 PM,17.86,0.0,0.0123
11170,03/07/20 07:31:40 PM,17.87,0.0,0.0123
11171,03/07/20 07:31:50 PM,17.86,0.0,0.0123
11172,03/07/20 07:32:00 PM,17.87,0.0,0.0123
11173,03/07/20 07:32:10 PM,17.86,0.0,0.0123
11174,03/07/20 07:32:20 PM,17.87,0.0,0.0123
11175,03/07/20 07:32:30 PM,17.87,0.0,0.0123
11176,03/07/20 07:32:40 PM,17.87,0.0,0.0123
11177,03/07/20 07:32:50 PM,17.87,0.0,0.0123
11178,03/07/20 07:33:00 PM,17.86,0.0,0.0123
11179,03/07/20 07:33:10 PM,17.86,0.0,0.0123
11180,03/07/20 07:33:20 PM,17.86,0.0,0.0123
11181,03/07/20 07:33:30 PM,17.86,0.0,0.0123
11182,03/07/20 07:33:40 PM,17.86,0.0,0.0123
11183,03/07/20 07:33:50 PM,17.86,0.0,0.0123
11184,03/07/20 07:34:00 PM,17.86,0.0,0.0123
11185,03/07/20 07:34:10 PM,17.86,0.0,0.0123
11186,03/07/20 07:34:20 PM,17.86,0.0,0.0123
11187,03/07/20 07:34:30 PM,17.86,0.0,0.0123
11188,03/07/20 07:34:40 PM,17.86,0.0,0.0123
11189,03/07/20 07:34:50 PM,17.84,0.0,0.0123
11190,03/07/20 07:35:00 PM,17.84,0.0,0.0123
11191,03/07/20 07:35:10 PM,17.84,0.0,0.0123
11192,03/07/20 07:35:20 PM,17.84,0.0,0.0123
11193,03/07/20 07:35:30 PM,17.84,0.0,0.0123
11194,03/07/20 07:35:40 PM,17.84,0.0,0.0123
11195,03/07/20 07:35:50 PM,17.84,0.0,0.0123
11196,03/07/20 07:36:00 PM,17.84,0.0,0.0123
11197,03/07/20 07:36:10 PM,17.86,0.0,0.0123
11198,03/07/20 07:36:20 PM,17.86,0.0,0.0123
11199,03/07/20 07:36:30 PM,17.86,0.0,0.0123
11200,03/07/20 07:36:40 PM,17.86,0.0,0.0123
11201,03/07/20 07:36:50 PM,17.84,0.0,0.0123
11202,03/07/20 07:37:00 PM,17.86,0.0,0.0123
11203,03/07/20 07:37:10 PM,17.86,0.0,0.0123
11204,03/07/20 07:37:20 PM,17.86,0.0,0.0123
11205,03/07/20 07:37:30 PM,17.86,0.0,0.0123
11206,03/07/20 07:37:40 PM,17.84,0.0,0.0123
11207,03/07/20 07:37:50 PM,17.84,0.0,0.0123
11208,03/07/20 07:38:00 PM,17.84,0.0,0.0123
11209,03/07/20 07:38:10 PM,17.84,0.0,0.0123
11210,03/07/20 07:38:20 PM,17.84,0.0,0.0123
11211,03/07/20 07:38:30 PM,17.84,0.0,0.0123
11212,03/07/20 07:38:40 PM,17.84,0.0,0.0123
11213,03/07/20 07:38:50 PM,17.83,0.0,0.0123
11214,03/07/20 07:39:00 PM,17.83,0.0,0.0123
11215,03/07/20 07:39:10 PM,17.83,0.0,0.0123
11216,03/07/20 07:39:20 PM,17.82,0.0,0.0123
11217,03/07/20 07:39:30 PM,17.83,0.0,0.0123
11218,03/07/20 07:39:40 PM,17.83,0.0,0.0123
11219,03/07/20 07:39:50 PM,17.82,0.0,0.0123
11220,03/07/20 07:40:00 PM,17.83,0.0,0.0123
11221,03/07/20 07:40:10 PM,17.83,0.0,0.0123
11222,03/07/20 07:40:20 PM,17.83,0.0,0.0123
11223,03/07/20 07:40:30 PM,17.83,0.0,0.0123
11224,03/07/20 07:40:40 PM,17.83,0.0,0.0123
11225,03/07/20 07:40:50 PM,17.84,0.0,0.0123
11226,03/07/20 07:41:00 PM,17.83,0.0,0.0123
11227,03/07/20 07:41:10 PM,17.84,0.0,0.0123
11228,03/07/20 07:41:20 PM,17.83,0.0,0.0123
11229,03/07/20 07:41:30 PM,17.83,0.0,0.0123
11230,03/07/20 07:41:40 PM,17.83,0.0,0.0123
11231,03/07/20 07:41:50 PM,17.83,0.0,0.0123
11232,03/07/20 07:42:00 PM,17.83,0.0,0.0123
11233,03/07/20 07:42:10 PM,17.83,0.0,0.0123
11234,03/07/20 07:42:20 PM,17.83,0.0,0.0123
11235,03/07/20 07:42:30 PM,17.84,0.0,0.0123
11236,03/07/20 07:42:40 PM,17.84,0.0,0.0123
11237,03/07/20 07:42:50 PM,17.84,0.0,0.0123
11238,03/07/20 07:43:00 PM,17.86,0.0,0.0123
11239,03/07/20 07:43:10 PM,17.86,0.0,0.0123
11240,03/07/20 07:43:20 PM,17.86,0.0,0.0123
11241,03/07/20 07:43:30 PM,17.84,0.0,0.0123
11242,03/07/20 07:43:40 PM,17.84,0.0,0.0123
11243,03/07/20 07:43:50 PM,17.86,0.0,0.0123
11244,03/07/20 07:44:00 PM,17.84,0.0,0.0123
11245,03/07/20 07:44:10 PM,17.84,0.0,0.0123
11246,03/07/20 07:44:20 PM,17.84,0.0,0.0123
11247,03/07/20 07:44:30 PM,17.86,0.0,0.0123
11248,03/07/20 07:44:40 PM,17.86,0.0,0.0123
11249,03/07/20 07:44:50 PM,17.86,0.0,0.0123
11250,03/07/20 07:45:00 PM,17.87,0.0,0.0123
11251,03/07/20 07:45:10 PM,17.87,0.0,0.0123
11252,03/07/20 07:45:20 PM,17.86,0.0,0.0123
11253,03/07/20 07:45:30 PM,17.86,0.0,0.0123
11254,03/07/20 07:45:40 PM,17.86,0.0,0.0123
11255,03/07/20 07:45:50 PM,17.86,0.0,0.0123
11256,03/07/20 07:46:00 PM,17.86,0.0,0.0123
11257,03/07/20 07:46:10 PM,17.84,0.0,0.0123
11258,03/07/20 07:46:20 PM,17.84,0.0,0.0123
11259,03/07/20 07:46:30 PM,17.84,0.0,0.0123
11260,03/07/20 07:46:40 PM,17.84,0.0,0.0123
11261,03/07/20 07:46:50 PM,17.86,0.0,0.0123
11262,03/07/20 07:47:00 PM,17.84,0.0,0.0123
11263,03/07/20 07:47:10 PM,17.86,0.0,0.0123
11264,03/07/20 07:47:20 PM,17.86,0.0,0.0123
11265,03/07/20 07:47:30 PM,17.86,0.0,0.0123
11266,03/07/20 07:47:40 PM,17.86,0.0,0.0123
11267,03/07/20 07:47:50 PM,17.87,0.0,0.0123
11268,03/07/20 07:48:00 PM,17.87,0.0,0.0123
11269,03/07/20 07:48:10 PM,17.86,0.0,0.0123
11270,03/07/20 07:48:20 PM,17.87,0.0,0.0123
11271,03/07/20 07:48:30 PM,17.87,0.0,0.0123
11272,03/07/20 07:48:40 PM,17.87,0.0,0.0123
11273,03/07/20 07:48:50 PM,17.88,0.0,0.0123
11274,03/07/20 07:49:00 PM,17.88,0.0,0.0123
11275,03/07/20 07:49:10 PM,17.88,0.0,0.0123
11276,03/07/20 07:49:20 PM,17.88,0.0,0.0123
11277,03/07/20 07:49:30 PM,17.88,0.0,0.0123
11278,03/07/20 07:49:40 PM,17.89,0.0,0.0123
11279,03/07/20 07:49:50 PM,17.91,0.0,0.0123
11280,03/07/20 07:50:00 PM,17.89,0.0,0.0123
11281,03/07/20 07:50:10 PM,17.91,0.0,0.0123
11282,03/07/20 07:50:20 PM,17.91,0.0,0.0123
11283,03/07/20 07:50:30 PM,17.91,0.0,0.0123
11284,03/07/20 07:50:40 PM,17.92,0.0,0.0123
11285,03/07/20 07:50:50 PM,17.92,0.0,0.0123
11286,03/07/20 07:51:00 PM,17.92,0.0,0.0123
11287,03/07/20 07:51:10 PM,17.92,0.0,0.0123
11288,03/07/20 07:51:20 PM,17.93,0.0,0.0123
11289,03/07/20 07:51:30 PM,17.93,0.0,0.0123
11290,03/07/20 07:51:40 PM,17.93,0.0,0.0123
11291,03/07/20 07:51:50 PM,17.93,0.0,0.0123
11292,03/07/20 07:52:00 PM,17.93,0.0,0.0123
11293,03/07/20 07:52:10 PM,17.93,0.0,0.0123
11294,03/07/20 07:52:20 PM,17.94,0.0,0.0123
11295,03/07/20 07:52:30 PM,17.94,0.0,0.0123
11296,03/07/20 07:52:40 PM,17.94,0.0,0.0123
11297,03/07/20 07:52:50 PM,17.95,0.0,0.0123
11298,03/07/20 07:53:00 PM,17.95,0.0,0.0123
11299,03/07/20 07:53:10 PM,17.95,0.0,0.0123
11300,03/07/20 07:53:20 PM,17.95,0.0,0.0123
11301,03/07/20 07:53:30 PM,17.95,0.0,0.0123
11302,03/07/20 07:53:40 PM,17.97,0.0,0.0123
11303,03/07/20 07:53:50 PM,17.97,0.0,0.0123
11304,03/07/20 07:54:00 PM,17.97,0.0,0.0123
11305,03/07/20 07:54:10 PM,17.97,0.0,0.0123
11306,03/07/20 07:54:20 PM,17.98,0.0,0.0123
11307,03/07/20 07:54:30 PM,17.98,0.0,0.0123
11308,03/07/20 07:54:40 PM,17.98,0.0,0.0123
11309,03/07/20 07:54:50 PM,17.99,0.0,0.0123
11310,03/07/20 07:55:00 PM,17.99,0.0,0.0123
11311,03/07/20 07:55:10 PM,17.99,0.0,0.0123
11312,03/07/20 07:55:20 PM,17.99,0.0,0.0123
11313,03/07/20 07:55:30 PM,17.99,0.0,0.0123
11314,03/07/20 07:55:40 PM,17.99,0.0,0.0123
11315,03/07/20 07:55:50 PM,18.00,0.0,0.0123
11316,03/07/20 07:56:00 PM,18.00,0.0,0.0123
11317,03/07/20 07:56:10 PM,18.02,0.0,0.0123
11318,03/07/20 07:56:20 PM,18.02,0.0,0.0123
11319,03/07/20 07:56:30 PM,18.02,0.0,0.0123
11320,03/07/20 07:56:40 PM,18.02,0.0,0.0123
11321,03/07/20 07:56:50 PM,18.03,0.0,0.0123
11322,03/07/20 07:57:00 PM,18.03,0.0,0.0123
11323,03/07/20 07:57:10 PM,18.03,0.0,0.0123
11324,03/07/20 07:57:20 PM,18.04,0.0,0.0123
11325,03/07/20 07:57:30 PM,18.04,0.0,0.0123
11326,03/07/20 07:57:40 PM,18.04,0.0,0.0123
11327,03/07/20 07:57:50 PM,18.05,0.0,0.0123
11328,03/07/20 07:58:00 PM,18.05,0.0,0.0123
11329,03/07/20 07:58:10 PM,18.05,0.0,0.0123
11330,03/07/20 07:58:20 PM,18.05,0.0,0.0123
11331,03/07/20 07:58:30 PM,18.06,0.0,0.0123
11332,03/07/20 07:58:40 PM,18.06,0.0,0.0123
11333,03/07/20 07:58:50 PM,18.08,0.0,0.0123
11334,03/07/20 07:59:00 PM,18.06,0.0,0.0123
11335,03/07/20 07:59:10 PM,18.08,0.0,0.0123
11336,03/07/20 07:59:20 PM,18.08,0.0,0.0123
11337,03/07/20 07:59:30 PM,18.09,0.0,0.0123
11338,03/07/20 07:59:40 PM,18.09,0.0,0.0123
11339,03/07/20 07:59:50 PM,18.09,0.0,0.0123
11340,03/07/20 08:00:00 PM,18.10,0.0,0.0123
11341,03/07/20 08:00:10 PM,18.10,0.0,0.0123
11342,03/07/20 08:00:20 PM,18.10,0.0,0.0123
11343,03/07/20 08:00:30 PM,18.10,0.0,0.0123
11344,03/07/20 08:00:40 PM,18.10,0.0,0.0123
11345,03/07/20 08:00:50 PM,18.11,0.0,0.0123
11346,03/07/20 08:01:00 PM,18.11,0.0,0.0123
11347,03/07/20 08:01:10 PM,18.11,0.0,0.0123
11348,03/07/20 08:01:20 PM,18.11,0.0,0.0123
11349,03/07/20 08:01:30 PM,18.11,0.0,0.0123
11350,03/07/20 08:01:40 PM,18.13,0.0,0.0123
11351,03/07/20 08:01:50 PM,18.13,0.0,0.0123
11352,03/07/20 08:02:00 PM,18.13,0.0,0.0123
11353,03/07/20 08:02:10 PM,18.14,0.0,0.0123
11354,03/07/20 08:02:20 PM,18.14,0.0,0.0123
11355,03/07/20 08:02:30 PM,18.15,0.0,0.0123
11356,03/07/20 08:02:40 PM,18.15,0.0,0.0123
11357,03/07/20 08:02:50 PM,18.15,0.0,0.0123
11358,03/07/20 08:03:00 PM,18.15,0.0,0.0123
11359,03/07/20 08:03:10 PM,18.16,0.0,0.0123
11360,03/07/20 08:03:20 PM,18.16,0.0,0.0123
11361,03/07/20 08:03:30 PM,18.16,0.0,0.0123
11362,03/07/20 08:03:40 PM,18.16,0.0,0.0123
11363,03/07/20 08:03:50 PM,18.18,0.0,0.0123
11364,03/07/20 08:04:00 PM,18.18,0.0,0.0123
11365,03/07/20 08:04:10 PM,18.18,0.0,0.0123
11366,03/07/20 08:04:20 PM,18.18,0.0,0.0123
11367,03/07/20 08:04:30 PM,18.19,0.0,0.0123
11368,03/07/20 08:04:40 PM,18.19,0.0,0.0123
11369,03/07/20 08:04:50 PM,18.20,0.0,0.0123
11370,03/07/20 08:05:00 PM,18.20,0.0,0.0123
11371,03/07/20 08:05:10 PM,18.20,0.0,0.0123
11372,03/07/20 08:05:20 PM,18.20,0.0,0.0123
11373,03/07/20 08:05:30 PM,18.20,0.0,0.0123
11374,03/07/20 08:05:40 PM,18.20,0.0,0.0123
11375,03/07/20 08:05:50 PM,18.21,0.0,0.0123
11376,03/07/20 08:06:00 PM,18.22,0.0,0.0123
11377,03/07/20 08:06:10 PM,18.22,0.0,0.0123
11378,03/07/20 08:06:20 PM,18.22,0.0,0.0123
11379,03/07/20 08:06:30 PM,18.22,0.0,0.0123
11380,03/07/20 08:06:40 PM,18.22,0.0,0.0123
11381,03/07/20 08:06:50 PM,18.22,0.0,0.0123
11382,03/07/20 08:07:00 PM,18.24,0.0,0.0123
11383,03/07/20 08:07:10 PM,18.24,0.0,0.0123
11384,03/07/20 08:07:20 PM,18.25,0.0,0.0123
11385,03/07/20 08:07:30 PM,18.25,0.0,0.0123
11386,03/07/20 08:07:40 PM,18.26,0.0,0.0123
11387,03/07/20 08:07:50 PM,18.26,0.0,0.0123
11388,03/07/20 08:08:00 PM,18.26,0.0,0.0123
11389,03/07/20 08:08:10 PM,18.26,0.0,0.0123
11390,03/07/20 08:08:20 PM,18.26,0.0,0.0123
11391,03/07/20 08:08:30 PM,18.27,0.0,0.0123
11392,03/07/20 08:08:40 PM,18.27,0.0,0.0123
11393,03/07/20 08:08:50 PM,18.27,0.0,0.0123
11394,03/07/20 08:09:00 PM,18.27,0.0,0.0123
11395,03/07/20 08:09:10 PM,18.29,0.0,0.0123
11396,03/07/20 08:09:20 PM,18.29,0.0,0.0123
11397,03/07/20 08:09:30 PM,18.29,0.0,0.0123
11398,03/07/20 08:09:40 PM,18.29,0.0,0.0123
11399,03/07/20 08:09:50 PM,18.30,0.0,0.0123
11400,03/07/20 08:10:00 PM,18.30,0.0,0.0123
11401,03/07/20 08:10:10 PM,18.31,0.0,0.0123
11402,03/07/20 08:10:20 PM,18.31,0.0,0.0123
11403,03/07/20 08:10:30 PM,18.30,0.0,0.0123
11404,03/07/20 08:10:40 PM,18.31,0.0,0.0123
11405,03/07/20 08:10:50 PM,18.31,0.0,0.0123
11406,03/07/20 08:11:00 PM,18.32,0.0,0.0123
11407,03/07/20 08:11:10 PM,18.32,0.0,0.0123
11408,03/07/20 08:11:20 PM,18.32,0.0,0.0123
11409,03/07/20 08:11:30 PM,18.32,0.0,0.0123
11410,03/07/20 08:11:40 PM,18.33,0.0,0.0123
11411,03/07/20 08:11:50 PM,18.33,0.0,0.0123
11412,03/07/20 08:12:00 PM,18.33,0.0,0.0123
11413,03/07/20 08:12:10 PM,18.35,0.0,0.0123
11414,03/07/20 08:12:20 PM,18.35,0.0,0.0123
11415,03/07/20 08:12:30 PM,18.35,0.0,0.0123
11416,03/07/20 08:12:40 PM,18.35,0.0,0.0123
11417,03/07/20 08:12:50 PM,18.36,0.0,0.0123
11418,03/07/20 08:13:00 PM,18.36,0.0,0.0123
11419,03/07/20 08:13:10 PM,18.36,0.0,0.0123
11420,03/07/20 08:13:20 PM,18.36,0.0,0.0123
11421,03/07/20 08:13:30 PM,18.37,0.0,0.0123
11422,03/07/20 08:13:40 PM,18.37,0.0,0.0123
11423,03/07/20 08:13:50 PM,18.37,0.0,0.0123
11424,03/07/20 08:14:00 PM,18.37,0.0,0.0123
11425,03/07/20 08:14:10 PM,18.38,0.0,0.0123
11426,03/07/20 08:14:20 PM,18.38,0.0,0.0123
11427,03/07/20 08:14:30 PM,18.38,0.0,0.0123
11428,03/07/20 08:14:40 PM,18.40,0.0,0.0123
11429,03/07/20 08:14:50 PM,18.40,0.0,0.0123
11430,03/07/20 08:15:00 PM,18.40,0.0,0.0123
11431,03/07/20 08:15:10 PM,18.40,0.0,0.0123
11432,03/07/20 08:15:20 PM,18.40,0.0,0.0123
11433,03/07/20 08:15:30 PM,18.40,0.0,0.0123
11434,03/07/20 08:15:40 PM,18.41,0.0,0.0123
11435,03/07/20 08:15:50 PM,18.41,0.0,0.0123
11436,03/07/20 08:16:00 PM,18.41,0.0,0.0123
11437,03/07/20 08:16:10 PM,18.41,0.0,0.0123
11438,03/07/20 08:16:20 PM,18.41,0.0,0.0123
11439,03/07/20 08:16:30 PM,18.42,0.0,0.0123
11440,03/07/20 08:16:40 PM,18.42,0.0,0.0123
11441,03/07/20 08:16:50 PM,18.42,0.0,0.0123
11442,03/07/20 08:17:00 PM,18.42,0.0,0.0123
11443,03/07/20 08:17:10 PM,18.43,0.0,0.0123
11444,03/07/20 08:17:20 PM,18.43,0.0,0.0123
11445,03/07/20 08:17:30 PM,18.43,0.0,0.0123
11446,03/07/20 08:17:40 PM,18.43,0.0,0.0123
11447,03/07/20 08:17:50 PM,18.44,0.0,0.0123
11448,03/07/20 08:18:00 PM,18.44,0.0,0.0123
11449,03/07/20 08:18:10 PM,18.44,0.0,0.0123
11450,03/07/20 08:18:20 PM,18.44,0.0,0.0123
11451,03/07/20 08:18:30 PM,18.46,0.0,0.0123
11452,03/07/20 08:18:40 PM,18.46,0.0,0.0123
11453,03/07/20 08:18:50 PM,18.46,0.0,0.0123
11454,03/07/20 08:19:00 PM,18.46,0.0,0.0123
11455,03/07/20 08:19:10 PM,18.47,0.0,0.0123
11456,03/07/20 08:19:20 PM,18.47,0.0,0.0123
11457,03/07/20 08:19:30 PM,18.47,0.0,0.0123
11458,03/07/20 08:19:40 PM,18.48,0.0,0.0123
11459,03/07/20 08:19:50 PM,18.48,0.0,0.0123
11460,03/07/20 08:20:00 PM,18.48,0.0,0.0123
11461,03/07/20 08:20:10 PM,18.48,0.0,0.0123
11462,03/07/20 08:20:20 PM,18.49,0.0,0.0123
11463,03/07/20 08:20:30 PM,18.48,0.0,0.0123
11464,03/07/20 08:20:40 PM,18.49,0.0,0.0123
11465,03/07/20 08:20:50 PM,18.49,0.0,0.0123
11466,03/07/20 08:21:00 PM,18.49,0.0,0.0123
11467,03/07/20 08:21:10 PM,18.51,0.0,0.0123
11468,03/07/20 08:21:20 PM,18.51,0.0,0.0123
11469,03/07/20 08:21:30 PM,18.51,0.0,0.0123
11470,03/07/20 08:21:40 PM,18.52,0.0,0.0123
11471,03/07/20 08:21:50 PM,18.52,0.0,0.0123
11472,03/07/20 08:22:00 PM,18.52,0.0,0.0123
11473,03/07/20 08:22:10 PM,18.52,0.0,0.0123
11474,03/07/20 08:22:20 PM,18.53,0.0,0.0123
11475,03/07/20 08:22:30 PM,18.53,0.0,0.0123
11476,03/07/20 08:22:40 PM,18.53,0.0,0.0123
11477,03/07/20 08:22:50 PM,18.53,0.0,0.0123
11478,03/07/20 08:23:00 PM,18.53,0.0,0.0123
11479,03/07/20 08:23:10 PM,18.53,0.0,0.0123
11480,03/07/20 08:23:20 PM,18.54,0.0,0.0123
11481,03/07/20 08:23:30 PM,18.54,0.0,0.0123
11482,03/07/20 08:23:40 PM,18.54,0.0,0.0123
11483,03/07/20 08:23:50 PM,18.54,0.0,0.0123
11484,03/07/20 08:24:00 PM,18.54,0.0,0.0123
11485,03/07/20 08:24:10 PM,18.55,0.0,0.0123
11486,03/07/20 08:24:20 PM,18.55,0.0,0.0123
11487,03/07/20 08:24:30 PM,18.55,0.0,0.0123
11488,03/07/20 08:24:40 PM,18.55,0.0,0.0123
11489,03/07/20 08:24:50 PM,18.57,0.0,0.0123
11490,03/07/20 08:25:00 PM,18.57,0.0,0.0123
11491,03/07/20 08:25:10 PM,18.57,0.0,0.0123
11492,03/07/20 08:25:20 PM,18.57,0.0,0.0123
11493,03/07/20 08:25:30 PM,18.57,0.0,0.0123
11494,03/07/20 08:25:40 PM,18.58,0.0,0.0123
11495,03/07/20 08:25:50 PM,18.58,0.0,0.0123
11496,03/07/20 08:26:00 PM,18.58,0.0,0.0123
11497,03/07/20 08:26:10 PM,18.58,0.0,0.0123
11498,03/07/20 08:26:20 PM,18.59,0.0,0.0123
11499,03/07/20 08:26:30 PM,18.59,0.0,0.0123
11500,03/07/20 08:26:40 PM,18.59,0.0,0.0123
11501,03/07/20 08:26:50 PM,18.59,0.0,0.0123
11502,03/07/20 08:27:00 PM,18.60,0.0,0.0123
11503,03/07/20 08:27:10 PM,18.60,0.0,0.0123
11504,03/07/20 08:27:20 PM,18.62,0.0,0.0123
11505,03/07/20 08:27:30 PM,18.62,0.0,0.0123
11506,03/07/20 08:27:40 PM,18.62,0.0,0.0123
11507,03/07/20 08:27:50 PM,18.62,0.0,0.0123
11508,03/07/20 08:28:00 PM,18.62,0.0,0.0123
11509,03/07/20 08:28:10 PM,18.62,0.0,0.0123
11510,03/07/20 08:28:20 PM,18.63,0.0,0.0123
11511,03/07/20 08:28:30 PM,18.63,0.0,0.0123
11512,03/07/20 08:28:40 PM,18.63,0.0,0.0123
11513,03/07/20 08:28:50 PM,18.63,0.0,0.0123
11514,03/07/20 08:29:00 PM,18.64,0.0,0.0123
11515,03/07/20 08:29:10 PM,18.64,0.0,0.0123
11516,03/07/20 08:29:20 PM,18.64,0.0,0.0123
11517,03/07/20 08:29:30 PM,18.64,0.0,0.0123
11518,03/07/20 08:29:40 PM,18.64,0.0,0.0123
11519,03/07/20 08:29:50 PM,18.65,0.0,0.0123
11520,03/07/20 08:30:00 PM,18.65,0.0,0.0123
11521,03/07/20 08:30:10 PM,18.66,0.0,0.0123
11522,03/07/20 08:30:20 PM,18.66,0.0,0.0123
11523,03/07/20 08:30:30 PM,18.66,0.0,0.0123
11524,03/07/20 08:30:40 PM,18.66,0.0,0.0123
11525,03/07/20 08:30:50 PM,18.66,0.0,0.0123
11526,03/07/20 08:31:00 PM,18.68,0.0,0.0123
11527,03/07/20 08:31:10 PM,18.68,0.0,0.0123
11528,03/07/20 08:31:20 PM,18.69,0.0,0.0123
11529,03/07/20 08:31:30 PM,18.68,0.0,0.0123
11530,03/07/20 08:31:40 PM,18.69,0.0,0.0123
11531,03/07/20 08:31:50 PM,18.69,0.0,0.0123
11532,03/07/20 08:32:00 PM,18.70,0.0,0.0123
11533,03/07/20 08:32:10 PM,18.70,0.0,0.0123
11534,03/07/20 08:32:20 PM,18.70,0.0,0.0123
11535,03/07/20 08:32:30 PM,18.70,0.0,0.0123
11536,03/07/20 08:32:40 PM,18.70,0.0,0.0123
11537,03/07/20 08:32:50 PM,18.71,0.0,0.0123
11538,03/07/20 08:33:00 PM,18.71,0.0,0.0123
11539,03/07/20 08:33:10 PM,18.71,0.0,0.0123
11540,03/07/20 08:33:20 PM,18.71,0.0,0.0123
11541,03/07/20 08:33:30 PM,18.73,0.0,0.0123
11542,03/07/20 08:33:40 PM,18.71,0.0,0.0123
11543,03/07/20 08:33:50 PM,18.73,0.0,0.0123
11544,03/07/20 08:34:00 PM,18.73,0.0,0.0123
11545,03/07/20 08:34:10 PM,18.73,0.0,0.0123
11546,03/07/20 08:34:20 PM,18.74,0.0,0.0123
11547,03/07/20 08:34:30 PM,18.74,0.0,0.0123
11548,03/07/20 08:34:40 PM,18.74,0.0,0.0123
11549,03/07/20 08:34:50 PM,18.74,0.0,0.0123
11550,03/07/20 08:35:00 PM,18.74,0.0,0.0123
11551,03/07/20 08:35:10 PM,18.74,0.0,0.0123
11552,03/07/20 08:35:20 PM,18.74,0.0,0.0123
11553,03/07/20 08:35:30 PM,18.74,0.0,0.0123
11554,03/07/20 08:35:40 PM,18.75,0.0,0.0123
11555,03/07/20 08:35:50 PM,18.75,0.0,0.0123
11556,03/07/20 08:36:00 PM,18.75,0.0,0.0123
11557,03/07/20 08:36:10 PM,18.75,0.0,0.0123
11558,03/07/20 08:36:20 PM,18.76,0.0,0.0123
11559,03/07/20 08:36:30 PM,18.76,0.0,0.0123
11560,03/07/20 08:36:40 PM,18.76,0.0,0.0123
11561,03/07/20 08:36:50 PM,18.76,0.0,0.0123
11562,03/07/20 08:37:00 PM,18.76,0.0,0.0123
11563,03/07/20 08:37:10 PM,18.76,0.0,0.0123
11564,03/07/20 08:37:20 PM,18.77,0.0,0.0123
11565,03/07/20 08:37:30 PM,18.77,0.0,0.0123
11566,03/07/20 08:37:40 PM,18.77,0.0,0.0123
11567,03/07/20 08:37:50 PM,18.77,0.0,0.0123
11568,03/07/20 08:38:00 PM,18.79,0.0,0.0123
11569,03/07/20 08:38:10 PM,18.79,0.0,0.0123
11570,03/07/20 08:38:20 PM,18.79,0.0,0.0123
11571,03/07/20 08:38:30 PM,18.79,0.0,0.0123
11572,03/07/20 08:38:40 PM,18.79,0.0,0.0123
11573,03/07/20 08:38:50 PM,18.79,0.0,0.0123
11574,03/07/20 08:39:00 PM,18.79,0.0,0.0123
11575,03/07/20 08:39:10 PM,18.80,0.0,0.0123
11576,03/07/20 08:39:20 PM,18.80,0.0,0.0123
11577,03/07/20 08:39:30 PM,18.80,0.0,0.0123
11578,03/07/20 08:39:40 PM,18.80,0.0,0.0123
11579,03/07/20 08:39:50 PM,18.80,0.0,0.0123
11580,03/07/20 08:40:00 PM,18.80,0.0,0.0123
11581,03/07/20 08:40:10 PM,18.81,0.0,0.0123
11582,03/07/20 08:40:20 PM,18.81,0.0,0.0123
11583,03/07/20 08:40:30 PM,18.81,0.0,0.0123
11584,03/07/20 08:40:40 PM,18.81,0.0,0.0123
11585,03/07/20 08:40:50 PM,18.81,0.0,0.0123
11586,03/07/20 08:41:00 PM,18.81,0.0,0.0123
11587,03/07/20 08:41:10 PM,18.81,0.0,0.0123
11588,03/07/20 08:41:20 PM,18.82,0.0,0.0123
11589,03/07/20 08:41:30 PM,18.82,0.0,0.0123
11590,03/07/20 08:41:40 PM,18.82,0.0,0.0123
11591,03/07/20 08:41:50 PM,18.82,0.0,0.0123
11592,03/07/20 08:42:00 PM,18.82,0.0,0.0123
11593,03/07/20 08:42:10 PM,18.82,0.0,0.0123
11594,03/07/20 08:42:20 PM,18.82,0.0,0.0123
11595,03/07/20 08:42:30 PM,18.84,0.0,0.0123
11596,03/07/20 08:42:40 PM,18.84,0.0,0.0123
11597,03/07/20 08:42:50 PM,18.84,0.0,0.0123
11598,03/07/20 08:43:00 PM,18.84,0.0,0.0123
11599,03/07/20 08:43:10 PM,18.85,0.0,0.0123
11600,03/07/20 08:43:20 PM,18.85,0.0,0.0123
11601,03/07/20 08:43:30 PM,18.85,0.0,0.0123
11602,03/07/20 08:43:40 PM,18.85,0.0,0.0123
11603,03/07/20 08:43:50 PM,18.85,0.0,0.0123
11604,03/07/20 08:44:00 PM,18.85,0.0,0.0123
11605,03/07/20 08:44:10 PM,18.85,0.0,0.0123
11606,03/07/20 08:44:20 PM,18.86,0.0,0.0123
11607,03/07/20 08:44:30 PM,18.86,0.0,0.0123
11608,03/07/20 08:44:40 PM,18.86,0.0,0.0123
11609,03/07/20 08:44:50 PM,18.85,0.0,0.0123
11610,03/07/20 08:45:00 PM,18.86,0.0,0.0123
11611,03/07/20 08:45:10 PM,18.86,0.0,0.0123
11612,03/07/20 08:45:20 PM,18.86,0.0,0.0123
11613,03/07/20 08:45:30 PM,18.86,0.0,0.0123
11614,03/07/20 08:45:40 PM,18.87,0.0,0.0123
11615,03/07/20 08:45:50 PM,18.87,0.0,0.0123
11616,03/07/20 08:46:00 PM,18.87,0.0,0.0123
11617,03/07/20 08:46:10 PM,18.87,0.0,0.0123
11618,03/07/20 08:46:20 PM,18.87,0.0,0.0123
11619,03/07/20 08:46:30 PM,18.88,0.0,0.0123
11620,03/07/20 08:46:40 PM,18.87,0.0,0.0123
11621,03/07/20 08:46:50 PM,18.87,0.0,0.0123
11622,03/07/20 08:47:00 PM,18.87,0.0,0.0123
11623,03/07/20 08:47:10 PM,18.88,0.0,0.0123
11624,03/07/20 08:47:20 PM,18.88,0.0,0.0123
11625,03/07/20 08:47:30 PM,18.88,0.0,0.0123
11626,03/07/20 08:47:40 PM,18.88,0.0,0.0123
11627,03/07/20 08:47:50 PM,18.88,0.0,0.0123
11628,03/07/20 08:48:00 PM,18.90,0.0,0.0123
11629,03/07/20 08:48:10 PM,18.90,0.0,0.0123
11630,03/07/20 08:48:20 PM,18.90,0.0,0.0123
11631,03/07/20 08:48:30 PM,18.90,0.0,0.0123
11632,03/07/20 08:48:40 PM,18.90,0.0,0.0123
11633,03/07/20 08:48:50 PM,18.91,0.0,0.0123
11634,03/07/20 08:49:00 PM,18.91,0.0,0.0123
11635,03/07/20 08:49:10 PM,18.91,0.0,0.0123
11636,03/07/20 08:49:20 PM,18.91,0.0,0.0123
11637,03/07/20 08:49:30 PM,18.91,0.0,0.0123
11638,03/07/20 08:49:40 PM,18.91,0.0,0.0123
11639,03/07/20 08:49:50 PM,18.91,0.0,0.0123
11640,03/07/20 08:50:00 PM,18.91,0.0,0.0123
11641,03/07/20 08:50:10 PM,18.92,0.0,0.0123
11642,03/07/20 08:50:20 PM,18.92,0.0,0.0123
11643,03/07/20 08:50:30 PM,18.92,0.0,0.0123
11644,03/07/20 08:50:40 PM,18.92,0.0,0.0123
11645,03/07/20 08:50:50 PM,18.92,0.0,0.0123
11646,03/07/20 08:51:00 PM,18.92,0.0,0.0123
11647,03/07/20 08:51:10 PM,18.92,0.0,0.0123
11648,03/07/20 08:51:20 PM,18.92,0.0,0.0123
11649,03/07/20 08:51:30 PM,18.93,0.0,0.0123
11650,03/07/20 08:51:40 PM,18.92,0.0,0.0123
11651,03/07/20 08:51:50 PM,18.93,0.0,0.0123
11652,03/07/20 08:52:00 PM,18.93,0.0,0.0123
11653,03/07/20 08:52:10 PM,18.93,0.0,0.0123
11654,03/07/20 08:52:20 PM,18.93,0.0,0.0123
11655,03/07/20 08:52:30 PM,18.93,0.0,0.0123
11656,03/07/20 08:52:40 PM,18.93,0.0,0.0123
11657,03/07/20 08:52:50 PM,18.95,0.0,0.0123
11658,03/07/20 08:53:00 PM,18.95,0.0,0.0123
11659,03/07/20 08:53:10 PM,18.95,0.0,0.0123
11660,03/07/20 08:53:20 PM,18.95,0.0,0.0123
11661,03/07/20 08:53:30 PM,18.95,0.0,0.0123
11662,03/07/20 08:53:40 PM,18.96,0.0,0.0123
11663,03/07/20 08:53:50 PM,18.95,0.0,0.0123
11664,03/07/20 08:54:00 PM,18.96,0.0,0.0123
11665,03/07/20 08:54:10 PM,18.96,0.0,0.0123
11666,03/07/20 08:54:20 PM,18.96,0.0,0.0123
11667,03/07/20 08:54:30 PM,18.96,0.0,0.0123
11668,03/07/20 08:54:40 PM,18.96,0.0,0.0123
11669,03/07/20 08:54:50 PM,18.96,0.0,0.0123
11670,03/07/20 08:55:00 PM,18.96,0.0,0.0123
11671,03/07/20 08:55:10 PM,18.96,0.0,0.0123
11672,03/07/20 08:55:20 PM,18.96,0.0,0.0123
11673,03/07/20 08:55:30 PM,18.97,0.0,0.0123
11674,03/07/20 08:55:40 PM,18.97,0.0,0.0123
11675,03/07/20 08:55:50 PM,18.96,0.0,0.0123
11676,03/07/20 08:56:00 PM,18.97,0.0,0.0123
11677,03/07/20 08:56:10 PM,18.97,0.0,0.0123
11678,03/07/20 08:56:20 PM,18.97,0.0,0.0123
11679,03/07/20 08:56:30 PM,18.97,0.0,0.0123
11680,03/07/20 08:56:40 PM,18.97,0.0,0.0123
11681,03/07/20 08:56:50 PM,18.97,0.0,0.0123
11682,03/07/20 08:57:00 PM,18.97,0.0,0.0123
11683,03/07/20 08:57:10 PM,18.97,0.0,0.0123
11684,03/07/20 08:57:20 PM,18.98,0.0,0.0123
11685,03/07/20 08:57:30 PM,18.98,0.0,0.0123
11686,03/07/20 08:57:40 PM,18.98,0.0,0.0123
11687,03/07/20 08:57:50 PM,18.98,0.0,0.0123
11688,03/07/20 08:58:00 PM,18.98,0.0,0.0123
11689,03/07/20 08:58:10 PM,18.98,0.0,0.0123
11690,03/07/20 08:58:20 PM,18.98,0.0,0.0123
11691,03/07/20 08:58:30 PM,18.98,0.0,0.0123
11692,03/07/20 08:58:40 PM,19.00,0.0,0.0123
11693,03/07/20 08:58:50 PM,19.00,0.0,0.0123
11694,03/07/20 08:59:00 PM,18.98,0.0,0.0123
11695,03/07/20 08:59:10 PM,19.00,0.0,0.0123
11696,03/07/20 08:59:20 PM,19.00,0.0,0.0123
11697,03/07/20 08:59:30 PM,19.00,0.0,0.0123
11698,03/07/20 08:59:40 PM,19.00,0.0,0.0123
11699,03/07/20 08:59:50 PM,19.00,0.0,0.0123
11700,03/07/20 09:00:00 PM,19.00,0.0,0.0123
11701,03/07/20 09:00:10 PM,19.00,0.0,0.0123
11702,03/07/20 09:00:20 PM,19.00,0.0,0.0123
11703,03/07/20 09:00:30 PM,19.01,0.0,0.0123
11704,03/07/20 09:00:40 PM,19.01,0.0,0.0123
11705,03/07/20 09:00:50 PM,19.01,0.0,0.0123
11706,03/07/20 09:01:00 PM,19.01,0.0,0.0123
11707,03/07/20 09:01:10 PM,19.01,0.0,0.0123
11708,03/07/20 09:01:20 PM,19.01,0.0,0.0123
11709,03/07/20 09:01:30 PM,19.01,0.0,0.0123
11710,03/07/20 09:01:40 PM,19.01,0.0,0.0123
11711,03/07/20 09:01:50 PM,19.01,0.0,0.0123
11712,03/07/20 09:02:00 PM,19.02,0.0,0.0123
11713,03/07/20 09:02:10 PM,19.02,0.0,0.0123
11714,03/07/20 09:02:20 PM,19.02,0.0,0.0123
11715,03/07/20 09:02:30 PM,19.02,0.0,0.0123
11716,03/07/20 09:02:40 PM,19.02,0.0,0.0123
11717,03/07/20 09:02:50 PM,19.02,0.0,0.0123
11718,03/07/20 09:03:00 PM,19.02,0.0,0.0123
11719,03/07/20 09:03:10 PM,19.02,0.0,0.0123
11720,03/07/20 09:03:20 PM,19.02,0.0,0.0123
11721,03/07/20 09:03:30 PM,19.02,0.0,0.0123
11722,03/07/20 09:03:40 PM,19.02,0.0,0.0123
11723,03/07/20 09:03:50 PM,19.02,0.0,0.0123
11724,03/07/20 09:04:00 PM,19.03,0.0,0.0123
11725,03/07/20 09:04:10 PM,19.03,0.0,0.0123
11726,03/07/20 09:04:20 PM,19.03,0.0,0.0123
11727,03/07/20 09:04:30 PM,19.03,0.0,0.0123
11728,03/07/20 09:04:40 PM,19.03,0.0,0.0123
11729,03/07/20 09:04:50 PM,19.03,0.0,0.0123
11730,03/07/20 09:05:00 PM,19.03,0.0,0.0123
11731,03/07/20 09:05:10 PM,19.03,0.0,0.0123
11732,03/07/20 09:05:20 PM,19.03,0.0,0.0123
11733,03/07/20 09:05:30 PM,19.03,0.0,0.0123
11734,03/07/20 09:05:40 PM,19.04,0.0,0.0123
11735,03/07/20 09:05:50 PM,19.03,0.0,0.0123
11736,03/07/20 09:06:00 PM,19.03,0.0,0.0123
11737,03/07/20 09:06:10 PM,19.03,0.0,0.0123
11738,03/07/20 09:06:20 PM,19.04,0.0,0.0123
11739,03/07/20 09:06:30 PM,19.04,0.0,0.0123
11740,03/07/20 09:06:40 PM,19.04,0.0,0.0123
11741,03/07/20 09:06:50 PM,19.04,0.0,0.0123
11742,03/07/20 09:07:00 PM,19.04,0.0,0.0123
11743,03/07/20 09:07:10 PM,19.04,0.0,0.0123
11744,03/07/20 09:07:20 PM,19.06,0.0,0.0123
11745,03/07/20 09:07:30 PM,19.06,0.0,0.0123
11746,03/07/20 09:07:40 PM,19.06,0.0,0.0123
11747,03/07/20 09:07:50 PM,19.06,0.0,0.0123
11748,03/07/20 09:08:00 PM,19.06,0.0,0.0123
11749,03/07/20 09:08:10 PM,19.06,0.0,0.0123
11750,03/07/20 09:08:20 PM,19.06,0.0,0.0123
11751,03/07/20 09:08:30 PM,19.06,0.0,0.0123
11752,03/07/20 09:08:40 PM,19.06,0.0,0.0123
11753,03/07/20 09:08:50 PM,19.07,0.0,0.0123
11754,03/07/20 09:09:00 PM,19.06,0.0,0.0123
11755,03/07/20 09:09:10 PM,19.07,0.0,0.0123
11756,03/07/20 09:09:20 PM,19.07,0.0,0.0123
11757,03/07/20 09:09:30 PM,19.07,0.0,0.0123
11758,03/07/20 09:09:40 PM,19.07,0.0,0.0123
11759,03/07/20 09:09:50 PM,19.08,0.0,0.0123
11760,03/07/20 09:10:00 PM,19.07,0.0,0.0123
11761,03/07/20 09:10:10 PM,19.08,0.0,0.0123
11762,03/07/20 09:10:20 PM,19.08,0.0,0.0123
11763,03/07/20 09:10:30 PM,19.08,0.0,0.0123
11764,03/07/20 09:10:40 PM,19.08,0.0,0.0123
11765,03/07/20 09:10:50 PM,19.08,0.0,0.0123
11766,03/07/20 09:11:00 PM,19.08,0.0,0.0123
11767,03/07/20 09:11:10 PM,19.08,0.0,0.0123
11768,03/07/20 09:11:20 PM,19.08,0.0,0.0123
11769,03/07/20 09:11:30 PM,19.08,0.0,0.0123
11770,03/07/20 09:11:40 PM,19.08,0.0,0.0123
11771,03/07/20 09:11:50 PM,19.08,0.0,0.0123
11772,03/07/20 09:12:00 PM,19.08,0.0,0.0123
11773,03/07/20 09:12:10 PM,19.08,0.0,0.0123
11774,03/07/20 09:12:20 PM,19.08,0.0,0.0123
11775,03/07/20 09:12:30 PM,19.08,0.0,0.0123
11776,03/07/20 09:12:40 PM,19.08,0.0,0.0123
11777,03/07/20 09:12:50 PM,19.09,0.0,0.0123
11778,03/07/20 09:13:00 PM,19.09,0.0,0.0123
11779,03/07/20 09:13:10 PM,19.09,0.0,0.0123
11780,03/07/20 09:13:20 PM,19.09,0.0,0.0123
11781,03/07/20 09:13:30 PM,19.09,0.0,0.0123
11782,03/07/20 09:13:40 PM,19.09,0.0,0.0123
11783,03/07/20 09:13:50 PM,19.09,0.0,0.0123
11784,03/07/20 09:14:00 PM,19.09,0.0,0.0123
11785,03/07/20 09:14:10 PM,19.09,0.0,0.0123
11786,03/07/20 09:14:20 PM,19.11,0.0,0.0123
11787,03/07/20 09:14:30 PM,19.11,0.0,0.0123
11788,03/07/20 09:14:40 PM,19.11,0.0,0.0123
11789,03/07/20 09:14:50 PM,19.11,0.0,0.0123
11790,03/07/20 09:15:00 PM,19.11,0.0,0.0123
11791,03/07/20 09:15:10 PM,19.11,0.0,0.0123
11792,03/07/20 09:15:20 PM,19.11,0.0,0.0123
11793,03/07/20 09:15:30 PM,19.11,0.0,0.0123
11794,03/07/20 09:15:40 PM,19.11,0.0,0.0123
11795,03/07/20 09:15:50 PM,19.11,0.0,0.0123
11796,03/07/20 09:16:00 PM,19.11,0.0,0.0123
11797,03/07/20 09:16:10 PM,19.11,0.0,0.0123
11798,03/07/20 09:16:20 PM,19.11,0.0,0.0123
11799,03/07/20 09:16:30 PM,19.12,0.0,0.0123
11800,03/07/20 09:16:40 PM,19.12,0.0,0.0123
11801,03/07/20 09:16:50 PM,19.12,0.0,0.0123
11802,03/07/20 09:17:00 PM,19.11,0.0,0.0123
11803,03/07/20 09:17:10 PM,19.11,0.0,0.0123
11804,03/07/20 09:17:20 PM,19.12,0.0,0.0123
11805,03/07/20 09:17:30 PM,19.12,0.0,0.0123
11806,03/07/20 09:17:40 PM,19.12,0.0,0.0123
11807,03/07/20 09:17:50 PM,19.12,0.0,0.0123
11808,03/07/20 09:18:00 PM,19.12,0.0,0.0123
11809,03/07/20 09:18:10 PM,19.12,0.0,0.0123
11810,03/07/20 09:18:20 PM,19.12,0.0,0.0123
11811,03/07/20 09:18:30 PM,19.12,0.0,0.0123
11812,03/07/20 09:18:40 PM,19.12,0.0,0.0123
11813,03/07/20 09:18:50 PM,19.13,0.0,0.0123
11814,03/07/20 09:19:00 PM,19.13,0.0,0.0123
11815,03/07/20 09:19:10 PM,19.13,0.0,0.0123
11816,03/07/20 09:19:20 PM,19.13,0.0,0.0123
11817,03/07/20 09:19:30 PM,19.13,0.0,0.0123
11818,03/07/20 09:19:40 PM,19.13,0.0,0.0123
11819,03/07/20 09:19:50 PM,19.13,0.0,0.0123
11820,03/07/20 09:20:00 PM,19.13,0.0,0.0123
11821,03/07/20 09:20:10 PM,19.13,0.0,0.0123
11822,03/07/20 09:20:20 PM,19.13,0.0,0.0123
11823,03/07/20 09:20:30 PM,19.14,0.0,0.0123
11824,03/07/20 09:20:40 PM,19.13,0.0,0.0123
11825,03/07/20 09:20:50 PM,19.13,0.0,0.0123
11826,03/07/20 09:21:00 PM,19.13,0.0,0.0123
11827,03/07/20 09:21:10 PM,19.14,0.0,0.0123
11828,03/07/20 09:21:20 PM,19.13,0.0,0.0123
11829,03/07/20 09:21:30 PM,19.14,0.0,0.0123
11830,03/07/20 09:21:40 PM,19.14,0.0,0.0123
11831,03/07/20 09:21:50 PM,19.14,0.0,0.0123
11832,03/07/20 09:22:00 PM,19.14,0.0,0.0123
11833,03/07/20 09:22:10 PM,19.14,0.0,0.0123
11834,03/07/20 09:22:20 PM,19.14,0.0,0.0123
11835,03/07/20 09:22:30 PM,19.14,0.0,0.0123
11836,03/07/20 09:22:40 PM,19.14,0.0,0.0123
11837,03/07/20 09:22:50 PM,19.15,0.0,0.0123
11838,03/07/20 09:23:00 PM,19.14,0.0,0.0123
11839,03/07/20 09:23:10 PM,19.14,0.0,0.0123
11840,03/07/20 09:23:20 PM,19.14,0.0,0.0123
11841,03/07/20 09:23:30 PM,19.14,0.0,0.0123
11842,03/07/20 09:23:40 PM,19.14,0.0,0.0123
11843,03/07/20 09:23:50 PM,19.14,0.0,0.0123
11844,03/07/20 09:24:00 PM,19.14,0.0,0.0123
11845,03/07/20 09:24:10 PM,19.14,0.0,0.0123
11846,03/07/20 09:24:20 PM,19.15,0.0,0.0123
11847,03/07/20 09:24:30 PM,19.15,0.0,0.0123
11848,03/07/20 09:24:40 PM,19.14,0.0,0.0123
11849,03/07/20 09:24:50 PM,19.15,0.0,0.0123
11850,03/07/20 09:25:00 PM,19.15,0.0,0.0123
11851,03/07/20 09:25:10 PM,19.15,0.0,0.0123
11852,03/07/20 09:25:20 PM,19.15,0.0,0.0123
11853,03/07/20 09:25:30 PM,19.15,0.0,0.0123
11854,03/07/20 09:25:40 PM,19.15,0.0,0.0123
11855,03/07/20 09:25:50 PM,19.15,0.0,0.0123
11856,03/07/20 09:26:00 PM,19.15,0.0,0.0123
11857,03/07/20 09:26:10 PM,19.15,0.0,0.0123
11858,03/07/20 09:26:20 PM,19.17,0.0,0.0123
11859,03/07/20 09:26:30 PM,19.15,0.0,0.0123
11860,03/07/20 09:26:40 PM,19.15,0.0,0.0123
11861,03/07/20 09:26:50 PM,19.17,0.0,0.0123
11862,03/07/20 09:27:00 PM,19.17,0.0,0.0123
11863,03/07/20 09:27:10 PM,19.17,0.0,0.0123
11864,03/07/20 09:27:20 PM,19.17,0.0,0.0123
11865,03/07/20 09:27:30 PM,19.17,0.0,0.0123
11866,03/07/20 09:27:40 PM,19.17,0.0,0.0123
11867,03/07/20 09:27:50 PM,19.17,0.0,0.0123
11868,03/07/20 09:28:00 PM,19.17,0.0,0.0123
11869,03/07/20 09:28:10 PM,19.17,0.0,0.0123
11870,03/07/20 09:28:20 PM,19.17,0.0,0.0123
11871,03/07/20 09:28:30 PM,19.17,0.0,0.0123
11872,03/07/20 09:28:40 PM,19.18,0.0,0.0123
11873,03/07/20 09:28:50 PM,19.18,0.0,0.0123
11874,03/07/20 09:29:00 PM,19.17,0.0,0.0123
11875,03/07/20 09:29:10 PM,19.18,0.0,0.0123
11876,03/07/20 09:29:20 PM,19.18,0.0,0.0123
11877,03/07/20 09:29:30 PM,19.18,0.0,0.0123
11878,03/07/20 09:29:40 PM,19.18,0.0,0.0123
11879,03/07/20 09:29:50 PM,19.18,0.0,0.0123
11880,03/07/20 09:30:00 PM,19.18,0.0,0.0123
11881,03/07/20 09:30:10 PM,19.18,0.0,0.0123
11882,03/07/20 09:30:20 PM,19.18,0.0,0.0123
11883,03/07/20 09:30:30 PM,19.18,0.0,0.0123
11884,03/07/20 09:30:40 PM,19.18,0.0,0.0123
11885,03/07/20 09:30:50 PM,19.19,0.0,0.0123
11886,03/07/20 09:31:00 PM,19.18,0.0,0.0123
11887,03/07/20 09:31:10 PM,19.18,0.0,0.0123
11888,03/07/20 09:31:20 PM,19.18,0.0,0.0123
11889,03/07/20 09:31:30 PM,19.19,0.0,0.0123
11890,03/07/20 09:31:40 PM,19.19,0.0,0.0123
11891,03/07/20 09:31:50 PM,19.19,0.0,0.0123
11892,03/07/20 09:32:00 PM,19.19,0.0,0.0123
11893,03/07/20 09:32:10 PM,19.19,0.0,0.0123
11894,03/07/20 09:32:20 PM,19.19,0.0,0.0123
11895,03/07/20 09:32:30 PM,19.19,0.0,0.0123
11896,03/07/20 09:32:40 PM,19.19,0.0,0.0123
11897,03/07/20 09:32:50 PM,19.19,0.0,0.0123
11898,03/07/20 09:33:00 PM,19.19,0.0,0.0123
11899,03/07/20 09:33:10 PM,19.19,0.0,0.0123
11900,03/07/20 09:33:20 PM,19.19,0.0,0.0123
11901,03/07/20 09:33:30 PM,19.20,0.0,0.0123
11902,03/07/20 09:33:40 PM,19.20,0.0,0.0123
11903,03/07/20 09:33:50 PM,19.19,0.0,0.0123
11904,03/07/20 09:34:00 PM,19.20,0.0,0.0123
11905,03/07/20 09:34:10 PM,19.20,0.0,0.0123
11906,03/07/20 09:34:20 PM,19.20,0.0,0.0123
11907,03/07/20 09:34:30 PM,19.20,0.0,0.0123
11908,03/07/20 09:34:40 PM,19.20,0.0,0.0123
11909,03/07/20 09:34:50 PM,19.20,0.0,0.0123
11910,03/07/20 09:35:00 PM,19.20,0.0,0.0123
11911,03/07/20 09:35:10 PM,19.20,0.0,0.0123
11912,03/07/20 09:35:20 PM,19.20,0.0,0.0123
11913,03/07/20 09:35:30 PM,19.20,0.0,0.0123
11914,03/07/20 09:35:40 PM,19.20,0.0,0.0123
11915,03/07/20 09:35:50 PM,19.20,0.0,0.0123
11916,03/07/20 09:36:00 PM,19.20,0.0,0.0123
11917,03/07/20 09:36:10 PM,19.22,0.0,0.0123
11918,03/07/20 09:36:20 PM,19.20,0.0,0.0123
11919,03/07/20 09:36:30 PM,19.22,0.0,0.0123
11920,03/07/20 09:36:40 PM,19.22,0.0,0.0123
11921,03/07/20 09:36:50 PM,19.22,0.0,0.0123
11922,03/07/20 09:37:00 PM,19.22,0.0,0.0123
11923,03/07/20 09:37:10 PM,19.22,0.0,0.0123
11924,03/07/20 09:37:20 PM,19.23,0.0,0.0123
11925,03/07/20 09:37:30 PM,19.22,0.0,0.0123
11926,03/07/20 09:37:40 PM,19.22,0.0,0.0123
11927,03/07/20 09:37:50 PM,19.22,0.0,0.0123
11928,03/07/20 09:38:00 PM,19.23,0.0,0.0123
11929,03/07/20 09:38:10 PM,19.23,0.0,0.0123
11930,03/07/20 09:38:20 PM,19.23,0.0,0.0123
11931,03/07/20 09:38:30 PM,19.23,0.0,0.0123
11932,03/07/20 09:38:40 PM,19.23,0.0,0.0123
11933,03/07/20 09:38:50 PM,19.23,0.0,0.0123
11934,03/07/20 09:39:00 PM,19.23,0.0,0.0123
11935,03/07/20 09:39:10 PM,19.23,0.0,0.0123
11936,03/07/20 09:39:20 PM,19.24,0.0,0.0123
11937,03/07/20 09:39:30 PM,19.23,0.0,0.0123
11938,03/07/20 09:39:40 PM,19.23,0.0,0.0123
11939,03/07/20 09:39:50 PM,19.23,0.0,0.0123
11940,03/07/20 09:40:00 PM,19.23,0.0,0.0123
11941,03/07/20 09:40:10 PM,19.23,0.0,0.0123
11942,03/07/20 09:40:20 PM,19.23,0.0,0.0123
11943,03/07/20 09:40:30 PM,19.24,0.0,0.0123
11944,03/07/20 09:40:40 PM,19.24,0.0,0.0123
11945,03/07/20 09:40:50 PM,19.24,0.0,0.0123
11946,03/07/20 09:41:00 PM,19.24,0.0,0.0123
11947,03/07/20 09:41:10 PM,19.24,0.0,0.0123
11948,03/07/20 09:41:20 PM,19.24,0.0,0.0123
11949,03/07/20 09:41:30 PM,19.24,0.0,0.0123
11950,03/07/20 09:41:40 PM,19.24,0.0,0.0123
11951,03/07/20 09:41:50 PM,19.24,0.0,0.0123
11952,03/07/20 09:42:00 PM,19.24,0.0,0.0123
11953,03/07/20 09:42:10 PM,19.24,0.0,0.0123
11954,03/07/20 09:42:20 PM,19.24,0.0,0.0123
11955,03/07/20 09:42:30 PM,19.24,0.0,0.0123
11956,03/07/20 09:42:40 PM,19.24,0.0,0.0123
11957,03/07/20 09:42:50 PM,19.24,0.0,0.0123
11958,03/07/20 09:43:00 PM,19.24,0.0,0.0123
11959,03/07/20 09:43:10 PM,19.24,0.0,0.0123
11960,03/07/20 09:43:20 PM,19.25,0.0,0.0123
11961,03/07/20 09:43:30 PM,19.24,0.0,0.0123
11962,03/07/20 09:43:40 PM,19.25,0.0,0.0123
11963,03/07/20 09:43:50 PM,19.25,0.0,0.0123
11964,03/07/20 09:44:00 PM,19.25,0.0,0.0123
11965,03/07/20 09:44:10 PM,19.25,0.0,0.0123
11966,03/07/20 09:44:20 PM,19.25,0.0,0.0123
11967,03/07/20 09:44:30 PM,19.25,0.0,0.0123
11968,03/07/20 09:44:40 PM,19.25,0.0,0.0123
11969,03/07/20 09:44:50 PM,19.25,0.0,0.0123
11970,03/07/20 09:45:00 PM,19.26,0.0,0.0123
11971,03/07/20 09:45:10 PM,19.26,0.0,0.0123
11972,03/07/20 09:45:20 PM,19.26,0.0,0.0123
11973,03/07/20 09:45:30 PM,19.25,0.0,0.0123
11974,03/07/20 09:45:40 PM,19.26,0.0,0.0123
11975,03/07/20 09:45:50 PM,19.26,0.0,0.0123
11976,03/07/20 09:46:00 PM,19.26,0.0,0.0123
11977,03/07/20 09:46:10 PM,19.26,0.0,0.0123
11978,03/07/20 09:46:20 PM,19.28,0.0,0.0123
11979,03/07/20 09:46:30 PM,19.26,0.0,0.0123
11980,03/07/20 09:46:40 PM,19.26,0.0,0.0123
11981,03/07/20 09:46:50 PM,19.26,0.0,0.0123
11982,03/07/20 09:47:00 PM,19.26,0.0,0.0123
11983,03/07/20 09:47:10 PM,19.28,0.0,0.0123
11984,03/07/20 09:47:20 PM,19.26,0.0,0.0123
11985,03/07/20 09:47:30 PM,19.28,0.0,0.0123
11986,03/07/20 09:47:40 PM,19.28,0.0,0.0123
11987,03/07/20 09:47:50 PM,19.28,0.0,0.0123
11988,03/07/20 09:48:00 PM,19.28,0.0,0.0123
11989,03/07/20 09:48:10 PM,19.28,0.0,0.0123
11990,03/07/20 09:48:20 PM,19.28,0.0,0.0123
11991,03/07/20 09:48:30 PM,19.28,0.0,0.0123
11992,03/07/20 09:48:40 PM,19.28,0.0,0.0123
11993,03/07/20 09:48:50 PM,19.28,0.0,0.0123
11994,03/07/20 09:49:00 PM,19.28,0.0,0.0123
11995,03/07/20 09:49:10 PM,19.29,0.0,0.0123
11996,03/07/20 09:49:20 PM,19.29,0.0,0.0123
11997,03/07/20 09:49:30 PM,19.29,0.0,0.0123
11998,03/07/20 09:49:40 PM,19.29,0.0,0.0123
11999,03/07/20 09:49:50 PM,19.29,0.0,0.0123
12000,03/07/20 09:50:00 PM,19.29,0.0,0.0123
12001,03/07/20 09:50:10 PM,19.29,0.0,0.0123
12002,03/07/20 09:50:20 PM,19.29,0.0,0.0123
12003,03/07/20 09:50:30 PM,19.30,0.0,0.0123
12004,03/07/20 09:50:40 PM,19.29,0.0,0.0123
12005,03/07/20 09:50:50 PM,19.29,0.0,0.0123
12006,03/07/20 09:51:00 PM,19.29,0.0,0.0123
12007,03/07/20 09:51:10 PM,19.29,0.0,0.0123
12008,03/07/20 09:51:20 PM,19.29,0.0,0.0123
12009,03/07/20 09:51:30 PM,19.30,0.0,0.0123
12010,03/07/20 09:51:40 PM,19.30,0.0,0.0123
12011,03/07/20 09:51:50 PM,19.29,0.0,0.0123
12012,03/07/20 09:52:00 PM,19.30,0.0,0.0123
12013,03/07/20 09:52:10 PM,19.30,0.0,0.0123
12014,03/07/20 09:52:20 PM,19.30,0.0,0.0123
12015,03/07/20 09:52:30 PM,19.30,0.0,0.0123
12016,03/07/20 09:52:40 PM,19.30,0.0,0.0123
12017,03/07/20 09:52:50 PM,19.30,0.0,0.0123
12018,03/07/20 09:53:00 PM,19.30,0.0,0.0123
12019,03/07/20 09:53:10 PM,19.30,0.0,0.0123
12020,03/07/20 09:53:20 PM,19.30,0.0,0.0123
12021,03/07/20 09:53:30 PM,19.30,0.0,0.0123
12022,03/07/20 09:53:40 PM,19.30,0.0,0.0123
12023,03/07/20 09:53:50 PM,19.30,0.0,0.0123
12024,03/07/20 09:54:00 PM,19.30,0.0,0.0123
12025,03/07/20 09:54:10 PM,19.31,0.0,0.0123
12026,03/07/20 09:54:20 PM,19.30,0.0,0.0123
12027,03/07/20 09:54:30 PM,19.31,0.0,0.0123
12028,03/07/20 09:54:40 PM,19.31,0.0,0.0123
12029,03/07/20 09:54:50 PM,19.31,0.0,0.0123
12030,03/07/20 09:55:00 PM,19.31,0.0,0.0123
12031,03/07/20 09:55:10 PM,19.31,0.0,0.0123
12032,03/07/20 09:55:20 PM,19.31,0.0,0.0123
12033,03/07/20 09:55:30 PM,19.31,0.0,0.0123
12034,03/07/20 09:55:40 PM,19.31,0.0,0.0123
12035,03/07/20 09:55:50 PM,19.33,0.0,0.0123
12036,03/07/20 09:56:00 PM,19.31,0.0,0.0123
12037,03/07/20 09:56:10 PM,19.33,0.0,0.0123
12038,03/07/20 09:56:20 PM,19.33,0.0,0.0123
12039,03/07/20 09:56:30 PM,19.33,0.0,0.0123
12040,03/07/20 09:56:40 PM,19.33,0.0,0.0123
12041,03/07/20 09:56:50 PM,19.33,0.0,0.0123
12042,03/07/20 09:57:00 PM,19.33,0.0,0.0123
12043,03/07/20 09:57:10 PM,19.33,0.0,0.0123
12044,03/07/20 09:57:20 PM,19.33,0.0,0.0123
12045,03/07/20 09:57:30 PM,19.33,0.0,0.0123
12046,03/07/20 09:57:40 PM,19.33,0.0,0.0123
12047,03/07/20 09:57:50 PM,19.33,0.0,0.0123
12048,03/07/20 09:58:00 PM,19.34,0.0,0.0123
12049,03/07/20 09:58:10 PM,19.33,0.0,0.0123
12050,03/07/20 09:58:20 PM,19.33,0.0,0.0123
12051,03/07/20 09:58:30 PM,19.34,0.0,0.0123
12052,03/07/20 09:58:40 PM,19.34,0.0,0.0123
12053,03/07/20 09:58:50 PM,19.34,0.0,0.0123
12054,03/07/20 09:59:00 PM,19.34,0.0,0.0123
12055,03/07/20 09:59:10 PM,19.34,0.0,0.0123
12056,03/07/20 09:59:20 PM,19.34,0.0,0.0123
12057,03/07/20 09:59:30 PM,19.34,0.0,0.0123
12058,03/07/20 09:59:40 PM,19.34,0.0,0.0123
12059,03/07/20 09:59:50 PM,19.34,0.0,0.0123
12060,03/07/20 10:00:00 PM,19.35,0.0,0.0123
12061,03/07/20 10:00:10 PM,19.35,0.0,0.0123
12062,03/07/20 10:00:20 PM,19.35,0.0,0.0123
12063,03/07/20 10:00:30 PM,19.35,0.0,0.0123
12064,03/07/20 10:00:40 PM,19.35,0.0,0.0123
12065,03/07/20 10:00:50 PM,19.35,0.0,0.0123
12066,03/07/20 10:01:00 PM,19.35,0.0,0.0123
12067,03/07/20 10:01:10 PM,19.35,0.0,0.0123
12068,03/07/20 10:01:20 PM,19.35,0.0,0.0123
12069,03/07/20 10:01:30 PM,19.35,0.0,0.0123
12070,03/07/20 10:01:40 PM,19.36,0.0,0.0123
12071,03/07/20 10:01:50 PM,19.36,0.0,0.0123
12072,03/07/20 10:02:00 PM,19.36,0.0,0.0123
12073,03/07/20 10:02:10 PM,19.36,0.0,0.0123
12074,03/07/20 10:02:20 PM,19.36,0.0,0.0123
12075,03/07/20 10:02:30 PM,19.36,0.0,0.0123
12076,03/07/20 10:02:40 PM,19.36,0.0,0.0123
12077,03/07/20 10:02:50 PM,19.36,0.0,0.0123
12078,03/07/20 10:03:00 PM,19.36,0.0,0.0123
12079,03/07/20 10:03:10 PM,19.36,0.0,0.0123
12080,03/07/20 10:03:20 PM,19.36,0.0,0.0123
12081,03/07/20 10:03:30 PM,19.36,0.0,0.0123
12082,03/07/20 10:03:40 PM,19.36,0.0,0.0123
12083,03/07/20 10:03:50 PM,19.36,0.0,0.0123
12084,03/07/20 10:04:00 PM,19.37,0.0,0.0123
12085,03/07/20 10:04:10 PM,19.36,0.0,0.0123
12086,03/07/20 10:04:20 PM,19.37,0.0,0.0123
12087,03/07/20 10:04:30 PM,19.37,0.0,0.0123
12088,03/07/20 10:04:40 PM,19.37,0.0,0.0123
12089,03/07/20 10:04:50 PM,19.37,0.0,0.0123
12090,03/07/20 10:05:00 PM,19.37,0.0,0.0123
12091,03/07/20 10:05:10 PM,19.37,0.0,0.0123
12092,03/07/20 10:05:20 PM,19.37,0.0,0.0123
12093,03/07/20 10:05:30 PM,19.37,0.0,0.0123
12094,03/07/20 10:05:40 PM,19.37,0.0,0.0123
12095,03/07/20 10:05:50 PM,19.37,0.0,0.0123
12096,03/07/20 10:06:00 PM,19.39,0.0,0.0123
12097,03/07/20 10:06:10 PM,19.39,0.0,0.0123
12098,03/07/20 10:06:20 PM,19.39,0.0,0.0123
12099,03/07/20 10:06:30 PM,19.39,0.0,0.0123
12100,03/07/20 10:06:40 PM,19.39,0.0,0.0123
12101,03/07/20 10:06:50 PM,19.39,0.0,0.0123
12102,03/07/20 10:07:00 PM,19.39,0.0,0.0123
12103,03/07/20 10:07:10 PM,19.39,0.0,0.0123
12104,03/07/20 10:07:20 PM,19.39,0.0,0.0123
12105,03/07/20 10:07:30 PM,19.39,0.0,0.0123
12106,03/07/20 10:07:40 PM,19.39,0.0,0.0123
12107,03/07/20 10:07:50 PM,19.39,0.0,0.0123
12108,03/07/20 10:08:00 PM,19.39,0.0,0.0123
12109,03/07/20 10:08:10 PM,19.39,0.0,0.0123
12110,03/07/20 10:08:20 PM,19.39,0.0,0.0123
12111,03/07/20 10:08:30 PM,19.39,0.0,0.0123
12112,03/07/20 10:08:40 PM,19.40,0.0,0.0123
12113,03/07/20 10:08:50 PM,19.40,0.0,0.0123
12114,03/07/20 10:09:00 PM,19.40,0.0,0.0123
12115,03/07/20 10:09:10 PM,19.40,0.0,0.0123
12116,03/07/20 10:09:20 PM,19.40,0.0,0.0123
12117,03/07/20 10:09:30 PM,19.40,0.0,0.0123
12118,03/07/20 10:09:40 PM,19.40,0.0,0.0123
12119,03/07/20 10:09:50 PM,19.40,0.0,0.0123
12120,03/07/20 10:10:00 PM,19.40,0.0,0.0123
12121,03/07/20 10:10:10 PM,19.40,0.0,0.0123
12122,03/07/20 10:10:20 PM,19.40,0.0,0.0123
12123,03/07/20 10:10:30 PM,19.41,0.0,0.0123
12124,03/07/20 10:10:40 PM,19.41,0.0,0.0123
12125,03/07/20 10:10:50 PM,19.41,0.0,0.0123
12126,03/07/20 10:11:00 PM,19.41,0.0,0.0123
12127,03/07/20 10:11:10 PM,19.41,0.0,0.0123
12128,03/07/20 10:11:20 PM,19.41,0.0,0.0123
12129,03/07/20 10:11:30 PM,19.41,0.0,0.0123
12130,03/07/20 10:11:40 PM,19.41,0.0,0.0123
12131,03/07/20 10:11:50 PM,19.41,0.0,0.0123
12132,03/07/20 10:12:00 PM,19.41,0.0,0.0123
12133,03/07/20 10:12:10 PM,19.41,0.0,0.0123
12134,03/07/20 10:12:20 PM,19.41,0.0,0.0123
12135,03/07/20 10:12:30 PM,19.41,0.0,0.0123
12136,03/07/20 10:12:40 PM,19.42,0.0,0.0123
12137,03/07/20 10:12:50 PM,19.41,0.0,0.0123
12138,03/07/20 10:13:00 PM,19.42,0.0,0.0123
12139,03/07/20 10:13:10 PM,19.42,0.0,0.0123
12140,03/07/20 10:13:20 PM,19.42,0.0,0.0123
12141,03/07/20 10:13:30 PM,19.42,0.0,0.0123
12142,03/07/20 10:13:40 PM,19.42,0.0,0.0123
12143,03/07/20 10:13:50 PM,19.42,0.0,0.0123
12144,03/07/20 10:14:00 PM,19.42,0.0,0.0123
12145,03/07/20 10:14:10 PM,19.42,0.0,0.0123
12146,03/07/20 10:14:20 PM,19.42,0.0,0.0123
12147,03/07/20 10:14:30 PM,19.42,0.0,0.0123
12148,03/07/20 10:14:40 PM,19.42,0.0,0.0123
12149,03/07/20 10:14:50 PM,19.44,0.0,0.0123
12150,03/07/20 10:15:00 PM,19.44,0.0,0.0123
12151,03/07/20 10:15:10 PM,19.44,0.0,0.0123
12152,03/07/20 10:15:20 PM,19.44,0.0,0.0123
12153,03/07/20 10:15:30 PM,19.44,0.0,0.0123
12154,03/07/20 10:15:40 PM,19.44,0.0,0.0123
12155,03/07/20 10:15:50 PM,19.44,0.0,0.0123
12156,03/07/20 10:16:00 PM,19.44,0.0,0.0123
12157,03/07/20 10:16:10 PM,19.44,0.0,0.0123
12158,03/07/20 10:16:20 PM,19.44,0.0,0.0123
12159,03/07/20 10:16:30 PM,19.44,0.0,0.0123
12160,03/07/20 10:16:40 PM,19.44,0.0,0.0123
12161,03/07/20 10:16:50 PM,19.45,0.0,0.0123
12162,03/07/20 10:17:00 PM,19.45,0.0,0.0123
12163,03/07/20 10:17:10 PM,19.45,0.0,0.0123
12164,03/07/20 10:17:20 PM,19.45,0.0,0.0123
12165,03/07/20 10:17:30 PM,19.45,0.0,0.0123
12166,03/07/20 10:17:40 PM,19.45,0.0,0.0123
12167,03/07/20 10:17:50 PM,19.45,0.0,0.0123
12168,03/07/20 10:18:00 PM,19.45,0.0,0.0123
12169,03/07/20 10:18:10 PM,19.45,0.0,0.0123
12170,03/07/20 10:18:20 PM,19.45,0.0,0.0123
12171,03/07/20 10:18:30 PM,19.45,0.0,0.0123
12172,03/07/20 10:18:40 PM,19.45,0.0,0.0123
12173,03/07/20 10:18:50 PM,19.45,0.0,0.0123
12174,03/07/20 10:19:00 PM,19.45,0.0,0.0123
12175,03/07/20 10:19:10 PM,19.46,0.0,0.0123
12176,03/07/20 10:19:20 PM,19.45,0.0,0.0123
12177,03/07/20 10:19:30 PM,19.46,0.0,0.0123
12178,03/07/20 10:19:40 PM,19.46,0.0,0.0123
12179,03/07/20 10:19:50 PM,19.46,0.0,0.0123
12180,03/07/20 10:20:00 PM,19.46,0.0,0.0123
12181,03/07/20 10:20:10 PM,19.46,0.0,0.0123
12182,03/07/20 10:20:20 PM,19.46,0.0,0.0123
12183,03/07/20 10:20:30 PM,19.46,0.0,0.0123
12184,03/07/20 10:20:40 PM,19.46,0.0,0.0123
12185,03/07/20 10:20:50 PM,19.47,0.0,0.0123
12186,03/07/20 10:21:00 PM,19.47,0.0,0.0123
12187,03/07/20 10:21:10 PM,19.46,0.0,0.0123
12188,03/07/20 10:21:20 PM,19.46,0.0,0.0123
12189,03/07/20 10:21:30 PM,19.46,0.0,0.0123
12190,03/07/20 10:21:40 PM,19.47,0.0,0.0123
12191,03/07/20 10:21:50 PM,19.47,0.0,0.0123
12192,03/07/20 10:22:00 PM,19.47,0.0,0.0123
12193,03/07/20 10:22:10 PM,19.47,0.0,0.0123
12194,03/07/20 10:22:20 PM,19.47,0.0,0.0123
12195,03/07/20 10:22:30 PM,19.47,0.0,0.0123
12196,03/07/20 10:22:40 PM,19.47,0.0,0.0123
12197,03/07/20 10:22:50 PM,19.47,0.0,0.0123
12198,03/07/20 10:23:00 PM,19.47,0.0,0.0123
12199,03/07/20 10:23:10 PM,19.47,0.0,0.0123
12200,03/07/20 10:23:20 PM,19.47,0.0,0.0123
12201,03/07/20 10:23:30 PM,19.47,0.0,0.0123
12202,03/07/20 10:23:40 PM,19.48,0.0,0.0123
12203,03/07/20 10:23:50 PM,19.47,0.0,0.0123
12204,03/07/20 10:24:00 PM,19.47,0.0,0.0123
12205,03/07/20 10:24:10 PM,19.48,0.0,0.0123
12206,03/07/20 10:24:20 PM,19.48,0.0,0.0123
12207,03/07/20 10:24:30 PM,19.48,0.0,0.0123
12208,03/07/20 10:24:40 PM,19.47,0.0,0.0123
12209,03/07/20 10:24:50 PM,19.48,0.0,0.0123
12210,03/07/20 10:25:00 PM,19.48,0.0,0.0123
12211,03/07/20 10:25:10 PM,19.48,0.0,0.0123
12212,03/07/20 10:25:20 PM,19.48,0.0,0.0123
12213,03/07/20 10:25:30 PM,19.48,0.0,0.0123
12214,03/07/20 10:25:40 PM,19.48,0.0,0.0123
12215,03/07/20 10:25:50 PM,19.48,0.0,0.0123
12216,03/07/20 10:26:00 PM,19.48,0.0,0.0123
12217,03/07/20 10:26:10 PM,19.48,0.0,0.0123
12218,03/07/20 10:26:20 PM,19.48,0.0,0.0123
12219,03/07/20 10:26:30 PM,19.48,0.0,0.0123
12220,03/07/20 10:26:40 PM,19.48,0.0,0.0123
12221,03/07/20 10:26:50 PM,19.50,0.0,0.0123
12222,03/07/20 10:27:00 PM,19.50,0.0,0.0123
12223,03/07/20 10:27:10 PM,19.48,0.0,0.0123
12224,03/07/20 10:27:20 PM,19.50,0.0,0.0123
12225,03/07/20 10:27:30 PM,19.50,0.0,0.0123
12226,03/07/20 10:27:40 PM,19.50,0.0,0.0123
12227,03/07/20 10:27:50 PM,19.50,0.0,0.0123
12228,03/07/20 10:28:00 PM,19.50,0.0,0.0123
12229,03/07/20 10:28:10 PM,19.50,0.0,0.0123
12230,03/07/20 10:28:20 PM,19.50,0.0,0.0123
12231,03/07/20 10:28:30 PM,19.50,0.0,0.0123
12232,03/07/20 10:28:40 PM,19.50,0.0,0.0123
12233,03/07/20 10:28:50 PM,19.50,0.0,0.0123
12234,03/07/20 10:29:00 PM,19.50,0.0,0.0123
12235,03/07/20 10:29:10 PM,19.50,0.0,0.0123
12236,03/07/20 10:29:20 PM,19.50,0.0,0.0123
12237,03/07/20 10:29:30 PM,19.50,0.0,0.0123
12238,03/07/20 10:29:40 PM,19.50,0.0,0.0123
12239,03/07/20 10:29:50 PM,19.50,0.0,0.0123
12240,03/07/20 10:30:00 PM,19.50,0.0,0.0123
12241,03/07/20 10:30:10 PM,19.51,0.0,0.0123
12242,03/07/20 10:30:20 PM,19.51,0.0,0.0123
12243,03/07/20 10:30:30 PM,19.51,0.0,0.0123
12244,03/07/20 10:30:40 PM,19.51,0.0,0.0123
12245,03/07/20 10:30:50 PM,19.51,0.0,0.0123
12246,03/07/20 10:31:00 PM,19.51,0.0,0.0123
12247,03/07/20 10:31:10 PM,19.51,0.0,0.0123
12248,03/07/20 10:31:20 PM,19.51,0.0,0.0123
12249,03/07/20 10:31:30 PM,19.51,0.0,0.0123
12250,03/07/20 10:31:40 PM,19.51,0.0,0.0123
12251,03/07/20 10:31:50 PM,19.51,0.0,0.0123
12252,03/07/20 10:32:00 PM,19.51,0.0,0.0123
12253,03/07/20 10:32:10 PM,19.52,0.0,0.0123
12254,03/07/20 10:32:20 PM,19.51,0.0,0.0123
12255,03/07/20 10:32:30 PM,19.51,0.0,0.0123
12256,03/07/20 10:32:40 PM,19.51,0.0,0.0123
12257,03/07/20 10:32:50 PM,19.51,0.0,0.0123
12258,03/07/20 10:33:00 PM,19.52,0.0,0.0123
12259,03/07/20 10:33:10 PM,19.52,0.0,0.0123
12260,03/07/20 10:33:20 PM,19.52,0.0,0.0123
12261,03/07/20 10:33:30 PM,19.52,0.0,0.0123
12262,03/07/20 10:33:40 PM,19.52,0.0,0.0123
12263,03/07/20 10:33:50 PM,19.51,0.0,0.0123
12264,03/07/20 10:34:00 PM,19.52,0.0,0.0123
12265,03/07/20 10:34:10 PM,19.52,0.0,0.0123
12266,03/07/20 10:34:20 PM,19.52,0.0,0.0123
12267,03/07/20 10:34:30 PM,19.52,0.0,0.0123
12268,03/07/20 10:34:40 PM,19.52,0.0,0.0123
12269,03/07/20 10:34:50 PM,19.52,0.0,0.0123
12270,03/07/20 10:35:00 PM,19.52,0.0,0.0123
12271,03/07/20 10:35:10 PM,19.52,0.0,0.0123
12272,03/07/20 10:35:20 PM,19.52,0.0,0.0123
12273,03/07/20 10:35:30 PM,19.52,0.0,0.0123
12274,03/07/20 10:35:40 PM,19.52,0.0,0.0123
12275,03/07/20 10:35:50 PM,19.52,0.0,0.0123
12276,03/07/20 10:36:00 PM,19.53,0.0,0.0123
12277,03/07/20 10:36:10 PM,19.53,0.0,0.0123
12278,03/07/20 10:36:20 PM,19.52,0.0,0.0123
12279,03/07/20 10:36:30 PM,19.53,0.0,0.0123
12280,03/07/20 10:36:40 PM,19.53,0.0,0.0123
12281,03/07/20 10:36:50 PM,19.53,0.0,0.0123
12282,03/07/20 10:37:00 PM,19.53,0.0,0.0123
12283,03/07/20 10:37:10 PM,19.52,0.0,0.0123
12284,03/07/20 10:37:20 PM,19.53,0.0,0.0123
12285,03/07/20 10:37:30 PM,19.53,0.0,0.0123
12286,03/07/20 10:37:40 PM,19.53,0.0,0.0123
12287,03/07/20 10:37:50 PM,19.53,0.0,0.0123
12288,03/07/20 10:38:00 PM,19.53,0.0,0.0123
12289,03/07/20 10:38:10 PM,19.53,0.0,0.0123
12290,03/07/20 10:38:20 PM,19.53,0.0,0.0123
12291,03/07/20 10:38:30 PM,19.53,0.0,0.0123
12292,03/07/20 10:38:40 PM,19.53,0.0,0.0123
12293,03/07/20 10:38:50 PM,19.53,0.0,0.0123
12294,03/07/20 10:39:00 PM,19.53,0.0,0.0123
12295,03/07/20 10:39:10 PM,19.53,0.0,0.0123
12296,03/07/20 10:39:20 PM,19.53,0.0,0.0123
12297,03/07/20 10:39:30 PM,19.55,0.0,0.0123
12298,03/07/20 10:39:40 PM,19.53,0.0,0.0123
12299,03/07/20 10:39:50 PM,19.53,0.0,0.0123
12300,03/07/20 10:40:00 PM,19.53,0.0,0.0123
12301,03/07/20 10:40:10 PM,19.53,0.0,0.0123
12302,03/07/20 10:40:20 PM,19.53,0.0,0.0123
12303,03/07/20 10:40:30 PM,19.55,0.0,0.0123
12304,03/07/20 10:40:40 PM,19.55,0.0,0.0123
12305,03/07/20 10:40:50 PM,19.53,0.0,0.0123
12306,03/07/20 10:41:00 PM,19.55,0.0,0.0123
12307,03/07/20 10:41:10 PM,19.55,0.0,0.0123
12308,03/07/20 10:41:20 PM,19.55,0.0,0.0123
12309,03/07/20 10:41:30 PM,19.55,0.0,0.0123
12310,03/07/20 10:41:40 PM,19.55,0.0,0.0123
12311,03/07/20 10:41:50 PM,19.55,0.0,0.0123
12312,03/07/20 10:42:00 PM,19.55,0.0,0.0123
12313,03/07/20 10:42:10 PM,19.55,0.0,0.0123
12314,03/07/20 10:42:20 PM,19.55,0.0,0.0123
12315,03/07/20 10:42:30 PM,19.55,0.0,0.0123
12316,03/07/20 10:42:40 PM,19.55,0.0,0.0123
12317,03/07/20 10:42:50 PM,19.55,0.0,0.0123
12318,03/07/20 10:43:00 PM,19.55,0.0,0.0123
12319,03/07/20 10:43:10 PM,19.55,0.0,0.0123
12320,03/07/20 10:43:20 PM,19.55,0.0,0.0123
12321,03/07/20 10:43:30 PM,19.55,0.0,0.0123
12322,03/07/20 10:43:40 PM,19.55,0.0,0.0123
12323,03/07/20 10:43:50 PM,19.56,0.0,0.0123
12324,03/07/20 10:44:00 PM,19.56,0.0,0.0123
12325,03/07/20 10:44:10 PM,19.56,0.0,0.0123
12326,03/07/20 10:44:20 PM,19.56,0.0,0.0123
12327,03/07/20 10:44:30 PM,19.56,0.0,0.0123
12328,03/07/20 10:44:40 PM,19.56,0.0,0.0123
12329,03/07/20 10:44:50 PM,19.56,0.0,0.0123
12330,03/07/20 10:45:00 PM,19.56,0.0,0.0123
12331,03/07/20 10:45:10 PM,19.56,0.0,0.0123
12332,03/07/20 10:45:20 PM,19.56,0.0,0.0123
12333,03/07/20 10:45:30 PM,19.56,0.0,0.0123
12334,03/07/20 10:45:40 PM,19.56,0.0,0.0123
12335,03/07/20 10:45:50 PM,19.56,0.0,0.0123
12336,03/07/20 10:46:00 PM,19.56,0.0,0.0123
12337,03/07/20 10:46:10 PM,19.56,0.0,0.0123
12338,03/07/20 10:46:20 PM,19.56,0.0,0.0123
12339,03/07/20 10:46:30 PM,19.56,0.0,0.0123
12340,03/07/20 10:46:40 PM,19.56,0.0,0.0123
12341,03/07/20 10:46:50 PM,19.56,0.0,0.0123
12342,03/07/20 10:47:00 PM,19.57,0.0,0.0123
12343,03/07/20 10:47:10 PM,19.56,0.0,0.0123
12344,03/07/20 10:47:20 PM,19.56,0.0,0.0123
12345,03/07/20 10:47:30 PM,19.56,0.0,0.0123
12346,03/07/20 10:47:40 PM,19.57,0.0,0.0123
12347,03/07/20 10:47:50 PM,19.56,0.0,0.0123
12348,03/07/20 10:48:00 PM,19.57,0.0,0.0123
12349,03/07/20 10:48:10 PM,19.57,0.0,0.0123
12350,03/07/20 10:48:20 PM,19.57,0.0,0.0123
12351,03/07/20 10:48:30 PM,19.57,0.0,0.0123
12352,03/07/20 10:48:40 PM,19.57,0.0,0.0123
12353,03/07/20 10:48:50 PM,19.57,0.0,0.0123
12354,03/07/20 10:49:00 PM,19.57,0.0,0.0123
12355,03/07/20 10:49:10 PM,19.57,0.0,0.0123
12356,03/07/20 10:49:20 PM,19.57,0.0,0.0123
12357,03/07/20 10:49:30 PM,19.57,0.0,0.0123
12358,03/07/20 10:49:40 PM,19.57,0.0,0.0123
12359,03/07/20 10:49:50 PM,19.58,0.0,0.0123
12360,03/07/20 10:50:00 PM,19.58,0.0,0.0123
12361,03/07/20 10:50:10 PM,19.57,0.0,0.0123
12362,03/07/20 10:50:20 PM,19.57,0.0,0.0123
12363,03/07/20 10:50:30 PM,19.58,0.0,0.0123
12364,03/07/20 10:50:40 PM,19.57,0.0,0.0123
12365,03/07/20 10:50:50 PM,19.58,0.0,0.0123
12366,03/07/20 10:51:00 PM,19.58,0.0,0.0123
12367,03/07/20 10:51:10 PM,19.58,0.0,0.0123
12368,03/07/20 10:51:20 PM,19.58,0.0,0.0123
12369,03/07/20 10:51:30 PM,19.58,0.0,0.0123
12370,03/07/20 10:51:40 PM,19.58,0.0,0.0123
12371,03/07/20 10:51:50 PM,19.58,0.0,0.0123
12372,03/07/20 10:52:00 PM,19.58,0.0,0.0123
12373,03/07/20 10:52:10 PM,19.58,0.0,0.0123
12374,03/07/20 10:52:20 PM,19.58,0.0,0.0123
12375,03/07/20 10:52:30 PM,19.58,0.0,0.0123
12376,03/07/20 10:52:40 PM,19.58,0.0,0.0123
12377,03/07/20 10:52:50 PM,19.58,0.0,0.0123
12378,03/07/20 10:53:00 PM,19.58,0.0,0.0123
12379,03/07/20 10:53:10 PM,19.58,0.0,0.0123
12380,03/07/20 10:53:20 PM,19.58,0.0,0.0123
12381,03/07/20 10:53:30 PM,19.59,0.0,0.0123
12382,03/07/20 10:53:40 PM,19.59,0.0,0.0123
12383,03/07/20 10:53:50 PM,19.59,0.0,0.0123
12384,03/07/20 10:54:00 PM,19.59,0.0,0.0123
12385,03/07/20 10:54:10 PM,19.59,0.0,0.0123
12386,03/07/20 10:54:20 PM,19.59,0.0,0.0123
12387,03/07/20 10:54:30 PM,19.59,0.0,0.0123
12388,03/07/20 10:54:40 PM,19.59,0.0,0.0123
12389,03/07/20 10:54:50 PM,19.59,0.0,0.0123
12390,03/07/20 10:55:00 PM,19.59,0.0,0.0123
12391,03/07/20 10:55:10 PM,19.59,0.0,0.0123
12392,03/07/20 10:55:20 PM,19.59,0.0,0.0123
12393,03/07/20 10:55:30 PM,19.59,0.0,0.0123
12394,03/07/20 10:55:40 PM,19.59,0.0,0.0123
12395,03/07/20 10:55:50 PM,19.59,0.0,0.0123
12396,03/07/20 10:56:00 PM,19.59,0.0,0.0123
12397,03/07/20 10:56:10 PM,19.59,0.0,0.0123
12398,03/07/20 10:56:20 PM,19.59,0.0,0.0123
12399,03/07/20 10:56:30 PM,19.61,0.0,0.0123
12400,03/07/20 10:56:40 PM,19.61,0.0,0.0123
12401,03/07/20 10:56:50 PM,19.61,0.0,0.0123
12402,03/07/20 10:57:00 PM,19.61,0.0,0.0123
12403,03/07/20 10:57:10 PM,19.61,0.0,0.0123
12404,03/07/20 10:57:20 PM,19.61,0.0,0.0123
12405,03/07/20 10:57:30 PM,19.61,0.0,0.0123
12406,03/07/20 10:57:40 PM,19.61,0.0,0.0123
12407,03/07/20 10:57:50 PM,19.61,0.0,0.0123
12408,03/07/20 10:58:00 PM,19.61,0.0,0.0123
12409,03/07/20 10:58:10 PM,19.61,0.0,0.0123
12410,03/07/20 10:58:20 PM,19.61,0.0,0.0123
12411,03/07/20 10:58:30 PM,19.62,0.0,0.0123
12412,03/07/20 10:58:40 PM,19.61,0.0,0.0123
12413,03/07/20 10:58:50 PM,19.61,0.0,0.0123
12414,03/07/20 10:59:00 PM,19.61,0.0,0.0123
12415,03/07/20 10:59:10 PM,19.61,0.0,0.0123
12416,03/07/20 10:59:20 PM,19.61,0.0,0.0123
12417,03/07/20 10:59:30 PM,19.61,0.0,0.0123
12418,03/07/20 10:59:40 PM,19.62,0.0,0.0123
12419,03/07/20 10:59:50 PM,19.62,0.0,0.0123
12420,03/07/20 11:00:00 PM,19.61,0.0,0.0123
12421,03/07/20 11:00:10 PM,19.62,0.0,0.0123
12422,03/07/20 11:00:20 PM,19.61,0.0,0.0123
12423,03/07/20 11:00:30 PM,19.62,0.0,0.0123
12424,03/07/20 11:00:40 PM,19.62,0.0,0.0123
12425,03/07/20 11:00:50 PM,19.62,0.0,0.0123
12426,03/07/20 11:01:00 PM,19.62,0.0,0.0123
12427,03/07/20 11:01:10 PM,19.62,0.0,0.0123
12428,03/07/20 11:01:20 PM,19.62,0.0,0.0123
12429,03/07/20 11:01:30 PM,19.62,0.0,0.0123
12430,03/07/20 11:01:40 PM,19.62,0.0,0.0123
12431,03/07/20 11:01:50 PM,19.62,0.0,0.0123
12432,03/07/20 11:02:00 PM,19.62,0.0,0.0123
12433,03/07/20 11:02:10 PM,19.62,0.0,0.0123
12434,03/07/20 11:02:20 PM,19.62,0.0,0.0123
12435,03/07/20 11:02:30 PM,19.62,0.0,0.0123
12436,03/07/20 11:02:40 PM,19.62,0.0,0.0123
12437,03/07/20 11:02:50 PM,19.62,0.0,0.0123
12438,03/07/20 11:03:00 PM,19.62,0.0,0.0123
12439,03/07/20 11:03:10 PM,19.62,0.0,0.0123
12440,03/07/20 11:03:20 PM,19.62,0.0,0.0123
12441,03/07/20 11:03:30 PM,19.62,0.0,0.0123
12442,03/07/20 11:03:40 PM,19.62,0.0,0.0123
12443,03/07/20 11:03:50 PM,19.62,0.0,0.0123
12444,03/07/20 11:04:00 PM,19.63,0.0,0.0123
12445,03/07/20 11:04:10 PM,19.63,0.0,0.0123
12446,03/07/20 11:04:20 PM,19.63,0.0,0.0123
12447,03/07/20 11:04:30 PM,19.63,0.0,0.0123
12448,03/07/20 11:04:40 PM,19.63,0.0,0.0123
12449,03/07/20 11:04:50 PM,19.63,0.0,0.0123
12450,03/07/20 11:05:00 PM,19.63,0.0,0.0123
12451,03/07/20 11:05:10 PM,19.63,0.0,0.0123
12452,03/07/20 11:05:20 PM,19.63,0.0,0.0123
12453,03/07/20 11:05:30 PM,19.63,0.0,0.0123
12454,03/07/20 11:05:40 PM,19.63,0.0,0.0123
12455,03/07/20 11:05:50 PM,19.63,0.0,0.0123
12456,03/07/20 11:06:00 PM,19.63,0.0,0.0123
12457,03/07/20 11:06:10 PM,19.63,0.0,0.0123
12458,03/07/20 11:06:20 PM,19.63,0.0,0.0123
12459,03/07/20 11:06:30 PM,19.64,0.0,0.0123
12460,03/07/20 11:06:40 PM,19.64,0.0,0.0123
12461,03/07/20 11:06:50 PM,19.63,0.0,0.0123
12462,03/07/20 11:07:00 PM,19.64,0.0,0.0123
12463,03/07/20 11:07:10 PM,19.64,0.0,0.0123
12464,03/07/20 11:07:20 PM,19.64,0.0,0.0123
12465,03/07/20 11:07:30 PM,19.64,0.0,0.0123
12466,03/07/20 11:07:40 PM,19.64,0.0,0.0123
12467,03/07/20 11:07:50 PM,19.64,0.0,0.0123
12468,03/07/20 11:08:00 PM,19.64,0.0,0.0123
12469,03/07/20 11:08:10 PM,19.64,0.0,0.0123
12470,03/07/20 11:08:20 PM,19.64,0.0,0.0123
12471,03/07/20 11:08:30 PM,19.66,0.0,0.0123
12472,03/07/20 11:08:40 PM,19.64,0.0,0.0123
12473,03/07/20 11:08:50 PM,19.64,0.0,0.0123
12474,03/07/20 11:09:00 PM,19.66,0.0,0.0123
12475,03/07/20 11:09:10 PM,19.66,0.0,0.0123
12476,03/07/20 11:09:20 PM,19.66,0.0,0.0123
12477,03/07/20 11:09:30 PM,19.66,0.0,0.0123
12478,03/07/20 11:09:40 PM,19.66,0.0,0.0123
12479,03/07/20 11:09:50 PM,19.66,0.0,0.0123
12480,03/07/20 11:10:00 PM,19.66,0.0,0.0123
12481,03/07/20 11:10:10 PM,19.66,0.0,0.0123
12482,03/07/20 11:10:20 PM,19.66,0.0,0.0123
12483,03/07/20 11:10:30 PM,19.66,0.0,0.0123
12484,03/07/20 11:10:40 PM,19.66,0.0,0.0123
12485,03/07/20 11:10:50 PM,19.66,0.0,0.0123
12486,03/07/20 11:11:00 PM,19.66,0.0,0.0123
12487,03/07/20 11:11:10 PM,19.66,0.0,0.0123
12488,03/07/20 11:11:20 PM,19.67,0.0,0.0123
12489,03/07/20 11:11:30 PM,19.66,0.0,0.0123
12490,03/07/20 11:11:40 PM,19.66,0.0,0.0123
12491,03/07/20 11:11:50 PM,19.66,0.0,0.0123
12492,03/07/20 11:12:00 PM,19.67,0.0,0.0123
12493,03/07/20 11:12:10 PM,19.67,0.0,0.0123
12494,03/07/20 11:12:20 PM,19.66,0.0,0.0123
12495,03/07/20 11:12:30 PM,19.67,0.0,0.0123
12496,03/07/20 11:12:40 PM,19.66,0.0,0.0123
12497,03/07/20 11:12:50 PM,19.67,0.0,0.0123
12498,03/07/20 11:13:00 PM,19.67,0.0,0.0123
12499,03/07/20 11:13:10 PM,19.67,0.0,0.0123
12500,03/07/20 11:13:20 PM,19.67,0.0,0.0123
12501,03/07/20 11:13:30 PM,19.67,0.0,0.0123
12502,03/07/20 11:13:40 PM,19.67,0.0,0.0123
12503,03/07/20 11:13:50 PM,19.67,0.0,0.0123
12504,03/07/20 11:14:00 PM,19.67,0.0,0.0123
12505,03/07/20 11:14:10 PM,19.67,0.0,0.0123
12506,03/07/20 11:14:20 PM,19.67,0.0,0.0123
12507,03/07/20 11:14:30 PM,19.67,0.0,0.0123
12508,03/07/20 11:14:40 PM,19.67,0.0,0.0123
12509,03/07/20 11:14:50 PM,19.67,0.0,0.0123
12510,03/07/20 11:15:00 PM,19.67,0.0,0.0123
12511,03/07/20 11:15:10 PM,19.67,0.0,0.0123
12512,03/07/20 11:15:20 PM,19.67,0.0,0.0123
12513,03/07/20 11:15:30 PM,19.68,0.0,0.0123
12514,03/07/20 11:15:40 PM,19.68,0.0,0.0123
12515,03/07/20 11:15:50 PM,19.68,0.0,0.0123
12516,03/07/20 11:16:00 PM,19.67,0.0,0.0123
12517,03/07/20 11:16:10 PM,19.68,0.0,0.0123
12518,03/07/20 11:16:20 PM,19.68,0.0,0.0123
12519,03/07/20 11:16:30 PM,19.68,0.0,0.0123
12520,03/07/20 11:16:40 PM,19.68,0.0,0.0123
12521,03/07/20 11:16:50 PM,19.68,0.0,0.0123
12522,03/07/20 11:17:00 PM,19.68,0.0,0.0123
12523,03/07/20 11:17:10 PM,19.69,0.0,0.0123
12524,03/07/20 11:17:20 PM,19.68,0.0,0.0123
12525,03/07/20 11:17:30 PM,19.68,0.0,0.0123
12526,03/07/20 11:17:40 PM,19.68,0.0,0.0123
12527,03/07/20 11:17:50 PM,19.69,0.0,0.0123
12528,03/07/20 11:18:00 PM,19.68,0.0,0.0123
12529,03/07/20 11:18:10 PM,19.68,0.0,0.0123
12530,03/07/20 11:18:20 PM,19.68,0.0,0.0123
12531,03/07/20 11:18:30 PM,19.69,0.0,0.0123
12532,03/07/20 11:18:40 PM,19.69,0.0,0.0123
12533,03/07/20 11:18:50 PM,19.68,0.0,0.0123
12534,03/07/20 11:19:00 PM,19.68,0.0,0.0123
12535,03/07/20 11:19:10 PM,19.68,0.0,0.0123
12536,03/07/20 11:19:20 PM,19.69,0.0,0.0123
12537,03/07/20 11:19:30 PM,19.69,0.0,0.0123
12538,03/07/20 11:19:40 PM,19.69,0.0,0.0123
12539,03/07/20 11:19:50 PM,19.69,0.0,0.0123
12540,03/07/20 11:20:00 PM,19.69,0.0,0.0123
12541,03/07/20 11:20:10 PM,19.69,0.0,0.0123
12542,03/07/20 11:20:20 PM,19.69,0.0,0.0123
12543,03/07/20 11:20:30 PM,19.69,0.0,0.0123
12544,03/07/20 11:20:40 PM,19.69,0.0,0.0123
12545,03/07/20 11:20:50 PM,19.69,0.0,0.0123
12546,03/07/20 11:21:00 PM,19.69,0.0,0.0123
12547,03/07/20 11:21:10 PM,19.71,0.0,0.0123
12548,03/07/20 11:21:20 PM,19.71,0.0,0.0123
12549,03/07/20 11:21:30 PM,19.69,0.0,0.0123
12550,03/07/20 11:21:40 PM,19.71,0.0,0.0123
12551,03/07/20 11:21:50 PM,19.71,0.0,0.0123
12552,03/07/20 11:22:00 PM,19.71,0.0,0.0123
12553,03/07/20 11:22:10 PM,19.71,0.0,0.0123
12554,03/07/20 11:22:20 PM,19.71,0.0,0.0123
12555,03/07/20 11:22:30 PM,19.71,0.0,0.0123
12556,03/07/20 11:22:40 PM,19.71,0.0,0.0123
12557,03/07/20 11:22:50 PM,19.71,0.0,0.0123
12558,03/07/20 11:23:00 PM,19.71,0.0,0.0123
12559,03/07/20 11:23:10 PM,19.71,0.0,0.0123
12560,03/07/20 11:23:20 PM,19.71,0.0,0.0123
12561,03/07/20 11:23:30 PM,19.71,0.0,0.0123
12562,03/07/20 11:23:40 PM,19.71,0.0,0.0123
12563,03/07/20 11:23:50 PM,19.71,0.0,0.0123
12564,03/07/20 11:24:00 PM,19.71,0.0,0.0123
12565,03/07/20 11:24:10 PM,19.72,0.0,0.0123
12566,03/07/20 11:24:20 PM,19.72,0.0,0.0123
12567,03/07/20 11:24:30 PM,19.71,0.0,0.0123
12568,03/07/20 11:24:40 PM,19.72,0.0,0.0123
12569,03/07/20 11:24:50 PM,19.72,0.0,0.0123
12570,03/07/20 11:25:00 PM,19.72,0.0,0.0123
12571,03/07/20 11:25:10 PM,19.72,0.0,0.0123
12572,03/07/20 11:25:20 PM,19.72,0.0,0.0123
12573,03/07/20 11:25:30 PM,19.72,0.0,0.0123
12574,03/07/20 11:25:40 PM,19.72,0.0,0.0123
12575,03/07/20 11:25:50 PM,19.73,0.0,0.0123
12576,03/07/20 11:26:00 PM,19.73,0.0,0.0123
12577,03/07/20 11:26:10 PM,19.73,0.0,0.0123
12578,03/07/20 11:26:20 PM,19.73,0.0,0.0123
12579,03/07/20 11:26:30 PM,19.73,0.0,0.0123
12580,03/07/20 11:26:40 PM,19.73,0.0,0.0123
12581,03/07/20 11:26:50 PM,19.73,0.0,0.0123
12582,03/07/20 11:27:00 PM,19.73,0.0,0.0123
12583,03/07/20 11:27:10 PM,19.73,0.0,0.0123
12584,03/07/20 11:27:20 PM,19.73,0.0,0.0123
12585,03/07/20 11:27:30 PM,19.73,0.0,0.0123
12586,03/07/20 11:27:40 PM,19.73,0.0,0.0123
12587,03/07/20 11:27:50 PM,19.73,0.0,0.0123
12588,03/07/20 11:28:00 PM,19.74,0.0,0.0123
12589,03/07/20 11:28:10 PM,19.74,0.0,0.0123
12590,03/07/20 11:28:20 PM,19.74,0.0,0.0123
12591,03/07/20 11:28:30 PM,19.73,0.0,0.0123
12592,03/07/20 11:28:40 PM,19.74,0.0,0.0123
12593,03/07/20 11:28:50 PM,19.74,0.0,0.0123
12594,03/07/20 11:29:00 PM,19.74,0.0,0.0123
12595,03/07/20 11:29:10 PM,19.74,0.0,0.0123
12596,03/07/20 11:29:20 PM,19.74,0.0,0.0123
12597,03/07/20 11:29:30 PM,19.74,0.0,0.0123
12598,03/07/20 11:29:40 PM,19.74,0.0,0.0123
12599,03/07/20 11:29:50 PM,19.74,0.0,0.0123
12600,03/07/20 11:30:00 PM,19.74,0.0,0.0123
12601,03/07/20 11:30:10 PM,19.74,0.0,0.0123
12602,03/07/20 11:30:20 PM,19.74,0.0,0.0123
12603,03/07/20 11:30:30 PM,19.74,0.0,0.0123
12604,03/07/20 11:30:40 PM,19.74,0.0,0.0123
12605,03/07/20 11:30:50 PM,19.74,0.0,0.0123
12606,03/07/20 11:31:00 PM,19.75,0.0,0.0123
12607,03/07/20 11:31:10 PM,19.74,0.0,0.0123
12608,03/07/20 11:31:20 PM,19.74,0.0,0.0123
12609,03/07/20 11:31:30 PM,19.75,0.0,0.0123
12610,03/07/20 11:31:40 PM,19.74,0.0,0.0123
12611,03/07/20 11:31:50 PM,19.75,0.0,0.0123
12612,03/07/20 11:32:00 PM,19.75,0.0,0.0123
12613,03/07/20 11:32:10 PM,19.75,0.0,0.0123
12614,03/07/20 11:32:20 PM,19.75,0.0,0.0123
12615,03/07/20 11:32:30 PM,19.75,0.0,0.0123
12616,03/07/20 11:32:40 PM,19.75,0.0,0.0123
12617,03/07/20 11:32:50 PM,19.75,0.0,0.0123
12618,03/07/20 11:33:00 PM,19.75,0.0,0.0123
12619,03/07/20 11:33:10 PM,19.75,0.0,0.0123
12620,03/07/20 11:33:20 PM,19.75,0.0,0.0123
12621,03/07/20 11:33:30 PM,19.75,0.0,0.0123
12622,03/07/20 11:33:40 PM,19.75,0.0,0.0123
12623,03/07/20 11:33:50 PM,19.75,0.0,0.0123
12624,03/07/20 11:34:00 PM,19.75,0.0,0.0123
12625,03/07/20 11:34:10 PM,19.75,0.0,0.0123
12626,03/07/20 11:34:20 PM,19.75,0.0,0.0123
12627,03/07/20 11:34:30 PM,19.75,0.0,0.0123
12628,03/07/20 11:34:40 PM,19.75,0.0,0.0123
12629,03/07/20 11:34:50 PM,19.77,0.0,0.0123
12630,03/07/20 11:35:00 PM,19.75,0.0,0.0123
12631,03/07/20 11:35:10 PM,19.75,0.0,0.0123
12632,03/07/20 11:35:20 PM,19.75,0.0,0.0123
12633,03/07/20 11:35:30 PM,19.77,0.0,0.0123
12634,03/07/20 11:35:40 PM,19.77,0.0,0.0123
12635,03/07/20 11:35:50 PM,19.77,0.0,0.0123
12636,03/07/20 11:36:00 PM,19.75,0.0,0.0123
12637,03/07/20 11:36:10 PM,19.77,0.0,0.0123
12638,03/07/20 11:36:20 PM,19.75,0.0,0.0123
12639,03/07/20 11:36:30 PM,19.77,0.0,0.0123
12640,03/07/20 11:36:40 PM,19.77,0.0,0.0123
12641,03/07/20 11:36:50 PM,19.77,0.0,0.0123
12642,03/07/20 11:37:00 PM,19.77,0.0,0.0123
12643,03/07/20 11:37:10 PM,19.77,0.0,0.0123
12644,03/07/20 11:37:20 PM,19.77,0.0,0.0123
12645,03/07/20 11:37:30 PM,19.77,0.0,0.0123
12646,03/07/20 11:37:40 PM,19.77,0.0,0.0123
12647,03/07/20 11:37:50 PM,19.77,0.0,0.0123
12648,03/07/20 11:38:00 PM,19.77,0.0,0.0123
12649,03/07/20 11:38:10 PM,19.77,0.0,0.0123
12650,03/07/20 11:38:20 PM,19.78,0.0,0.0123
12651,03/07/20 11:38:30 PM,19.77,0.0,0.0123
12652,03/07/20 11:38:40 PM,19.77,0.0,0.0123
12653,03/07/20 11:38:50 PM,19.77,0.0,0.0123
12654,03/07/20 11:39:00 PM,19.77,0.0,0.0123
12655,03/07/20 11:39:10 PM,19.77,0.0,0.0123
12656,03/07/20 11:39:20 PM,19.78,0.0,0.0123
12657,03/07/20 11:39:30 PM,19.77,0.0,0.0123
12658,03/07/20 11:39:40 PM,19.77,0.0,0.0123
12659,03/07/20 11:39:50 PM,19.78,0.0,0.0123
12660,03/07/20 11:40:00 PM,19.78,0.0,0.0123
12661,03/07/20 11:40:10 PM,19.77,0.0,0.0123
12662,03/07/20 11:40:20 PM,19.78,0.0,0.0123
12663,03/07/20 11:40:30 PM,19.77,0.0,0.0123
12664,03/07/20 11:40:40 PM,19.78,0.0,0.0123
12665,03/07/20 11:40:50 PM,19.78,0.0,0.0123
12666,03/07/20 11:41:00 PM,19.78,0.0,0.0123
12667,03/07/20 11:41:10 PM,19.78,0.0,0.0123
12668,03/07/20 11:41:20 PM,19.77,0.0,0.0123
12669,03/07/20 11:41:30 PM,19.77,0.0,0.0123
12670,03/07/20 11:41:40 PM,19.78,0.0,0.0123
12671,03/07/20 11:41:50 PM,19.78,0.0,0.0123
12672,03/07/20 11:42:00 PM,19.78,0.0,0.0123
12673,03/07/20 11:42:10 PM,19.78,0.0,0.0123
12674,03/07/20 11:42:20 PM,19.78,0.0,0.0123
12675,03/07/20 11:42:30 PM,19.78,0.0,0.0123
12676,03/07/20 11:42:40 PM,19.78,0.0,0.0123
12677,03/07/20 11:42:50 PM,19.78,0.0,0.0123
12678,03/07/20 11:43:00 PM,19.78,0.0,0.0123
12679,03/07/20 11:43:10 PM,19.78,0.0,0.0123
12680,03/07/20 11:43:20 PM,19.78,0.0,0.0123
12681,03/07/20 11:43:30 PM,19.78,0.0,0.0123
12682,03/07/20 11:43:40 PM,19.78,0.0,0.0123
12683,03/07/20 11:43:50 PM,19.78,0.0,0.0123
12684,03/07/20 11:44:00 PM,19.78,0.0,0.0123
12685,03/07/20 11:44:10 PM,19.78,0.0,0.0123
12686,03/07/20 11:44:20 PM,19.79,0.0,0.0123
12687,03/07/20 11:44:30 PM,19.78,0.0,0.0123
12688,03/07/20 11:44:40 PM,19.78,0.0,0.0123
12689,03/07/20 11:44:50 PM,19.78,0.0,0.0123
12690,03/07/20 11:45:00 PM,19.78,0.0,0.0123
12691,03/07/20 11:45:10 PM,19.78,0.0,0.0123
12692,03/07/20 11:45:20 PM,19.79,0.0,0.0123
12693,03/07/20 11:45:30 PM,19.78,0.0,0.0123
12694,03/07/20 11:45:40 PM,19.78,0.0,0.0123
12695,03/07/20 11:45:50 PM,19.78,0.0,0.0123
12696,03/07/20 11:46:00 PM,19.78,0.0,0.0123
12697,03/07/20 11:46:10 PM,19.78,0.0,0.0123
12698,03/07/20 11:46:20 PM,19.78,0.0,0.0123
12699,03/07/20 11:46:30 PM,19.78,0.0,0.0123
12700,03/07/20 11:46:40 PM,19.78,0.0,0.0123
12701,03/07/20 11:46:50 PM,19.78,0.0,0.0123
12702,03/07/20 11:47:00 PM,19.78,0.0,0.0123
12703,03/07/20 11:47:10 PM,19.78,0.0,0.0123
12704,03/07/20 11:47:20 PM,19.78,0.0,0.0123
12705,03/07/20 11:47:30 PM,19.78,0.0,0.0123
12706,03/07/20 11:47:40 PM,19.78,0.0,0.0123
12707,03/07/20 11:47:50 PM,19.78,0.0,0.0123
12708,03/07/20 11:48:00 PM,19.78,0.0,0.0123
12709,03/07/20 11:48:10 PM,19.78,0.0,0.0123
12710,03/07/20 11:48:20 PM,19.78,0.0,0.0123
12711,03/07/20 11:48:30 PM,19.78,0.0,0.0123
12712,03/07/20 11:48:40 PM,19.78,0.0,0.0123
12713,03/07/20 11:48:50 PM,19.78,0.0,0.0123
12714,03/07/20 11:49:00 PM,19.78,0.0,0.0123
12715,03/07/20 11:49:10 PM,19.78,0.0,0.0123
12716,03/07/20 11:49:20 PM,19.78,0.0,0.0123
12717,03/07/20 11:49:30 PM,19.78,0.0,0.0123
12718,03/07/20 11:49:40 PM,19.78,0.0,0.0123
12719,03/07/20 11:49:50 PM,19.78,0.0,0.0123
12720,03/07/20 11:50:00 PM,19.79,0.0,0.0123
12721,03/07/20 11:50:10 PM,19.78,0.0,0.0123
12722,03/07/20 11:50:20 PM,19.79,0.0,0.0123
12723,03/07/20 11:50:30 PM,19.78,0.0,0.0123
12724,03/07/20 11:50:40 PM,19.78,0.0,0.0123
12725,03/07/20 11:50:50 PM,19.78,0.0,0.0123
12726,03/07/20 11:51:00 PM,19.78,0.0,0.0123
12727,03/07/20 11:51:10 PM,19.78,0.0,0.0123
12728,03/07/20 11:51:20 PM,19.78,0.0,0.0123
12729,03/07/20 11:51:30 PM,19.78,0.0,0.0123
12730,03/07/20 11:51:40 PM,19.78,0.0,0.0123
12731,03/07/20 11:51:50 PM,19.78,0.0,0.0123
12732,03/07/20 11:52:00 PM,19.78,0.0,0.0123
12733,03/07/20 11:52:10 PM,19.78,0.0,0.0123
12734,03/07/20 11:52:20 PM,19.78,0.0,0.0123
12735,03/07/20 11:52:30 PM,19.78,0.0,0.0123
12736,03/07/20 11:52:40 PM,19.78,0.0,0.0123
12737,03/07/20 11:52:50 PM,19.78,0.0,0.0123
12738,03/07/20 11:53:00 PM,19.78,0.0,0.0123
12739,03/07/20 11:53:10 PM,19.78,0.0,0.0123
12740,03/07/20 11:53:20 PM,19.78,0.0,0.0123
12741,03/07/20 11:53:30 PM,19.78,0.0,0.0123
12742,03/07/20 11:53:40 PM,19.78,0.0,0.0123
12743,03/07/20 11:53:50 PM,19.77,0.0,0.0123
12744,03/07/20 11:54:00 PM,19.78,0.0,0.0123
12745,03/07/20 11:54:10 PM,19.78,0.0,0.0123
12746,03/07/20 11:54:20 PM,19.78,0.0,0.0123
12747,03/07/20 11:54:30 PM,19.78,0.0,0.0123
12748,03/07/20 11:54:40 PM,19.78,0.0,0.0123
12749,03/07/20 11:54:50 PM,19.78,0.0,0.0123
12750,03/07/20 11:55:00 PM,19.78,0.0,0.0123
12751,03/07/20 11:55:10 PM,19.78,0.0,0.0123
12752,03/07/20 11:55:20 PM,19.78,0.0,0.0123
12753,03/07/20 11:55:30 PM,19.78,0.0,0.0123
12754,03/07/20 11:55:40 PM,19.78,0.0,0.0123
12755,03/07/20 11:55:50 PM,19.78,0.0,0.0123
12756,03/07/20 11:56:00 PM,19.78,0.0,0.0123
12757,03/07/20 11:56:10 PM,19.78,0.0,0.0123
12758,03/07/20 11:56:20 PM,19.78,0.0,0.0123
12759,03/07/20 11:56:30 PM,19.78,0.0,0.0123
12760,03/07/20 11:56:40 PM,19.78,0.0,0.0123
12761,03/07/20 11:56:50 PM,19.78,0.0,0.0123
12762,03/07/20 11:57:00 PM,19.78,0.0,0.0123
12763,03/07/20 11:57:10 PM,19.78,0.0,0.0123
12764,03/07/20 11:57:20 PM,19.78,0.0,0.0123
12765,03/07/20 11:57:30 PM,19.78,0.0,0.0123
12766,03/07/20 11:57:40 PM,19.78,0.0,0.0123
12767,03/07/20 11:57:50 PM,19.79,0.0,0.0123
12768,03/07/20 11:58:00 PM,19.78,0.0,0.0123
12769,03/07/20 11:58:10 PM,19.78,0.0,0.0123
12770,03/07/20 11:58:20 PM,19.78,0.0,0.0123
12771,03/07/20 11:58:30 PM,19.78,0.0,0.0123
12772,03/07/20 11:58:40 PM,19.78,0.0,0.0123
12773,03/07/20 11:58:50 PM,19.78,0.0,0.0123
12774,03/07/20 11:59:00 PM,19.78,0.0,0.0123
12775,03/07/20 11:59:10 PM,19.78,0.0,0.0123
12776,03/07/20 11:59:20 PM,19.78,0.0,0.0123
12777,03/07/20 11:59:30 PM,19.78,0.0,0.0123
12778,03/07/20 11:59:40 PM,19.78,0.0,0.0123
12779,03/07/20 11:59:50 PM,19.78,0.0,0.0123
12780,03/08/20 12:00:00 AM,19.78,0.0,0.0123
12781,03/08/20 12:00:10 AM,19.78,0.0,0.0123
12782,03/08/20 12:00:20 AM,19.78,0.0,0.0123
12783,03/08/20 12:00:30 AM,19.78,0.0,0.0123
12784,03/08/20 12:00:40 AM,19.78,0.0,0.0123
12785,03/08/20 12:00:50 AM,19.78,0.0,0.0123
12786,03/08/20 12:01:00 AM,19.78,0.0,0.0123
12787,03/08/20 12:01:10 AM,19.78,0.0,0.0123
12788,03/08/20 12:01:20 AM,19.78,0.0,0.0123
12789,03/08/20 12:01:30 AM,19.78,0.0,0.0123
12790,03/08/20 12:01:40 AM,19.78,0.0,0.0123
12791,03/08/20 12:01:50 AM,19.78,0.0,0.0123
12792,03/08/20 12:02:00 AM,19.78,0.0,0.0123
12793,03/08/20 12:02:10 AM,19.78,0.0,0.0123
12794,03/08/20 12:02:20 AM,19.78,0.0,0.0123
12795,03/08/20 12:02:30 AM,19.78,0.0,0.0123
12796,03/08/20 12:02:40 AM,19.78,0.0,0.0123
12797,03/08/20 12:02:50 AM,19.78,0.0,0.0123
12798,03/08/20 12:03:00 AM,19.78,0.0,0.0123
12799,03/08/20 12:03:10 AM,19.78,0.0,0.0123
12800,03/08/20 12:03:20 AM,19.78,0.0,0.0123
12801,03/08/20 12:03:30 AM,19.78,0.0,0.0123
12802,03/08/20 12:03:40 AM,19.78,0.0,0.0123
12803,03/08/20 12:03:50 AM,19.78,0.0,0.0123
12804,03/08/20 12:04:00 AM,19.78,0.0,0.0123
12805,03/08/20 12:04:10 AM,19.78,0.0,0.0123
12806,03/08/20 12:04:20 AM,19.78,0.0,0.0123
12807,03/08/20 12:04:30 AM,19.78,0.0,0.0123
12808,03/08/20 12:04:40 AM,19.78,0.0,0.0123
12809,03/08/20 12:04:50 AM,19.79,0.0,0.0123
12810,03/08/20 12:05:00 AM,19.78,0.0,0.0123
12811,03/08/20 12:05:10 AM,19.78,0.0,0.0123
12812,03/08/20 12:05:20 AM,19.78,0.0,0.0123
12813,03/08/20 12:05:30 AM,19.78,0.0,0.0123
12814,03/08/20 12:05:40 AM,19.78,0.0,0.0123
12815,03/08/20 12:05:50 AM,19.79,0.0,0.0123
12816,03/08/20 12:06:00 AM,19.79,0.0,0.0123
12817,03/08/20 12:06:10 AM,19.79,0.0,0.0123
12818,03/08/20 12:06:20 AM,19.78,0.0,0.0123
12819,03/08/20 12:06:30 AM,19.79,0.0,0.0123
12820,03/08/20 12:06:40 AM,19.78,0.0,0.0123
12821,03/08/20 12:06:50 AM,19.78,0.0,0.0123
12822,03/08/20 12:07:00 AM,19.78,0.0,0.0123
12823,03/08/20 12:07:10 AM,19.78,0.0,0.0123
12824,03/08/20 12:07:20 AM,19.79,0.0,0.0123
12825,03/08/20 12:07:30 AM,19.78,0.0,0.0123
12826,03/08/20 12:07:40 AM,19.79,0.0,0.0123
12827,03/08/20 12:07:50 AM,19.78,0.0,0.0123
12828,03/08/20 12:08:00 AM,19.78,0.0,0.0123
12829,03/08/20 12:08:10 AM,19.78,0.0,0.0123
12830,03/08/20 12:08:20 AM,19.78,0.0,0.0123
12831,03/08/20 12:08:30 AM,19.78,0.0,0.0123
12832,03/08/20 12:08:40 AM,19.79,0.0,0.0123
12833,03/08/20 12:08:50 AM,19.79,0.0,0.0123
12834,03/08/20 12:09:00 AM,19.78,0.0,0.0123
12835,03/08/20 12:09:10 AM,19.78,0.0,0.0123
12836,03/08/20 12:09:20 AM,19.78,0.0,0.0123
12837,03/08/20 12:09:30 AM,19.78,0.0,0.0123
12838,03/08/20 12:09:40 AM,19.78,0.0,0.0123
12839,03/08/20 12:09:50 AM,19.78,0.0,0.0123
12840,03/08/20 12:10:00 AM,19.78,0.0,0.0123
12841,03/08/20 12:10:10 AM,19.79,0.0,0.0123
12842,03/08/20 12:10:20 AM,19.79,0.0,0.0123
12843,03/08/20 12:10:30 AM,19.79,0.0,0.0123
12844,03/08/20 12:10:40 AM,19.79,0.0,0.0123
12845,03/08/20 12:10:50 AM,19.79,0.0,0.0123
12846,03/08/20 12:11:00 AM,19.80,0.0,0.0123
12847,03/08/20 12:11:10 AM,19.79,0.0,0.0123
12848,03/08/20 12:11:20 AM,19.79,0.0,0.0123
12849,03/08/20 12:11:30 AM,19.79,0.0,0.0123
12850,03/08/20 12:11:40 AM,19.79,0.0,0.0123
12851,03/08/20 12:11:50 AM,19.79,0.0,0.0123
12852,03/08/20 12:12:00 AM,19.79,0.0,0.0123
12853,03/08/20 12:12:10 AM,19.79,0.0,0.0123
12854,03/08/20 12:12:20 AM,19.79,0.0,0.0123
12855,03/08/20 12:12:30 AM,19.79,0.0,0.0123
12856,03/08/20 12:12:40 AM,19.79,0.0,0.0123
12857,03/08/20 12:12:50 AM,19.79,0.0,0.0123
12858,03/08/20 12:13:00 AM,19.79,0.0,0.0123
12859,03/08/20 12:13:10 AM,19.79,0.0,0.0123
12860,03/08/20 12:13:20 AM,19.79,0.0,0.0123
12861,03/08/20 12:13:30 AM,19.79,0.0,0.0123
12862,03/08/20 12:13:40 AM,19.79,0.0,0.0123
12863,03/08/20 12:13:50 AM,19.79,0.0,0.0123
12864,03/08/20 12:14:00 AM,19.79,0.0,0.0123
12865,03/08/20 12:14:10 AM,19.79,0.0,0.0123
12866,03/08/20 12:14:20 AM,19.79,0.0,0.0123
12867,03/08/20 12:14:30 AM,19.79,0.0,0.0123
12868,03/08/20 12:14:40 AM,19.79,0.0,0.0123
12869,03/08/20 12:14:50 AM,19.79,0.0,0.0123
12870,03/08/20 12:15:00 AM,19.79,0.0,0.0123
12871,03/08/20 12:15:10 AM,19.79,0.0,0.0123
12872,03/08/20 12:15:20 AM,19.79,0.0,0.0123
12873,03/08/20 12:15:30 AM,19.79,0.0,0.0123
12874,03/08/20 12:15:40 AM,19.79,0.0,0.0123
12875,03/08/20 12:15:50 AM,19.79,0.0,0.0123
12876,03/08/20 12:16:00 AM,19.79,0.0,0.0123
12877,03/08/20 12:16:10 AM,19.79,0.0,0.0123
12878,03/08/20 12:16:20 AM,19.79,0.0,0.0123
12879,03/08/20 12:16:30 AM,19.79,0.0,0.0123
12880,03/08/20 12:16:40 AM,19.79,0.0,0.0123
12881,03/08/20 12:16:50 AM,19.79,0.0,0.0123
12882,03/08/20 12:17:00 AM,19.79,0.0,0.0123
12883,03/08/20 12:17:10 AM,19.80,0.0,0.0123
12884,03/08/20 12:17:20 AM,19.79,0.0,0.0123
12885,03/08/20 12:17:30 AM,19.79,0.0,0.0123
12886,03/08/20 12:17:40 AM,19.79,0.0,0.0123
12887,03/08/20 12:17:50 AM,19.79,0.0,0.0123
12888,03/08/20 12:18:00 AM,19.79,0.0,0.0123
12889,03/08/20 12:18:10 AM,19.79,0.0,0.0123
12890,03/08/20 12:18:20 AM,19.79,0.0,0.0123
12891,03/08/20 12:18:30 AM,19.79,0.0,0.0123
12892,03/08/20 12:18:40 AM,19.79,0.0,0.0123
12893,03/08/20 12:18:50 AM,19.79,0.0,0.0123
12894,03/08/20 12:19:00 AM,19.79,0.0,0.0123
12895,03/08/20 12:19:10 AM,19.79,0.0,0.0123
12896,03/08/20 12:19:20 AM,19.79,0.0,0.0123
12897,03/08/20 12:19:30 AM,19.79,0.0,0.0123
12898,03/08/20 12:19:40 AM,19.79,0.0,0.0123
12899,03/08/20 12:19:50 AM,19.80,0.0,0.0123
12900,03/08/20 12:20:00 AM,19.79,0.0,0.0123
12901,03/08/20 12:20:10 AM,19.79,0.0,0.0123
12902,03/08/20 12:20:20 AM,19.80,0.0,0.0123
12903,03/08/20 12:20:30 AM,19.79,0.0,0.0123
12904,03/08/20 12:20:40 AM,19.80,0.0,0.0123
12905,03/08/20 12:20:50 AM,19.80,0.0,0.0123
12906,03/08/20 12:21:00 AM,19.80,0.0,0.0123
12907,03/08/20 12:21:10 AM,19.80,0.0,0.0123
12908,03/08/20 12:21:20 AM,19.79,0.0,0.0123
12909,03/08/20 12:21:30 AM,19.80,0.0,0.0123
12910,03/08/20 12:21:40 AM,19.79,0.0,0.0123
12911,03/08/20 12:21:50 AM,19.79,0.0,0.0123
12912,03/08/20 12:22:00 AM,19.79,0.0,0.0123
12913,03/08/20 12:22:10 AM,19.80,0.0,0.0123
12914,03/08/20 12:22:20 AM,19.80,0.0,0.0123
12915,03/08/20 12:22:30 AM,19.79,0.0,0.0123
12916,03/08/20 12:22:40 AM,19.80,0.0,0.0123
12917,03/08/20 12:22:50 AM,19.80,0.0,0.0123
12918,03/08/20 12:23:00 AM,19.79,0.0,0.0123
12919,03/08/20 12:23:10 AM,19.80,0.0,0.0123
12920,03/08/20 12:23:20 AM,19.80,0.0,0.0123
12921,03/08/20 12:23:30 AM,19.80,0.0,0.0123
12922,03/08/20 12:23:40 AM,19.80,0.0,0.0123
12923,03/08/20 12:23:50 AM,19.80,0.0,0.0123
12924,03/08/20 12:24:00 AM,19.80,0.0,0.0123
12925,03/08/20 12:24:10 AM,19.80,0.0,0.0123
12926,03/08/20 12:24:20 AM,19.80,0.0,0.0123
12927,03/08/20 12:24:30 AM,19.79,0.0,0.0123
12928,03/08/20 12:24:40 AM,19.80,0.0,0.0123
12929,03/08/20 12:24:50 AM,19.80,0.0,0.0123
12930,03/08/20 12:25:00 AM,19.80,0.0,0.0123
12931,03/08/20 12:25:10 AM,19.80,0.0,0.0123
12932,03/08/20 12:25:20 AM,19.80,0.0,0.0123
12933,03/08/20 12:25:30 AM,19.80,0.0,0.0123
12934,03/08/20 12:25:40 AM,19.80,0.0,0.0123
12935,03/08/20 12:25:50 AM,19.80,0.0,0.0123
12936,03/08/20 12:26:00 AM,19.80,0.0,0.0123
12937,03/08/20 12:26:10 AM,19.80,0.0,0.0123
12938,03/08/20 12:26:20 AM,19.80,0.0,0.0123
12939,03/08/20 12:26:30 AM,19.80,0.0,0.0123
12940,03/08/20 12:26:40 AM,19.80,0.0,0.0123
12941,03/08/20 12:26:50 AM,19.80,0.0,0.0123
12942,03/08/20 12:27:00 AM,19.80,0.0,0.0123
12943,03/08/20 12:27:10 AM,19.80,0.0,0.0123
12944,03/08/20 12:27:20 AM,19.80,0.0,0.0123
12945,03/08/20 12:27:30 AM,19.80,0.0,0.0123
12946,03/08/20 12:27:40 AM,19.79,0.0,0.0123
12947,03/08/20 12:27:50 AM,19.79,0.0,0.0123
12948,03/08/20 12:28:00 AM,19.80,0.0,0.0123
12949,03/08/20 12:28:10 AM,19.80,0.0,0.0123
12950,03/08/20 12:28:20 AM,19.80,0.0,0.0123
12951,03/08/20 12:28:30 AM,19.80,0.0,0.0123
12952,03/08/20 12:28:40 AM,19.80,0.0,0.0123
12953,03/08/20 12:28:50 AM,19.80,0.0,0.0123
12954,03/08/20 12:29:00 AM,19.80,0.0,0.0123
12955,03/08/20 12:29:10 AM,19.80,0.0,0.0123
12956,03/08/20 12:29:20 AM,19.80,0.0,0.0123
12957,03/08/20 12:29:30 AM,19.80,0.0,0.0123
12958,03/08/20 12:29:40 AM,19.80,0.0,0.0123
12959,03/08/20 12:29:50 AM,19.80,0.0,0.0123
12960,03/08/20 12:30:00 AM,19.80,0.0,0.0123
12961,03/08/20 12:30:10 AM,19.80,0.0,0.0123
12962,03/08/20 12:30:20 AM,19.80,0.0,0.0123
12963,03/08/20 12:30:30 AM,19.80,0.0,0.0123
12964,03/08/20 12:30:40 AM,19.79,0.0,0.0123
12965,03/08/20 12:30:50 AM,19.80,0.0,0.0123
12966,03/08/20 12:31:00 AM,19.80,0.0,0.0123
12967,03/08/20 12:31:10 AM,19.80,0.0,0.0123
12968,03/08/20 12:31:20 AM,19.80,0.0,0.0123
12969,03/08/20 12:31:30 AM,19.79,0.0,0.0123
12970,03/08/20 12:31:40 AM,19.80,0.0,0.0123
12971,03/08/20 12:31:50 AM,19.80,0.0,0.0123
12972,03/08/20 12:32:00 AM,19.80,0.0,0.0123
12973,03/08/20 12:32:10 AM,19.80,0.0,0.0123
12974,03/08/20 12:32:20 AM,19.80,0.0,0.0123
12975,03/08/20 12:32:30 AM,19.80,0.0,0.0123
12976,03/08/20 12:32:40 AM,19.80,0.0,0.0123
12977,03/08/20 12:32:50 AM,19.80,0.0,0.0123
12978,03/08/20 12:33:00 AM,19.80,0.0,0.0123
12979,03/08/20 12:33:10 AM,19.80,0.0,0.0123
12980,03/08/20 12:33:20 AM,19.80,0.0,0.0123
12981,03/08/20 12:33:30 AM,19.80,0.0,0.0123
12982,03/08/20 12:33:40 AM,19.80,0.0,0.0123
12983,03/08/20 12:33:50 AM,19.80,0.0,0.0123
12984,03/08/20 12:34:00 AM,19.80,0.0,0.0123
12985,03/08/20 12:34:10 AM,19.80,0.0,0.0123
12986,03/08/20 12:34:20 AM,19.79,0.0,0.0123
12987,03/08/20 12:34:30 AM,19.80,0.0,0.0123
12988,03/08/20 12:34:40 AM,19.80,0.0,0.0123
12989,03/08/20 12:34:50 AM,19.80,0.0,0.0123
12990,03/08/20 12:35:00 AM,19.80,0.0,0.0123
12991,03/08/20 12:35:10 AM,19.80,0.0,0.0123
12992,03/08/20 12:35:20 AM,19.80,0.0,0.0123
12993,03/08/20 12:35:30 AM,19.80,0.0,0.0123
12994,03/08/20 12:35:40 AM,19.80,0.0,0.0123
12995,03/08/20 12:35:50 AM,19.80,0.0,0.0123
12996,03/08/20 12:36:00 AM,19.79,0.0,0.0123
12997,03/08/20 12:36:10 AM,19.80,0.0,0.0123
12998,03/08/20 12:36:20 AM,19.80,0.0,0.0123
12999,03/08/20 12:36:30 AM,19.79,0.0,0.0123
13000,03/08/20 12:36:40 AM,19.80,0.0,0.0123
13001,03/08/20 12:36:50 AM,19.80,0.0,0.0123
13002,03/08/20 12:37:00 AM,19.80,0.0,0.0123
13003,03/08/20 12:37:10 AM,19.80,0.0,0.0123
13004,03/08/20 12:37:20 AM,19.80,0.0,0.0123
13005,03/08/20 12:37:30 AM,19.80,0.0,0.0123
13006,03/08/20 12:37:40 AM,19.80,0.0,0.0123
13007,03/08/20 12:37:50 AM,19.80,0.0,0.0123
13008,03/08/20 12:38:00 AM,19.80,0.0,0.0123
13009,03/08/20 12:38:10 AM,19.80,0.0,0.0123
13010,03/08/20 12:38:20 AM,19.80,0.0,0.0123
13011,03/08/20 12:38:30 AM,19.79,0.0,0.0123
13012,03/08/20 12:38:40 AM,19.80,0.0,0.0123
13013,03/08/20 12:38:50 AM,19.80,0.0,0.0123
13014,03/08/20 12:39:00 AM,19.80,0.0,0.0123
13015,03/08/20 12:39:10 AM,19.79,0.0,0.0123
13016,03/08/20 12:39:20 AM,19.79,0.0,0.0123
13017,03/08/20 12:39:30 AM,19.80,0.0,0.0123
13018,03/08/20 12:39:40 AM,19.80,0.0,0.0123
13019,03/08/20 12:39:50 AM,19.79,0.0,0.0123
13020,03/08/20 12:40:00 AM,19.80,0.0,0.0123
13021,03/08/20 12:40:10 AM,19.80,0.0,0.0123
13022,03/08/20 12:40:20 AM,19.80,0.0,0.0123
13023,03/08/20 12:40:30 AM,19.80,0.0,0.0123
13024,03/08/20 12:40:40 AM,19.80,0.0,0.0123
13025,03/08/20 12:40:50 AM,19.80,0.0,0.0123
13026,03/08/20 12:41:00 AM,19.80,0.0,0.0123
13027,03/08/20 12:41:10 AM,19.79,0.0,0.0123
13028,03/08/20 12:41:20 AM,19.80,0.0,0.0123
13029,03/08/20 12:41:30 AM,19.80,0.0,0.0123
13030,03/08/20 12:41:40 AM,19.80,0.0,0.0123
13031,03/08/20 12:41:50 AM,19.80,0.0,0.0123
13032,03/08/20 12:42:00 AM,19.80,0.0,0.0123
13033,03/08/20 12:42:10 AM,19.80,0.0,0.0123
13034,03/08/20 12:42:20 AM,19.79,0.0,0.0123
13035,03/08/20 12:42:30 AM,19.80,0.0,0.0123
13036,03/08/20 12:42:40 AM,19.79,0.0,0.0123
13037,03/08/20 12:42:50 AM,19.80,0.0,0.0123
13038,03/08/20 12:43:00 AM,19.79,0.0,0.0123
13039,03/08/20 12:43:10 AM,19.79,0.0,0.0123
13040,03/08/20 12:43:20 AM,19.80,0.0,0.0123
13041,03/08/20 12:43:30 AM,19.80,0.0,0.0123
13042,03/08/20 12:43:40 AM,19.80,0.0,0.0123
13043,03/08/20 12:43:50 AM,19.80,0.0,0.0123
13044,03/08/20 12:44:00 AM,19.80,0.0,0.0123
13045,03/08/20 12:44:10 AM,19.79,0.0,0.0123
13046,03/08/20 12:44:20 AM,19.80,0.0,0.0123
13047,03/08/20 12:44:30 AM,19.80,0.0,0.0123
13048,03/08/20 12:44:40 AM,19.80,0.0,0.0123
13049,03/08/20 12:44:50 AM,19.79,0.0,0.0123
13050,03/08/20 12:45:00 AM,19.79,0.0,0.0123
13051,03/08/20 12:45:10 AM,19.80,0.0,0.0123
13052,03/08/20 12:45:20 AM,19.80,0.0,0.0123
13053,03/08/20 12:45:30 AM,19.80,0.0,0.0123
13054,03/08/20 12:45:40 AM,19.80,0.0,0.0123
13055,03/08/20 12:45:50 AM,19.80,0.0,0.0123
13056,03/08/20 12:46:00 AM,19.80,0.0,0.0123
13057,03/08/20 12:46:10 AM,19.80,0.0,0.0123
13058,03/08/20 12:46:20 AM,19.80,0.0,0.0123
13059,03/08/20 12:46:30 AM,19.80,0.0,0.0123
13060,03/08/20 12:46:40 AM,19.79,0.0,0.0123
13061,03/08/20 12:46:50 AM,19.80,0.0,0.0123
13062,03/08/20 12:47:00 AM,19.80,0.0,0.0123
13063,03/08/20 12:47:10 AM,19.80,0.0,0.0123
13064,03/08/20 12:47:20 AM,19.79,0.0,0.0123
13065,03/08/20 12:47:30 AM,19.80,0.0,0.0123
13066,03/08/20 12:47:40 AM,19.80,0.0,0.0123
13067,03/08/20 12:47:50 AM,19.79,0.0,0.0123
13068,03/08/20 12:48:00 AM,19.79,0.0,0.0123
13069,03/08/20 12:48:10 AM,19.79,0.0,0.0123
13070,03/08/20 12:48:20 AM,19.79,0.0,0.0123
13071,03/08/20 12:48:30 AM,19.79,0.0,0.0123
13072,03/08/20 12:48:40 AM,19.79,0.0,0.0123
13073,03/08/20 12:48:50 AM,19.80,0.0,0.0123
13074,03/08/20 12:49:00 AM,19.79,0.0,0.0123
13075,03/08/20 12:49:10 AM,19.79,0.0,0.0123
13076,03/08/20 12:49:20 AM,19.79,0.0,0.0123
13077,03/08/20 12:49:30 AM,19.79,0.0,0.0123
13078,03/08/20 12:49:40 AM,19.79,0.0,0.0123
13079,03/08/20 12:49:50 AM,19.79,0.0,0.0123
13080,03/08/20 12:50:00 AM,19.79,0.0,0.0123
13081,03/08/20 12:50:10 AM,19.79,0.0,0.0123
13082,03/08/20 12:50:20 AM,19.79,0.0,0.0123
13083,03/08/20 12:50:30 AM,19.79,0.0,0.0123
13084,03/08/20 12:50:40 AM,19.79,0.0,0.0123
13085,03/08/20 12:50:50 AM,19.79,0.0,0.0123
13086,03/08/20 12:51:00 AM,19.79,0.0,0.0123
13087,03/08/20 12:51:10 AM,19.79,0.0,0.0123
13088,03/08/20 12:51:20 AM,19.79,0.0,0.0123
13089,03/08/20 12:51:30 AM,19.79,0.0,0.0123
13090,03/08/20 12:51:40 AM,19.79,0.0,0.0123
13091,03/08/20 12:51:50 AM,19.79,0.0,0.0123
13092,03/08/20 12:52:00 AM,19.79,0.0,0.0123
13093,03/08/20 12:52:10 AM,19.79,0.0,0.0123
13094,03/08/20 12:52:20 AM,19.80,0.0,0.0123
13095,03/08/20 12:52:30 AM,19.79,0.0,0.0123
13096,03/08/20 12:52:40 AM,19.79,0.0,0.0123
13097,03/08/20 12:52:50 AM,19.79,0.0,0.0123
13098,03/08/20 12:53:00 AM,19.79,0.0,0.0123
13099,03/08/20 12:53:10 AM,19.79,0.0,0.0123
13100,03/08/20 12:53:20 AM,19.79,0.0,0.0123
13101,03/08/20 12:53:30 AM,19.79,0.0,0.0123
13102,03/08/20 12:53:40 AM,19.79,0.0,0.0123
13103,03/08/20 12:53:50 AM,19.79,0.0,0.0123
13104,03/08/20 12:54:00 AM,19.79,0.0,0.0123
13105,03/08/20 12:54:10 AM,19.79,0.0,0.0123
13106,03/08/20 12:54:20 AM,19.80,0.0,0.0123
13107,03/08/20 12:54:30 AM,19.79,0.0,0.0123
13108,03/08/20 12:54:40 AM,19.79,0.0,0.0123
13109,03/08/20 12:54:50 AM,19.79,0.0,0.0123
13110,03/08/20 12:55:00 AM,19.79,0.0,0.0123
13111,03/08/20 12:55:10 AM,19.79,0.0,0.0123
13112,03/08/20 12:55:20 AM,19.79,0.0,0.0123
13113,03/08/20 12:55:30 AM,19.79,0.0,0.0123
13114,03/08/20 12:55:40 AM,19.79,0.0,0.0123
13115,03/08/20 12:55:50 AM,19.79,0.0,0.0123
13116,03/08/20 12:56:00 AM,19.79,0.0,0.0123
13117,03/08/20 12:56:10 AM,19.79,0.0,0.0123
13118,03/08/20 12:56:20 AM,19.79,0.0,0.0123
13119,03/08/20 12:56:30 AM,19.79,0.0,0.0123
13120,03/08/20 12:56:40 AM,19.79,0.0,0.0123
13121,03/08/20 12:56:50 AM,19.79,0.0,0.0123
13122,03/08/20 12:57:00 AM,19.79,0.0,0.0123
13123,03/08/20 12:57:10 AM,19.79,0.0,0.0123
13124,03/08/20 12:57:20 AM,19.79,0.0,0.0123
13125,03/08/20 12:57:30 AM,19.79,0.0,0.0123
13126,03/08/20 12:57:40 AM,19.79,0.0,0.0123
13127,03/08/20 12:57:50 AM,19.79,0.0,0.0123
13128,03/08/20 12:58:00 AM,19.79,0.0,0.0123
13129,03/08/20 12:58:10 AM,19.79,0.0,0.0123
13130,03/08/20 12:58:20 AM,19.79,0.0,0.0123
13131,03/08/20 12:58:30 AM,19.79,0.0,0.0123
13132,03/08/20 12:58:40 AM,19.79,0.0,0.0123
13133,03/08/20 12:58:50 AM,19.79,0.0,0.0123
13134,03/08/20 12:59:00 AM,19.79,0.0,0.0123
13135,03/08/20 12:59:10 AM,19.79,0.0,0.0123
13136,03/08/20 12:59:20 AM,19.79,0.0,0.0123
13137,03/08/20 12:59:30 AM,19.79,0.0,0.0123
13138,03/08/20 12:59:40 AM,19.79,0.0,0.0123
13139,03/08/20 12:59:50 AM,19.79,0.0,0.0123
13140,03/08/20 01:00:00 AM,19.79,0.0,0.0123
13141,03/08/20 01:00:10 AM,19.79,0.0,0.0123
13142,03/08/20 01:00:20 AM,19.79,0.0,0.0123
13143,03/08/20 01:00:30 AM,19.79,0.0,0.0123
13144,03/08/20 01:00:40 AM,19.79,0.0,0.0123
13145,03/08/20 01:00:50 AM,19.79,0.0,0.0123
13146,03/08/20 01:01:00 AM,19.79,0.0,0.0123
13147,03/08/20 01:01:10 AM,19.79,0.0,0.0123
13148,03/08/20 01:01:20 AM,19.79,0.0,0.0123
13149,03/08/20 01:01:30 AM,19.79,0.0,0.0123
13150,03/08/20 01:01:40 AM,19.79,0.0,0.0123
13151,03/08/20 01:01:50 AM,19.79,0.0,0.0123
13152,03/08/20 01:02:00 AM,19.79,0.0,0.0123
13153,03/08/20 01:02:10 AM,19.79,0.0,0.0123
13154,03/08/20 01:02:20 AM,19.79,0.0,0.0123
13155,03/08/20 01:02:30 AM,19.79,0.0,0.0123
13156,03/08/20 01:02:40 AM,19.79,0.0,0.0123
13157,03/08/20 01:02:50 AM,19.79,0.0,0.0123
13158,03/08/20 01:03:00 AM,19.79,0.0,0.0123
13159,03/08/20 01:03:10 AM,19.79,0.0,0.0123
13160,03/08/20 01:03:20 AM,19.79,0.0,0.0123
13161,03/08/20 01:03:30 AM,19.79,0.0,0.0123
13162,03/08/20 01:03:40 AM,19.79,0.0,0.0123
13163,03/08/20 01:03:50 AM,19.79,0.0,0.0123
13164,03/08/20 01:04:00 AM,19.79,0.0,0.0123
13165,03/08/20 01:04:10 AM,19.79,0.0,0.0123
13166,03/08/20 01:04:20 AM,19.79,0.0,0.0123
13167,03/08/20 01:04:30 AM,19.79,0.0,0.0123
13168,03/08/20 01:04:40 AM,19.79,0.0,0.0123
13169,03/08/20 01:04:50 AM,19.79,0.0,0.0123
13170,03/08/20 01:05:00 AM,19.79,0.0,0.0123
13171,03/08/20 01:05:10 AM,19.79,0.0,0.0123
13172,03/08/20 01:05:20 AM,19.79,0.0,0.0123
13173,03/08/20 01:05:30 AM,19.79,0.0,0.0123
13174,03/08/20 01:05:40 AM,19.79,0.0,0.0123
13175,03/08/20 01:05:50 AM,19.79,0.0,0.0123
13176,03/08/20 01:06:00 AM,19.79,0.0,0.0123
13177,03/08/20 01:06:10 AM,19.79,0.0,0.0123
13178,03/08/20 01:06:20 AM,19.79,0.0,0.0123
13179,03/08/20 01:06:30 AM,19.79,0.0,0.0123
13180,03/08/20 01:06:40 AM,19.79,0.0,0.0123
13181,03/08/20 01:06:50 AM,19.79,0.0,0.0123
13182,03/08/20 01:07:00 AM,19.79,0.0,0.0123
13183,03/08/20 01:07:10 AM,19.79,0.0,0.0123
13184,03/08/20 01:07:20 AM,19.79,0.0,0.0123
13185,03/08/20 01:07:30 AM,19.79,0.0,0.0123
13186,03/08/20 01:07:40 AM,19.79,0.0,0.0123
13187,03/08/20 01:07:50 AM,19.79,0.0,0.0123
13188,03/08/20 01:08:00 AM,19.79,0.0,0.0123
13189,03/08/20 01:08:10 AM,19.79,0.0,0.0123
13190,03/08/20 01:08:20 AM,19.79,0.0,0.0123
13191,03/08/20 01:08:30 AM,19.79,0.0,0.0123
13192,03/08/20 01:08:40 AM,19.79,0.0,0.0123
13193,03/08/20 01:08:50 AM,19.79,0.0,0.0123
13194,03/08/20 01:09:00 AM,19.79,0.0,0.0123
13195,03/08/20 01:09:10 AM,19.79,0.0,0.0123
13196,03/08/20 01:09:20 AM,19.79,0.0,0.0123
13197,03/08/20 01:09:30 AM,19.79,0.0,0.0123
13198,03/08/20 01:09:40 AM,19.79,0.0,0.0123
13199,03/08/20 01:09:50 AM,19.79,0.0,0.0123
13200,03/08/20 01:10:00 AM,19.79,0.0,0.0123
13201,03/08/20 01:10:10 AM,19.79,0.0,0.0123
13202,03/08/20 01:10:20 AM,19.79,0.0,0.0123
13203,03/08/20 01:10:30 AM,19.79,0.0,0.0123
13204,03/08/20 01:10:40 AM,19.79,0.0,0.0123
13205,03/08/20 01:10:50 AM,19.79,0.0,0.0123
13206,03/08/20 01:11:00 AM,19.79,0.0,0.0123
13207,03/08/20 01:11:10 AM,19.79,0.0,0.0123
13208,03/08/20 01:11:20 AM,19.79,0.0,0.0123
13209,03/08/20 01:11:30 AM,19.79,0.0,0.0123
13210,03/08/20 01:11:40 AM,19.79,0.0,0.0123
13211,03/08/20 01:11:50 AM,19.79,0.0,0.0123
13212,03/08/20 01:12:00 AM,19.79,0.0,0.0123
13213,03/08/20 01:12:10 AM,19.79,0.0,0.0123
13214,03/08/20 01:12:20 AM,19.79,0.0,0.0123
13215,03/08/20 01:12:30 AM,19.79,0.0,0.0123
13216,03/08/20 01:12:40 AM,19.80,0.0,0.0123
13217,03/08/20 01:12:50 AM,19.79,0.0,0.0123
13218,03/08/20 01:13:00 AM,19.79,0.0,0.0123
13219,03/08/20 01:13:10 AM,19.80,0.0,0.0123
13220,03/08/20 01:13:20 AM,19.79,0.0,0.0123
13221,03/08/20 01:13:30 AM,19.79,0.0,0.0123
13222,03/08/20 01:13:40 AM,19.79,0.0,0.0123
13223,03/08/20 01:13:50 AM,19.79,0.0,0.0123
13224,03/08/20 01:14:00 AM,19.79,0.0,0.0123
13225,03/08/20 01:14:10 AM,19.79,0.0,0.0123
13226,03/08/20 01:14:20 AM,19.79,0.0,0.0123
13227,03/08/20 01:14:30 AM,19.79,0.0,0.0123
13228,03/08/20 01:14:40 AM,19.79,0.0,0.0123
13229,03/08/20 01:14:50 AM,19.79,0.0,0.0123
13230,03/08/20 01:15:00 AM,19.79,0.0,0.0123
13231,03/08/20 01:15:10 AM,19.79,0.0,0.0123
13232,03/08/20 01:15:20 AM,19.79,0.0,0.0123
13233,03/08/20 01:15:30 AM,19.79,0.0,0.0123
13234,03/08/20 01:15:40 AM,19.79,0.0,0.0123
13235,03/08/20 01:15:50 AM,19.79,0.0,0.0123
13236,03/08/20 01:16:00 AM,19.80,0.0,0.0123
13237,03/08/20 01:16:10 AM,19.79,0.0,0.0123
13238,03/08/20 01:16:20 AM,19.79,0.0,0.0123
13239,03/08/20 01:16:30 AM,19.79,0.0,0.0123
13240,03/08/20 01:16:40 AM,19.79,0.0,0.0123
13241,03/08/20 01:16:50 AM,19.79,0.0,0.0123
13242,03/08/20 01:17:00 AM,19.79,0.0,0.0123
13243,03/08/20 01:17:10 AM,19.79,0.0,0.0123
13244,03/08/20 01:17:20 AM,19.79,0.0,0.0123
13245,03/08/20 01:17:30 AM,19.79,0.0,0.0123
13246,03/08/20 01:17:40 AM,19.79,0.0,0.0123
13247,03/08/20 01:17:50 AM,19.79,0.0,0.0123
13248,03/08/20 01:18:00 AM,19.79,0.0,0.0123
13249,03/08/20 01:18:10 AM,19.79,0.0,0.0123
13250,03/08/20 01:18:20 AM,19.79,0.0,0.0123
13251,03/08/20 01:18:30 AM,19.79,0.0,0.0123
13252,03/08/20 01:18:40 AM,19.79,0.0,0.0123
13253,03/08/20 01:18:50 AM,19.79,0.0,0.0123
13254,03/08/20 01:19:00 AM,19.79,0.0,0.0123
13255,03/08/20 01:19:10 AM,19.79,0.0,0.0123
13256,03/08/20 01:19:20 AM,19.79,0.0,0.0123
13257,03/08/20 01:19:30 AM,19.79,0.0,0.0123
13258,03/08/20 01:19:40 AM,19.79,0.0,0.0123
13259,03/08/20 01:19:50 AM,19.79,0.0,0.0123
13260,03/08/20 01:20:00 AM,19.79,0.0,0.0123
13261,03/08/20 01:20:10 AM,19.79,0.0,0.0123
13262,03/08/20 01:20:20 AM,19.79,0.0,0.0123
13263,03/08/20 01:20:30 AM,19.79,0.0,0.0123
13264,03/08/20 01:20:40 AM,19.79,0.0,0.0123
13265,03/08/20 01:20:50 AM,19.79,0.0,0.0123
13266,03/08/20 01:21:00 AM,19.79,0.0,0.0123
13267,03/08/20 01:21:10 AM,19.79,0.0,0.0123
13268,03/08/20 01:21:20 AM,19.79,0.0,0.0123
13269,03/08/20 01:21:30 AM,19.79,0.0,0.0123
13270,03/08/20 01:21:40 AM,19.79,0.0,0.0123
13271,03/08/20 01:21:50 AM,19.79,0.0,0.0123
13272,03/08/20 01:22:00 AM,19.79,0.0,0.0123
13273,03/08/20 01:22:10 AM,19.79,0.0,0.0123
13274,03/08/20 01:22:20 AM,19.80,0.0,0.0123
13275,03/08/20 01:22:30 AM,19.79,0.0,0.0123
13276,03/08/20 01:22:40 AM,19.79,0.0,0.0123
13277,03/08/20 01:22:50 AM,19.79,0.0,0.0123
13278,03/08/20 01:23:00 AM,19.79,0.0,0.0123
13279,03/08/20 01:23:10 AM,19.80,0.0,0.0123
13280,03/08/20 01:23:20 AM,19.80,0.0,0.0123
13281,03/08/20 01:23:30 AM,19.79,0.0,0.0123
13282,03/08/20 01:23:40 AM,19.80,0.0,0.0123
13283,03/08/20 01:23:50 AM,19.80,0.0,0.0123
13284,03/08/20 01:24:00 AM,19.80,0.0,0.0123
13285,03/08/20 01:24:10 AM,19.79,0.0,0.0123
13286,03/08/20 01:24:20 AM,19.80,0.0,0.0123
13287,03/08/20 01:24:30 AM,19.80,0.0,0.0123
13288,03/08/20 01:24:40 AM,19.80,0.0,0.0123
13289,03/08/20 01:24:50 AM,19.80,0.0,0.0123
13290,03/08/20 01:25:00 AM,19.79,0.0,0.0123
13291,03/08/20 01:25:10 AM,19.79,0.0,0.0123
13292,03/08/20 01:25:20 AM,19.80,0.0,0.0123
13293,03/08/20 01:25:30 AM,19.80,0.0,0.0123
13294,03/08/20 01:25:40 AM,19.80,0.0,0.0123
13295,03/08/20 01:25:50 AM,19.79,0.0,0.0123
13296,03/08/20 01:26:00 AM,19.80,0.0,0.0123
13297,03/08/20 01:26:10 AM,19.80,0.0,0.0123
13298,03/08/20 01:26:20 AM,19.80,0.0,0.0123
13299,03/08/20 01:26:30 AM,19.79,0.0,0.0123
13300,03/08/20 01:26:40 AM,19.80,0.0,0.0123
13301,03/08/20 01:26:50 AM,19.80,0.0,0.0123
13302,03/08/20 01:27:00 AM,19.80,0.0,0.0123
13303,03/08/20 01:27:10 AM,19.80,0.0,0.0123
13304,03/08/20 01:27:20 AM,19.80,0.0,0.0123
13305,03/08/20 01:27:30 AM,19.80,0.0,0.0123
13306,03/08/20 01:27:40 AM,19.80,0.0,0.0123
13307,03/08/20 01:27:50 AM,19.80,0.0,0.0123
13308,03/08/20 01:28:00 AM,19.80,0.0,0.0123
13309,03/08/20 01:28:10 AM,19.80,0.0,0.0123
13310,03/08/20 01:28:20 AM,19.80,0.0,0.0123
13311,03/08/20 01:28:30 AM,19.80,0.0,0.0123
13312,03/08/20 01:28:40 AM,19.80,0.0,0.0123
13313,03/08/20 01:28:50 AM,19.80,0.0,0.0123
13314,03/08/20 01:29:00 AM,19.80,0.0,0.0123
13315,03/08/20 01:29:10 AM,19.80,0.0,0.0123
13316,03/08/20 01:29:20 AM,19.80,0.0,0.0123
13317,03/08/20 01:29:30 AM,19.80,0.0,0.0123
13318,03/08/20 01:29:40 AM,19.80,0.0,0.0123
13319,03/08/20 01:29:50 AM,19.80,0.0,0.0123
13320,03/08/20 01:30:00 AM,19.80,0.0,0.0123
13321,03/08/20 01:30:10 AM,19.80,0.0,0.0123
13322,03/08/20 01:30:20 AM,19.80,0.0,0.0123
13323,03/08/20 01:30:30 AM,19.80,0.0,0.0123
13324,03/08/20 01:30:40 AM,19.80,0.0,0.0123
13325,03/08/20 01:30:50 AM,19.80,0.0,0.0123
13326,03/08/20 01:31:00 AM,19.80,0.0,0.0123
13327,03/08/20 01:31:10 AM,19.80,0.0,0.0123
13328,03/08/20 01:31:20 AM,19.80,0.0,0.0123
13329,03/08/20 01:31:30 AM,19.80,0.0,0.0123
13330,03/08/20 01:31:40 AM,19.80,0.0,0.0123
13331,03/08/20 01:31:50 AM,19.80,0.0,0.0123
13332,03/08/20 01:32:00 AM,19.82,0.0,0.0123
13333,03/08/20 01:32:10 AM,19.80,0.0,0.0123
13334,03/08/20 01:32:20 AM,19.80,0.0,0.0123
13335,03/08/20 01:32:30 AM,19.82,0.0,0.0123
13336,03/08/20 01:32:40 AM,19.80,0.0,0.0123
13337,03/08/20 01:32:50 AM,19.80,0.0,0.0123
13338,03/08/20 01:33:00 AM,19.80,0.0,0.0123
13339,03/08/20 01:33:10 AM,19.80,0.0,0.0123
13340,03/08/20 01:33:20 AM,19.80,0.0,0.0123
13341,03/08/20 01:33:30 AM,19.80,0.0,0.0123
13342,03/08/20 01:33:40 AM,19.80,0.0,0.0123
13343,03/08/20 01:33:50 AM,19.80,0.0,0.0123
13344,03/08/20 01:34:00 AM,19.80,0.0,0.0123
13345,03/08/20 01:34:10 AM,19.80,0.0,0.0123
13346,03/08/20 01:34:20 AM,19.80,0.0,0.0123
13347,03/08/20 01:34:30 AM,19.80,0.0,0.0123
13348,03/08/20 01:34:40 AM,19.80,0.0,0.0123
13349,03/08/20 01:34:50 AM,19.80,0.0,0.0123
13350,03/08/20 01:35:00 AM,19.80,0.0,0.0123
13351,03/08/20 01:35:10 AM,19.80,0.0,0.0123
13352,03/08/20 01:35:20 AM,19.80,0.0,0.0123
13353,03/08/20 01:35:30 AM,19.80,0.0,0.0123
13354,03/08/20 01:35:40 AM,19.80,0.0,0.0123
13355,03/08/20 01:35:50 AM,19.82,0.0,0.0123
13356,03/08/20 01:36:00 AM,19.82,0.0,0.0123
13357,03/08/20 01:36:10 AM,19.80,0.0,0.0123
13358,03/08/20 01:36:20 AM,19.80,0.0,0.0123
13359,03/08/20 01:36:30 AM,19.80,0.0,0.0123
13360,03/08/20 01:36:40 AM,19.82,0.0,0.0123
13361,03/08/20 01:36:50 AM,19.80,0.0,0.0123
13362,03/08/20 01:37:00 AM,19.80,0.0,0.0123
13363,03/08/20 01:37:10 AM,19.80,0.0,0.0123
13364,03/08/20 01:37:20 AM,19.80,0.0,0.0123
13365,03/08/20 01:37:30 AM,19.82,0.0,0.0123
13366,03/08/20 01:37:40 AM,19.80,0.0,0.0123
13367,03/08/20 01:37:50 AM,19.80,0.0,0.0123
13368,03/08/20 01:38:00 AM,19.80,0.0,0.0123
13369,03/08/20 01:38:10 AM,19.82,0.0,0.0123
13370,03/08/20 01:38:20 AM,19.82,0.0,0.0123
13371,03/08/20 01:38:30 AM,19.80,0.0,0.0123
13372,03/08/20 01:38:40 AM,19.80,0.0,0.0123
13373,03/08/20 01:38:50 AM,19.80,0.0,0.0123
13374,03/08/20 01:39:00 AM,19.80,0.0,0.0123
13375,03/08/20 01:39:10 AM,19.80,0.0,0.0123
13376,03/08/20 01:39:20 AM,19.80,0.0,0.0123
13377,03/08/20 01:39:30 AM,19.80,0.0,0.0123
13378,03/08/20 01:39:40 AM,19.80,0.0,0.0123
13379,03/08/20 01:39:50 AM,19.80,0.0,0.0123
13380,03/08/20 01:40:00 AM,19.80,0.0,0.0123
13381,03/08/20 01:40:10 AM,19.82,0.0,0.0123
13382,03/08/20 01:40:20 AM,19.80,0.0,0.0123
13383,03/08/20 01:40:30 AM,19.82,0.0,0.0123
13384,03/08/20 01:40:40 AM,19.80,0.0,0.0123
13385,03/08/20 01:40:50 AM,19.82,0.0,0.0123
13386,03/08/20 01:41:00 AM,19.80,0.0,0.0123
13387,03/08/20 01:41:10 AM,19.80,0.0,0.0123
13388,03/08/20 01:41:20 AM,19.82,0.0,0.0123
13389,03/08/20 01:41:30 AM,19.82,0.0,0.0123
13390,03/08/20 01:41:40 AM,19.82,0.0,0.0123
13391,03/08/20 01:41:50 AM,19.80,0.0,0.0123
13392,03/08/20 01:42:00 AM,19.80,0.0,0.0123
13393,03/08/20 01:42:10 AM,19.80,0.0,0.0123
13394,03/08/20 01:42:20 AM,19.82,0.0,0.0123
13395,03/08/20 01:42:30 AM,19.82,0.0,0.0123
13396,03/08/20 01:42:40 AM,19.80,0.0,0.0123
13397,03/08/20 01:42:50 AM,19.80,0.0,0.0123
13398,03/08/20 01:43:00 AM,19.82,0.0,0.0123
13399,03/08/20 01:43:10 AM,19.80,0.0,0.0123
13400,03/08/20 01:43:20 AM,19.80,0.0,0.0123
13401,03/08/20 01:43:30 AM,19.82,0.0,0.0123
13402,03/08/20 01:43:40 AM,19.80,0.0,0.0123
13403,03/08/20 01:43:50 AM,19.82,0.0,0.0123
13404,03/08/20 01:44:00 AM,19.82,0.0,0.0123
13405,03/08/20 01:44:10 AM,19.80,0.0,0.0123
13406,03/08/20 01:44:20 AM,19.82,0.0,0.0123
13407,03/08/20 01:44:30 AM,19.80,0.0,0.0123
13408,03/08/20 01:44:40 AM,19.80,0.0,0.0123
13409,03/08/20 01:44:50 AM,19.80,0.0,0.0123
13410,03/08/20 01:45:00 AM,19.82,0.0,0.0123
13411,03/08/20 01:45:10 AM,19.80,0.0,0.0123
13412,03/08/20 01:45:20 AM,19.82,0.0,0.0123
13413,03/08/20 01:45:30 AM,19.80,0.0,0.0123
13414,03/08/20 01:45:40 AM,19.82,0.0,0.0123
13415,03/08/20 01:45:50 AM,19.80,0.0,0.0123
13416,03/08/20 01:46:00 AM,19.80,0.0,0.0123
13417,03/08/20 01:46:10 AM,19.82,0.0,0.0123
13418,03/08/20 01:46:20 AM,19.80,0.0,0.0123
13419,03/08/20 01:46:30 AM,19.82,0.0,0.0123
13420,03/08/20 01:46:40 AM,19.80,0.0,0.0123
13421,03/08/20 01:46:50 AM,19.82,0.0,0.0123
13422,03/08/20 01:47:00 AM,19.82,0.0,0.0123
13423,03/08/20 01:47:10 AM,19.80,0.0,0.0123
13424,03/08/20 01:47:20 AM,19.80,0.0,0.0123
13425,03/08/20 01:47:30 AM,19.80,0.0,0.0123
13426,03/08/20 01:47:40 AM,19.80,0.0,0.0123
13427,03/08/20 01:47:50 AM,19.80,0.0,0.0123
13428,03/08/20 01:48:00 AM,19.80,0.0,0.0123
13429,03/08/20 01:48:10 AM,19.82,0.0,0.0123
13430,03/08/20 01:48:20 AM,19.80,0.0,0.0123
13431,03/08/20 01:48:30 AM,19.80,0.0,0.0123
13432,03/08/20 01:48:40 AM,19.82,0.0,0.0123
13433,03/08/20 01:48:50 AM,19.82,0.0,0.0123
13434,03/08/20 01:49:00 AM,19.82,0.0,0.0123
13435,03/08/20 01:49:10 AM,19.82,0.0,0.0123
13436,03/08/20 01:49:20 AM,19.80,0.0,0.0123
13437,03/08/20 01:49:30 AM,19.80,0.0,0.0123
13438,03/08/20 01:49:40 AM,19.82,0.0,0.0123
13439,03/08/20 01:49:50 AM,19.80,0.0,0.0123
13440,03/08/20 01:50:00 AM,19.80,0.0,0.0123
13441,03/08/20 01:50:10 AM,19.82,0.0,0.0123
13442,03/08/20 01:50:20 AM,19.80,0.0,0.0123
13443,03/08/20 01:50:30 AM,19.80,0.0,0.0123
13444,03/08/20 01:50:40 AM,19.80,0.0,0.0123
13445,03/08/20 01:50:50 AM,19.82,0.0,0.0123
13446,03/08/20 01:51:00 AM,19.80,0.0,0.0123
13447,03/08/20 01:51:10 AM,19.80,0.0,0.0123
13448,03/08/20 01:51:20 AM,19.80,0.0,0.0123
13449,03/08/20 01:51:30 AM,19.80,0.0,0.0123
13450,03/08/20 01:51:40 AM,19.82,0.0,0.0123
13451,03/08/20 01:51:50 AM,19.80,0.0,0.0123
13452,03/08/20 01:52:00 AM,19.80,0.0,0.0123
13453,03/08/20 01:52:10 AM,19.80,0.0,0.0123
13454,03/08/20 01:52:20 AM,19.80,0.0,0.0123
13455,03/08/20 01:52:30 AM,19.80,0.0,0.0123
13456,03/08/20 01:52:40 AM,19.80,0.0,0.0123
13457,03/08/20 01:52:50 AM,19.80,0.0,0.0123
13458,03/08/20 01:53:00 AM,19.80,0.0,0.0123
13459,03/08/20 01:53:10 AM,19.80,0.0,0.0123
13460,03/08/20 01:53:20 AM,19.80,0.0,0.0123
13461,03/08/20 01:53:30 AM,19.80,0.0,0.0123
13462,03/08/20 01:53:40 AM,19.80,0.0,0.0123
13463,03/08/20 01:53:50 AM,19.80,0.0,0.0123
13464,03/08/20 01:54:00 AM,19.82,0.0,0.0123
13465,03/08/20 01:54:10 AM,19.80,0.0,0.0123
13466,03/08/20 01:54:20 AM,19.82,0.0,0.0123
13467,03/08/20 01:54:30 AM,19.80,0.0,0.0123
13468,03/08/20 01:54:40 AM,19.80,0.0,0.0123
13469,03/08/20 01:54:50 AM,19.80,0.0,0.0123
13470,03/08/20 01:55:00 AM,19.80,0.0,0.0123
13471,03/08/20 01:55:10 AM,19.80,0.0,0.0123
13472,03/08/20 01:55:20 AM,19.80,0.0,0.0123
13473,03/08/20 01:55:30 AM,19.80,0.0,0.0123
13474,03/08/20 01:55:40 AM,19.80,0.0,0.0123
13475,03/08/20 01:55:50 AM,19.80,0.0,0.0123
13476,03/08/20 01:56:00 AM,19.80,0.0,0.0123
13477,03/08/20 01:56:10 AM,19.80,0.0,0.0123
13478,03/08/20 01:56:20 AM,19.80,0.0,0.0123
13479,03/08/20 01:56:30 AM,19.80,0.0,0.0123
13480,03/08/20 01:56:40 AM,19.80,0.0,0.0123
13481,03/08/20 01:56:50 AM,19.80,0.0,0.0123
13482,03/08/20 01:57:00 AM,19.80,0.0,0.0123
13483,03/08/20 01:57:10 AM,19.80,0.0,0.0123
13484,03/08/20 01:57:20 AM,19.80,0.0,0.0123
13485,03/08/20 01:57:30 AM,19.80,0.0,0.0123
13486,03/08/20 01:57:40 AM,19.80,0.0,0.0123
13487,03/08/20 01:57:50 AM,19.80,0.0,0.0123
13488,03/08/20 01:58:00 AM,19.80,0.0,0.0123
13489,03/08/20 01:58:10 AM,19.82,0.0,0.0123
13490,03/08/20 01:58:20 AM,19.80,0.0,0.0123
13491,03/08/20 01:58:30 AM,19.80,0.0,0.0123
13492,03/08/20 01:58:40 AM,19.80,0.0,0.0123
13493,03/08/20 01:58:50 AM,19.80,0.0,0.0123
13494,03/08/20 01:59:00 AM,19.80,0.0,0.0123
13495,03/08/20 01:59:10 AM,19.80,0.0,0.0123
13496,03/08/20 01:59:20 AM,19.80,0.0,0.0123
13497,03/08/20 01:59:30 AM,19.80,0.0,0.0123
13498,03/08/20 01:59:40 AM,19.80,0.0,0.0123
13499,03/08/20 01:59:50 AM,19.82,0.0,0.0123
13500,03/08/20 02:00:00 AM,19.80,0.0,0.0123
13501,03/08/20 02:00:10 AM,19.80,0.0,0.0123
13502,03/08/20 02:00:20 AM,19.80,0.0,0.0123
13503,03/08/20 02:00:30 AM,19.82,0.0,0.0123
13504,03/08/20 02:00:40 AM,19.80,0.0,0.0123
13505,03/08/20 02:00:50 AM,19.80,0.0,0.0123
13506,03/08/20 02:01:00 AM,19.80,0.0,0.0123
13507,03/08/20 02:01:10 AM,19.80,0.0,0.0123
13508,03/08/20 02:01:20 AM,19.80,0.0,0.0123
13509,03/08/20 02:01:30 AM,19.80,0.0,0.0123
13510,03/08/20 02:01:40 AM,19.80,0.0,0.0123
13511,03/08/20 02:01:50 AM,19.80,0.0,0.0123
13512,03/08/20 02:02:00 AM,19.80,0.0,0.0123
13513,03/08/20 02:02:10 AM,19.80,0.0,0.0123
13514,03/08/20 02:02:20 AM,19.82,0.0,0.0123
13515,03/08/20 02:02:30 AM,19.80,0.0,0.0123
13516,03/08/20 02:02:40 AM,19.80,0.0,0.0123
13517,03/08/20 02:02:50 AM,19.82,0.0,0.0123
13518,03/08/20 02:03:00 AM,19.80,0.0,0.0123
13519,03/08/20 02:03:10 AM,19.80,0.0,0.0123
13520,03/08/20 02:03:20 AM,19.80,0.0,0.0123
13521,03/08/20 02:03:30 AM,19.80,0.0,0.0123
13522,03/08/20 02:03:40 AM,19.80,0.0,0.0123
13523,03/08/20 02:03:50 AM,19.82,0.0,0.0123
13524,03/08/20 02:04:00 AM,19.80,0.0,0.0123
13525,03/08/20 02:04:10 AM,19.80,0.0,0.0123
13526,03/08/20 02:04:20 AM,19.82,0.0,0.0123
13527,03/08/20 02:04:30 AM,19.80,0.0,0.0123
13528,03/08/20 02:04:40 AM,19.80,0.0,0.0123
13529,03/08/20 02:04:50 AM,19.82,0.0,0.0123
13530,03/08/20 02:05:00 AM,19.80,0.0,0.0123
13531,03/08/20 02:05:10 AM,19.82,0.0,0.0123
13532,03/08/20 02:05:20 AM,19.82,0.0,0.0123
13533,03/08/20 02:05:30 AM,19.82,0.0,0.0123
13534,03/08/20 02:05:40 AM,19.82,0.0,0.0123
13535,03/08/20 02:05:50 AM,19.82,0.0,0.0123
13536,03/08/20 02:06:00 AM,19.82,0.0,0.0123
13537,03/08/20 02:06:10 AM,19.82,0.0,0.0123
13538,03/08/20 02:06:20 AM,19.82,0.0,0.0123
13539,03/08/20 02:06:30 AM,19.82,0.0,0.0123
13540,03/08/20 02:06:40 AM,19.82,0.0,0.0123
13541,03/08/20 02:06:50 AM,19.82,0.0,0.0123
13542,03/08/20 02:07:00 AM,19.82,0.0,0.0123
13543,03/08/20 02:07:10 AM,19.82,0.0,0.0123
13544,03/08/20 02:07:20 AM,19.82,0.0,0.0123
13545,03/08/20 02:07:30 AM,19.82,0.0,0.0123
13546,03/08/20 02:07:40 AM,19.82,0.0,0.0123
13547,03/08/20 02:07:50 AM,19.82,0.0,0.0123
13548,03/08/20 02:08:00 AM,19.82,0.0,0.0123
13549,03/08/20 02:08:10 AM,19.82,0.0,0.0123
13550,03/08/20 02:08:20 AM,19.82,0.0,0.0123
13551,03/08/20 02:08:30 AM,19.82,0.0,0.0123
13552,03/08/20 02:08:40 AM,19.82,0.0,0.0123
13553,03/08/20 02:08:50 AM,19.82,0.0,0.0123
13554,03/08/20 02:09:00 AM,19.82,0.0,0.0123
13555,03/08/20 02:09:10 AM,19.82,0.0,0.0123
13556,03/08/20 02:09:20 AM,19.82,0.0,0.0123
13557,03/08/20 02:09:30 AM,19.82,0.0,0.0123
13558,03/08/20 02:09:40 AM,19.82,0.0,0.0123
13559,03/08/20 02:09:50 AM,19.82,0.0,0.0123
13560,03/08/20 02:10:00 AM,19.82,0.0,0.0123
13561,03/08/20 02:10:10 AM,19.82,0.0,0.0123
13562,03/08/20 02:10:20 AM,19.82,0.0,0.0123
13563,03/08/20 02:10:30 AM,19.82,0.0,0.0123
13564,03/08/20 02:10:40 AM,19.82,0.0,0.0123
13565,03/08/20 02:10:50 AM,19.82,0.0,0.0123
13566,03/08/20 02:11:00 AM,19.82,0.0,0.0123
13567,03/08/20 02:11:10 AM,19.82,0.0,0.0123
13568,03/08/20 02:11:20 AM,19.82,0.0,0.0123
13569,03/08/20 02:11:30 AM,19.82,0.0,0.0123
13570,03/08/20 02:11:40 AM,19.82,0.0,0.0123
13571,03/08/20 02:11:50 AM,19.82,0.0,0.0123
13572,03/08/20 02:12:00 AM,19.82,0.0,0.0123
13573,03/08/20 02:12:10 AM,19.82,0.0,0.0123
13574,03/08/20 02:12:20 AM,19.82,0.0,0.0123
13575,03/08/20 02:12:30 AM,19.82,0.0,0.0123
13576,03/08/20 02:12:40 AM,19.83,0.0,0.0123
13577,03/08/20 02:12:50 AM,19.82,0.0,0.0123
13578,03/08/20 02:13:00 AM,19.83,0.0,0.0123
13579,03/08/20 02:13:10 AM,19.83,0.0,0.0123
13580,03/08/20 02:13:20 AM,19.83,0.0,0.0123
13581,03/08/20 02:13:30 AM,19.83,0.0,0.0123
13582,03/08/20 02:13:40 AM,19.83,0.0,0.0123
13583,03/08/20 02:13:50 AM,19.83,0.0,0.0123
13584,03/08/20 02:14:00 AM,19.83,0.0,0.0123
13585,03/08/20 02:14:10 AM,19.83,0.0,0.0123
13586,03/08/20 02:14:20 AM,19.83,0.0,0.0123
13587,03/08/20 02:14:30 AM,19.83,0.0,0.0123
13588,03/08/20 02:14:40 AM,19.84,0.0,0.0123
13589,03/08/20 02:14:50 AM,19.84,0.0,0.0123
13590,03/08/20 02:15:00 AM,19.84,0.0,0.0123
13591,03/08/20 02:15:10 AM,19.84,0.0,0.0123
13592,03/08/20 02:15:20 AM,19.85,0.0,0.0123
13593,03/08/20 02:15:30 AM,19.85,0.0,0.0123
13594,03/08/20 02:15:40 AM,19.85,0.0,0.0123
13595,03/08/20 02:15:50 AM,19.85,0.0,0.0123
13596,03/08/20 02:16:00 AM,19.85,0.0,0.0123
13597,03/08/20 02:16:10 AM,19.86,0.0,0.0123
13598,03/08/20 02:16:20 AM,19.86,0.0,0.0123
13599,03/08/20 02:16:30 AM,19.86,0.0,0.0123
13600,03/08/20 02:16:40 AM,19.86,0.0,0.0123
13601,03/08/20 02:16:50 AM,19.86,0.0,0.0123
13602,03/08/20 02:17:00 AM,19.86,0.0,0.0123
13603,03/08/20 02:17:10 AM,19.86,0.0,0.0123
13604,03/08/20 02:17:20 AM,19.88,0.0,0.0123
13605,03/08/20 02:17:30 AM,19.86,0.0,0.0123
13606,03/08/20 02:17:40 AM,19.88,0.0,0.0123
13607,03/08/20 02:17:50 AM,19.88,0.0,0.0123
13608,03/08/20 02:18:00 AM,19.88,0.0,0.0123
13609,03/08/20 02:18:10 AM,19.88,0.0,0.0123
13610,03/08/20 02:18:20 AM,19.88,0.0,0.0123
13611,03/08/20 02:18:30 AM,19.88,0.0,0.0123
13612,03/08/20 02:18:40 AM,19.88,0.0,0.0123
13613,03/08/20 02:18:50 AM,19.88,0.0,0.0123
13614,03/08/20 02:19:00 AM,19.88,0.0,0.0123
13615,03/08/20 02:19:10 AM,19.88,0.0,0.0123
13616,03/08/20 02:19:20 AM,19.88,0.0,0.0123
13617,03/08/20 02:19:30 AM,19.88,0.0,0.0123
13618,03/08/20 02:19:40 AM,19.88,0.0,0.0123
13619,03/08/20 02:19:50 AM,19.88,0.0,0.0123
13620,03/08/20 02:20:00 AM,19.88,0.0,0.0123
13621,03/08/20 02:20:10 AM,19.88,0.0,0.0123
13622,03/08/20 02:20:20 AM,19.88,0.0,0.0123
13623,03/08/20 02:20:30 AM,19.88,0.0,0.0123
13624,03/08/20 02:20:40 AM,19.89,0.0,0.0123
13625,03/08/20 02:20:50 AM,19.88,0.0,0.0123
13626,03/08/20 02:21:00 AM,19.89,0.0,0.0123
13627,03/08/20 02:21:10 AM,19.89,0.0,0.0123
13628,03/08/20 02:21:20 AM,19.89,0.0,0.0123
13629,03/08/20 02:21:30 AM,19.89,0.0,0.0123
13630,03/08/20 02:21:40 AM,19.89,0.0,0.0123
13631,03/08/20 02:21:50 AM,19.89,0.0,0.0123
13632,03/08/20 02:22:00 AM,19.89,0.0,0.0123
13633,03/08/20 02:22:10 AM,19.89,0.0,0.0123
13634,03/08/20 02:22:20 AM,19.89,0.0,0.0123
13635,03/08/20 02:22:30 AM,19.89,0.0,0.0123
13636,03/08/20 02:22:40 AM,19.89,0.0,0.0123
13637,03/08/20 02:22:50 AM,19.89,0.0,0.0123
13638,03/08/20 02:23:00 AM,19.89,0.0,0.0123
13639,03/08/20 02:23:10 AM,19.89,0.0,0.0123
13640,03/08/20 02:23:20 AM,19.89,0.0,0.0123
13641,03/08/20 02:23:30 AM,19.89,0.0,0.0123
13642,03/08/20 02:23:40 AM,19.89,0.0,0.0123
13643,03/08/20 02:23:50 AM,19.90,0.0,0.0123
13644,03/08/20 02:24:00 AM,19.89,0.0,0.0123
13645,03/08/20 02:24:10 AM,19.89,0.0,0.0123
13646,03/08/20 02:24:20 AM,19.89,0.0,0.0123
13647,03/08/20 02:24:30 AM,19.89,0.0,0.0123
13648,03/08/20 02:24:40 AM,19.89,0.0,0.0123
13649,03/08/20 02:24:50 AM,19.89,0.0,0.0123
13650,03/08/20 02:25:00 AM,19.89,0.0,0.0123
13651,03/08/20 02:25:10 AM,19.89,0.0,0.0123
13652,03/08/20 02:25:20 AM,19.89,0.0,0.0123
13653,03/08/20 02:25:30 AM,19.89,0.0,0.0123
13654,03/08/20 02:25:40 AM,19.89,0.0,0.0123
13655,03/08/20 02:25:50 AM,19.89,0.0,0.0123
13656,03/08/20 02:26:00 AM,19.89,0.0,0.0123
13657,03/08/20 02:26:10 AM,19.89,0.0,0.0123
13658,03/08/20 02:26:20 AM,19.90,0.0,0.0123
13659,03/08/20 02:26:30 AM,19.90,0.0,0.0123
13660,03/08/20 02:26:40 AM,19.89,0.0,0.0123
13661,03/08/20 02:26:50 AM,19.90,0.0,0.0123
13662,03/08/20 02:27:00 AM,19.89,0.0,0.0123
13663,03/08/20 02:27:10 AM,19.89,0.0,0.0123
13664,03/08/20 02:27:20 AM,19.89,0.0,0.0123
13665,03/08/20 02:27:30 AM,19.89,0.0,0.0123
13666,03/08/20 02:27:40 AM,19.89,0.0,0.0123
13667,03/08/20 02:27:50 AM,19.90,0.0,0.0123
13668,03/08/20 02:28:00 AM,19.89,0.0,0.0123
13669,03/08/20 02:28:10 AM,19.90,0.0,0.0123
13670,03/08/20 02:28:20 AM,19.90,0.0,0.0123
13671,03/08/20 02:28:30 AM,19.90,0.0,0.0123
13672,03/08/20 02:28:40 AM,19.90,0.0,0.0123
13673,03/08/20 02:28:50 AM,19.90,0.0,0.0123
13674,03/08/20 02:29:00 AM,19.90,0.0,0.0123
13675,03/08/20 02:29:10 AM,19.90,0.0,0.0123
13676,03/08/20 02:29:20 AM,19.89,0.0,0.0123
13677,03/08/20 02:29:30 AM,19.89,0.0,0.0123
13678,03/08/20 02:29:40 AM,19.89,0.0,0.0123
13679,03/08/20 02:29:50 AM,19.90,0.0,0.0123
13680,03/08/20 02:30:00 AM,19.89,0.0,0.0123
13681,03/08/20 02:30:10 AM,19.90,0.0,0.0123
13682,03/08/20 02:30:20 AM,19.89,0.0,0.0123
13683,03/08/20 02:30:30 AM,19.90,0.0,0.0123
13684,03/08/20 02:30:40 AM,19.89,0.0,0.0123
13685,03/08/20 02:30:50 AM,19.89,0.0,0.0123
13686,03/08/20 02:31:00 AM,19.90,0.0,0.0123
13687,03/08/20 02:31:10 AM,19.90,0.0,0.0123
13688,03/08/20 02:31:20 AM,19.89,0.0,0.0123
13689,03/08/20 02:31:30 AM,19.90,0.0,0.0123
13690,03/08/20 02:31:40 AM,19.90,0.0,0.0123
13691,03/08/20 02:31:50 AM,19.90,0.0,0.0123
13692,03/08/20 02:32:00 AM,19.89,0.0,0.0123
13693,03/08/20 02:32:10 AM,19.89,0.0,0.0123
13694,03/08/20 02:32:20 AM,19.90,0.0,0.0123
13695,03/08/20 02:32:30 AM,19.90,0.0,0.0123
13696,03/08/20 02:32:40 AM,19.90,0.0,0.0123
13697,03/08/20 02:32:50 AM,19.90,0.0,0.0123
13698,03/08/20 02:33:00 AM,19.90,0.0,0.0123
13699,03/08/20 02:33:10 AM,19.89,0.0,0.0123
13700,03/08/20 02:33:20 AM,19.89,0.0,0.0123
13701,03/08/20 02:33:30 AM,19.90,0.0,0.0123
13702,03/08/20 02:33:40 AM,19.89,0.0,0.0123
13703,03/08/20 02:33:50 AM,19.90,0.0,0.0123
13704,03/08/20 02:34:00 AM,19.90,0.0,0.0123
13705,03/08/20 02:34:10 AM,19.90,0.0,0.0123
13706,03/08/20 02:34:20 AM,19.90,0.0,0.0123
13707,03/08/20 02:34:30 AM,19.90,0.0,0.0123
13708,03/08/20 02:34:40 AM,19.90,0.0,0.0123
13709,03/08/20 02:34:50 AM,19.90,0.0,0.0123
13710,03/08/20 02:35:00 AM,19.90,0.0,0.0123
13711,03/08/20 02:35:10 AM,19.90,0.0,0.0123
13712,03/08/20 02:35:20 AM,19.90,0.0,0.0123
13713,03/08/20 02:35:30 AM,19.90,0.0,0.0123
13714,03/08/20 02:35:40 AM,19.89,0.0,0.0123
13715,03/08/20 02:35:50 AM,19.90,0.0,0.0123
13716,03/08/20 02:36:00 AM,19.90,0.0,0.0123
13717,03/08/20 02:36:10 AM,19.90,0.0,0.0123
13718,03/08/20 02:36:20 AM,19.90,0.0,0.0123
13719,03/08/20 02:36:30 AM,19.90,0.0,0.0123
13720,03/08/20 02:36:40 AM,19.90,0.0,0.0123
13721,03/08/20 02:36:50 AM,19.90,0.0,0.0123
13722,03/08/20 02:37:00 AM,19.90,0.0,0.0123
13723,03/08/20 02:37:10 AM,19.90,0.0,0.0123
13724,03/08/20 02:37:20 AM,19.90,0.0,0.0123
13725,03/08/20 02:37:30 AM,19.89,0.0,0.0123
13726,03/08/20 02:37:40 AM,19.89,0.0,0.0123
13727,03/08/20 02:37:50 AM,19.90,0.0,0.0123
13728,03/08/20 02:38:00 AM,19.90,0.0,0.0123
13729,03/08/20 02:38:10 AM,19.90,0.0,0.0123
13730,03/08/20 02:38:20 AM,19.90,0.0,0.0123
13731,03/08/20 02:38:30 AM,19.90,0.0,0.0123
13732,03/08/20 02:38:40 AM,19.90,0.0,0.0123
13733,03/08/20 02:38:50 AM,19.90,0.0,0.0123
13734,03/08/20 02:39:00 AM,19.90,0.0,0.0123
13735,03/08/20 02:39:10 AM,19.90,0.0,0.0123
13736,03/08/20 02:39:20 AM,19.90,0.0,0.0123
13737,03/08/20 02:39:30 AM,19.89,0.0,0.0123
13738,03/08/20 02:39:40 AM,19.90,0.0,0.0123
13739,03/08/20 02:39:50 AM,19.90,0.0,0.0123
13740,03/08/20 02:40:00 AM,19.90,0.0,0.0123
13741,03/08/20 02:40:10 AM,19.90,0.0,0.0123
13742,03/08/20 02:40:20 AM,19.90,0.0,0.0123
13743,03/08/20 02:40:30 AM,19.90,0.0,0.0123
13744,03/08/20 02:40:40 AM,19.89,0.0,0.0123
13745,03/08/20 02:40:50 AM,19.90,0.0,0.0123
13746,03/08/20 02:41:00 AM,19.90,0.0,0.0123
13747,03/08/20 02:41:10 AM,19.90,0.0,0.0123
13748,03/08/20 02:41:20 AM,19.89,0.0,0.0123
13749,03/08/20 02:41:30 AM,19.89,0.0,0.0123
13750,03/08/20 02:41:40 AM,19.90,0.0,0.0123
13751,03/08/20 02:41:50 AM,19.90,0.0,0.0123
13752,03/08/20 02:42:00 AM,19.90,0.0,0.0123
13753,03/08/20 02:42:10 AM,19.90,0.0,0.0123
13754,03/08/20 02:42:20 AM,19.90,0.0,0.0123
13755,03/08/20 02:42:30 AM,19.90,0.0,0.0123
13756,03/08/20 02:42:40 AM,19.90,0.0,0.0123
13757,03/08/20 02:42:50 AM,19.90,0.0,0.0123
13758,03/08/20 02:43:00 AM,19.90,0.0,0.0123
13759,03/08/20 02:43:10 AM,19.90,0.0,0.0123
13760,03/08/20 02:43:20 AM,19.90,0.0,0.0123
13761,03/08/20 02:43:30 AM,19.90,0.0,0.0123
13762,03/08/20 02:43:40 AM,19.90,0.0,0.0123
13763,03/08/20 02:43:50 AM,19.90,0.0,0.0123
13764,03/08/20 02:44:00 AM,19.90,0.0,0.0123
13765,03/08/20 02:44:10 AM,19.90,0.0,0.0123
13766,03/08/20 02:44:20 AM,19.90,0.0,0.0123
13767,03/08/20 02:44:30 AM,19.90,0.0,0.0123
13768,03/08/20 02:44:40 AM,19.90,0.0,0.0123
13769,03/08/20 02:44:50 AM,19.90,0.0,0.0123
13770,03/08/20 02:45:00 AM,19.90,0.0,0.0123
13771,03/08/20 02:45:10 AM,19.90,0.0,0.0123
13772,03/08/20 02:45:20 AM,19.90,0.0,0.0123
13773,03/08/20 02:45:30 AM,19.90,0.0,0.0123
13774,03/08/20 02:45:40 AM,19.90,0.0,0.0123
13775,03/08/20 02:45:50 AM,19.89,0.0,0.0123
13776,03/08/20 02:46:00 AM,19.89,0.0,0.0123
13777,03/08/20 02:46:10 AM,19.89,0.0,0.0123
13778,03/08/20 02:46:20 AM,19.89,0.0,0.0123
13779,03/08/20 02:46:30 AM,19.89,0.0,0.0123
13780,03/08/20 02:46:40 AM,19.90,0.0,0.0123
13781,03/08/20 02:46:50 AM,19.89,0.0,0.0123
13782,03/08/20 02:47:00 AM,19.90,0.0,0.0123
13783,03/08/20 02:47:10 AM,19.89,0.0,0.0123
13784,03/08/20 02:47:20 AM,19.89,0.0,0.0123
13785,03/08/20 02:47:30 AM,19.90,0.0,0.0123
13786,03/08/20 02:47:40 AM,19.89,0.0,0.0123
13787,03/08/20 02:47:50 AM,19.89,0.0,0.0123
13788,03/08/20 02:48:00 AM,19.90,0.0,0.0123
13789,03/08/20 02:48:10 AM,19.89,0.0,0.0123
13790,03/08/20 02:48:20 AM,19.90,0.0,0.0123
13791,03/08/20 02:48:30 AM,19.90,0.0,0.0123
13792,03/08/20 02:48:40 AM,19.90,0.0,0.0123
13793,03/08/20 02:48:50 AM,19.90,0.0,0.0123
13794,03/08/20 02:49:00 AM,19.90,0.0,0.0123
13795,03/08/20 02:49:10 AM,19.90,0.0,0.0123
13796,03/08/20 02:49:20 AM,19.90,0.0,0.0123
13797,03/08/20 02:49:30 AM,19.90,0.0,0.0123
13798,03/08/20 02:49:40 AM,19.90,0.0,0.0123
13799,03/08/20 02:49:50 AM,19.90,0.0,0.0123
13800,03/08/20 02:50:00 AM,19.89,0.0,0.0123
13801,03/08/20 02:50:10 AM,19.90,0.0,0.0123
13802,03/08/20 02:50:20 AM,19.90,0.0,0.0123
13803,03/08/20 02:50:30 AM,19.89,0.0,0.0123
13804,03/08/20 02:50:40 AM,19.89,0.0,0.0123
13805,03/08/20 02:50:50 AM,19.89,0.0,0.0123
13806,03/08/20 02:51:00 AM,19.89,0.0,0.0123
13807,03/08/20 02:51:10 AM,19.89,0.0,0.0123
13808,03/08/20 02:51:20 AM,19.90,0.0,0.0123
13809,03/08/20 02:51:30 AM,19.90,0.0,0.0123
13810,03/08/20 02:51:40 AM,19.90,0.0,0.0123
13811,03/08/20 02:51:50 AM,19.89,0.0,0.0123
13812,03/08/20 02:52:00 AM,19.90,0.0,0.0123
13813,03/08/20 02:52:10 AM,19.90,0.0,0.0123
13814,03/08/20 02:52:20 AM,19.90,0.0,0.0123
13815,03/08/20 02:52:30 AM,19.90,0.0,0.0123
13816,03/08/20 02:52:40 AM,19.90,0.0,0.0123
13817,03/08/20 02:52:50 AM,19.90,0.0,0.0123
13818,03/08/20 02:53:00 AM,19.90,0.0,0.0123
13819,03/08/20 02:53:10 AM,19.89,0.0,0.0123
13820,03/08/20 02:53:20 AM,19.90,0.0,0.0123
13821,03/08/20 02:53:30 AM,19.90,0.0,0.0123
13822,03/08/20 02:53:40 AM,19.89,0.0,0.0123
13823,03/08/20 02:53:50 AM,19.90,0.0,0.0123
13824,03/08/20 02:54:00 AM,19.90,0.0,0.0123
13825,03/08/20 02:54:10 AM,19.90,0.0,0.0123
13826,03/08/20 02:54:20 AM,19.90,0.0,0.0123
13827,03/08/20 02:54:30 AM,19.90,0.0,0.0123
13828,03/08/20 02:54:40 AM,19.90,0.0,0.0123
13829,03/08/20 02:54:50 AM,19.90,0.0,0.0123
13830,03/08/20 02:55:00 AM,19.89,0.0,0.0123
13831,03/08/20 02:55:10 AM,19.90,0.0,0.0123
13832,03/08/20 02:55:20 AM,19.90,0.0,0.0123
13833,03/08/20 02:55:30 AM,19.90,0.0,0.0123
13834,03/08/20 02:55:40 AM,19.90,0.0,0.0123
13835,03/08/20 02:55:50 AM,19.90,0.0,0.0123
13836,03/08/20 02:56:00 AM,19.90,0.0,0.0123
13837,03/08/20 02:56:10 AM,19.89,0.0,0.0123
13838,03/08/20 02:56:20 AM,19.90,0.0,0.0123
13839,03/08/20 02:56:30 AM,19.90,0.0,0.0123
13840,03/08/20 02:56:40 AM,19.90,0.0,0.0123
13841,03/08/20 02:56:50 AM,19.89,0.0,0.0123
13842,03/08/20 02:57:00 AM,19.90,0.0,0.0123
13843,03/08/20 02:57:10 AM,19.90,0.0,0.0123
13844,03/08/20 02:57:20 AM,19.90,0.0,0.0123
13845,03/08/20 02:57:30 AM,19.90,0.0,0.0123
13846,03/08/20 02:57:40 AM,19.90,0.0,0.0123
13847,03/08/20 02:57:50 AM,19.89,0.0,0.0123
13848,03/08/20 02:58:00 AM,19.90,0.0,0.0123
13849,03/08/20 02:58:10 AM,19.90,0.0,0.0123
13850,03/08/20 02:58:20 AM,19.90,0.0,0.0123
13851,03/08/20 02:58:30 AM,19.90,0.0,0.0123
13852,03/08/20 02:58:40 AM,19.90,0.0,0.0123
13853,03/08/20 02:58:50 AM,19.90,0.0,0.0123
13854,03/08/20 02:59:00 AM,19.90,0.0,0.0123
13855,03/08/20 02:59:10 AM,19.90,0.0,0.0123
13856,03/08/20 02:59:20 AM,19.90,0.0,0.0123
13857,03/08/20 02:59:30 AM,19.90,0.0,0.0123
13858,03/08/20 02:59:40 AM,19.90,0.0,0.0123
13859,03/08/20 02:59:50 AM,19.90,0.0,0.0123
13860,03/08/20 03:00:00 AM,19.90,0.0,0.0123
13861,03/08/20 03:00:10 AM,19.90,0.0,0.0123
13862,03/08/20 03:00:20 AM,19.90,0.0,0.0123
13863,03/08/20 03:00:30 AM,19.90,0.0,0.0123
13864,03/08/20 03:00:40 AM,19.90,0.0,0.0123
13865,03/08/20 03:00:50 AM,19.90,0.0,0.0123
13866,03/08/20 03:01:00 AM,19.90,0.0,0.0123
13867,03/08/20 03:01:10 AM,19.90,0.0,0.0123
13868,03/08/20 03:01:20 AM,19.90,0.0,0.0123
13869,03/08/20 03:01:30 AM,19.90,0.0,0.0123
13870,03/08/20 03:01:40 AM,19.90,0.0,0.0123
13871,03/08/20 03:01:50 AM,19.90,0.0,0.0123
13872,03/08/20 03:02:00 AM,19.90,0.0,0.0123
13873,03/08/20 03:02:10 AM,19.90,0.0,0.0123
13874,03/08/20 03:02:20 AM,19.90,0.0,0.0123
13875,03/08/20 03:02:30 AM,19.90,0.0,0.0123
13876,03/08/20 03:02:40 AM,19.90,0.0,0.0123
13877,03/08/20 03:02:50 AM,19.90,0.0,0.0123
13878,03/08/20 03:03:00 AM,19.90,0.0,0.0123
13879,03/08/20 03:03:10 AM,19.90,0.0,0.0123
13880,03/08/20 03:03:20 AM,19.90,0.0,0.0123
13881,03/08/20 03:03:30 AM,19.90,0.0,0.0123
13882,03/08/20 03:03:40 AM,19.90,0.0,0.0123
13883,03/08/20 03:03:50 AM,19.90,0.0,0.0123
13884,03/08/20 03:04:00 AM,19.90,0.0,0.0123
13885,03/08/20 03:04:10 AM,19.90,0.0,0.0123
13886,03/08/20 03:04:20 AM,19.90,0.0,0.0123
13887,03/08/20 03:04:30 AM,19.90,0.0,0.0123
13888,03/08/20 03:04:40 AM,19.90,0.0,0.0123
13889,03/08/20 03:04:50 AM,19.89,0.0,0.0123
13890,03/08/20 03:05:00 AM,19.90,0.0,0.0123
13891,03/08/20 03:05:10 AM,19.90,0.0,0.0123
13892,03/08/20 03:05:20 AM,19.90,0.0,0.0123
13893,03/08/20 03:05:30 AM,19.90,0.0,0.0123
13894,03/08/20 03:05:40 AM,19.90,0.0,0.0123
13895,03/08/20 03:05:50 AM,19.90,0.0,0.0123
13896,03/08/20 03:06:00 AM,19.90,0.0,0.0123
13897,03/08/20 03:06:10 AM,19.90,0.0,0.0123
13898,03/08/20 03:06:20 AM,19.90,0.0,0.0123
13899,03/08/20 03:06:30 AM,19.90,0.0,0.0123
13900,03/08/20 03:06:40 AM,19.90,0.0,0.0123
13901,03/08/20 03:06:50 AM,19.90,0.0,0.0123
13902,03/08/20 03:07:00 AM,19.90,0.0,0.0123
13903,03/08/20 03:07:10 AM,19.90,0.0,0.0123
13904,03/08/20 03:07:20 AM,19.90,0.0,0.0123
13905,03/08/20 03:07:30 AM,19.90,0.0,0.0123
13906,03/08/20 03:07:40 AM,19.90,0.0,0.0123
13907,03/08/20 03:07:50 AM,19.90,0.0,0.0123
13908,03/08/20 03:08:00 AM,19.90,0.0,0.0123
13909,03/08/20 03:08:10 AM,19.90,0.0,0.0123
13910,03/08/20 03:08:20 AM,19.90,0.0,0.0123
13911,03/08/20 03:08:30 AM,19.90,0.0,0.0123
13912,03/08/20 03:08:40 AM,19.90,0.0,0.0123
13913,03/08/20 03:08:50 AM,19.90,0.0,0.0123
13914,03/08/20 03:09:00 AM,19.90,0.0,0.0123
13915,03/08/20 03:09:10 AM,19.90,0.0,0.0123
13916,03/08/20 03:09:20 AM,19.90,0.0,0.0123
13917,03/08/20 03:09:30 AM,19.90,0.0,0.0123
13918,03/08/20 03:09:40 AM,19.90,0.0,0.0123
13919,03/08/20 03:09:50 AM,19.90,0.0,0.0123
13920,03/08/20 03:10:00 AM,19.90,0.0,0.0123
13921,03/08/20 03:10:10 AM,19.90,0.0,0.0123
13922,03/08/20 03:10:20 AM,19.90,0.0,0.0123
13923,03/08/20 03:10:30 AM,19.90,0.0,0.0123
13924,03/08/20 03:10:40 AM,19.90,0.0,0.0123
13925,03/08/20 03:10:50 AM,19.90,0.0,0.0123
13926,03/08/20 03:11:00 AM,19.90,0.0,0.0123
13927,03/08/20 03:11:10 AM,19.90,0.0,0.0123
13928,03/08/20 03:11:20 AM,19.90,0.0,0.0123
13929,03/08/20 03:11:30 AM,19.90,0.0,0.0123
13930,03/08/20 03:11:40 AM,19.90,0.0,0.0123
13931,03/08/20 03:11:50 AM,19.90,0.0,0.0123
13932,03/08/20 03:12:00 AM,19.90,0.0,0.0123
13933,03/08/20 03:12:10 AM,19.90,0.0,0.0123
13934,03/08/20 03:12:20 AM,19.90,0.0,0.0123
13935,03/08/20 03:12:30 AM,19.90,0.0,0.0123
13936,03/08/20 03:12:40 AM,19.90,0.0,0.0123
13937,03/08/20 03:12:50 AM,19.90,0.0,0.0123
13938,03/08/20 03:13:00 AM,19.90,0.0,0.0123
13939,03/08/20 03:13:10 AM,19.90,0.0,0.0123
13940,03/08/20 03:13:20 AM,19.90,0.0,0.0123
13941,03/08/20 03:13:30 AM,19.90,0.0,0.0123
13942,03/08/20 03:13:40 AM,19.90,0.0,0.0123
13943,03/08/20 03:13:50 AM,19.90,0.0,0.0123
13944,03/08/20 03:14:00 AM,19.90,0.0,0.0123
13945,03/08/20 03:14:10 AM,19.90,0.0,0.0123
13946,03/08/20 03:14:20 AM,19.90,0.0,0.0123
13947,03/08/20 03:14:30 AM,19.90,0.0,0.0123
13948,03/08/20 03:14:40 AM,19.90,0.0,0.0123
13949,03/08/20 03:14:50 AM,19.90,0.0,0.0123
13950,03/08/20 03:15:00 AM,19.90,0.0,0.0123
13951,03/08/20 03:15:10 AM,19.90,0.0,0.0123
13952,03/08/20 03:15:20 AM,19.90,0.0,0.0123
13953,03/08/20 03:15:30 AM,19.90,0.0,0.0123
13954,03/08/20 03:15:40 AM,19.90,0.0,0.0123
13955,03/08/20 03:15:50 AM,19.90,0.0,0.0123
13956,03/08/20 03:16:00 AM,19.90,0.0,0.0123
13957,03/08/20 03:16:10 AM,19.90,0.0,0.0123
13958,03/08/20 03:16:20 AM,19.90,0.0,0.0123
13959,03/08/20 03:16:30 AM,19.90,0.0,0.0123
13960,03/08/20 03:16:40 AM,19.90,0.0,0.0123
13961,03/08/20 03:16:50 AM,19.90,0.0,0.0123
13962,03/08/20 03:17:00 AM,19.90,0.0,0.0123
13963,03/08/20 03:17:10 AM,19.90,0.0,0.0123
13964,03/08/20 03:17:20 AM,19.90,0.0,0.0123
13965,03/08/20 03:17:30 AM,19.90,0.0,0.0123
13966,03/08/20 03:17:40 AM,19.90,0.0,0.0123
13967,03/08/20 03:17:50 AM,19.90,0.0,0.0123
13968,03/08/20 03:18:00 AM,19.90,0.0,0.0123
13969,03/08/20 03:18:10 AM,19.90,0.0,0.0123
13970,03/08/20 03:18:20 AM,19.90,0.0,0.0123
13971,03/08/20 03:18:30 AM,19.90,0.0,0.0123
13972,03/08/20 03:18:40 AM,19.90,0.0,0.0123
13973,03/08/20 03:18:50 AM,19.90,0.0,0.0123
13974,03/08/20 03:19:00 AM,19.90,0.0,0.0123
13975,03/08/20 03:19:10 AM,19.90,0.0,0.0123
13976,03/08/20 03:19:20 AM,19.90,0.0,0.0123
13977,03/08/20 03:19:30 AM,19.90,0.0,0.0123
13978,03/08/20 03:19:40 AM,19.90,0.0,0.0123
13979,03/08/20 03:19:50 AM,19.90,0.0,0.0123
13980,03/08/20 03:20:00 AM,19.90,0.0,0.0123
13981,03/08/20 03:20:10 AM,19.90,0.0,0.0123
13982,03/08/20 03:20:20 AM,19.89,0.0,0.0123
13983,03/08/20 03:20:30 AM,19.90,0.0,0.0123
13984,03/08/20 03:20:40 AM,19.90,0.0,0.0123
13985,03/08/20 03:20:50 AM,19.90,0.0,0.0123
13986,03/08/20 03:21:00 AM,19.90,0.0,0.0123
13987,03/08/20 03:21:10 AM,19.90,0.0,0.0123
13988,03/08/20 03:21:20 AM,19.90,0.0,0.0123
13989,03/08/20 03:21:30 AM,19.90,0.0,0.0123
13990,03/08/20 03:21:40 AM,19.89,0.0,0.0123
13991,03/08/20 03:21:50 AM,19.90,0.0,0.0123
13992,03/08/20 03:22:00 AM,19.90,0.0,0.0123
13993,03/08/20 03:22:10 AM,19.90,0.0,0.0123
13994,03/08/20 03:22:20 AM,19.90,0.0,0.0123
13995,03/08/20 03:22:30 AM,19.90,0.0,0.0123
13996,03/08/20 03:22:40 AM,19.90,0.0,0.0123
13997,03/08/20 03:22:50 AM,19.90,0.0,0.0123
13998,03/08/20 03:23:00 AM,19.90,0.0,0.0123
13999,03/08/20 03:23:10 AM,19.90,0.0,0.0123
14000,03/08/20 03:23:20 AM,19.90,0.0,0.0123
14001,03/08/20 03:23:30 AM,19.89,0.0,0.0123
14002,03/08/20 03:23:40 AM,19.90,0.0,0.0123
14003,03/08/20 03:23:50 AM,19.90,0.0,0.0123
14004,03/08/20 03:24:00 AM,19.90,0.0,0.0123
14005,03/08/20 03:24:10 AM,19.89,0.0,0.0123
14006,03/08/20 03:24:20 AM,19.89,0.0,0.0123
14007,03/08/20 03:24:30 AM,19.90,0.0,0.0123
14008,03/08/20 03:24:40 AM,19.90,0.0,0.0123
14009,03/08/20 03:24:50 AM,19.89,0.0,0.0123
14010,03/08/20 03:25:00 AM,19.89,0.0,0.0123
14011,03/08/20 03:25:10 AM,19.89,0.0,0.0123
14012,03/08/20 03:25:20 AM,19.90,0.0,0.0123
14013,03/08/20 03:25:30 AM,19.89,0.0,0.0123
14014,03/08/20 03:25:40 AM,19.89,0.0,0.0123
14015,03/08/20 03:25:50 AM,19.90,0.0,0.0123
14016,03/08/20 03:26:00 AM,19.90,0.0,0.0123
14017,03/08/20 03:26:10 AM,19.89,0.0,0.0123
14018,03/08/20 03:26:20 AM,19.89,0.0,0.0123
14019,03/08/20 03:26:30 AM,19.89,0.0,0.0123
14020,03/08/20 03:26:40 AM,19.89,0.0,0.0123
14021,03/08/20 03:26:50 AM,19.89,0.0,0.0123
14022,03/08/20 03:27:00 AM,19.90,0.0,0.0123
14023,03/08/20 03:27:10 AM,19.90,0.0,0.0123
14024,03/08/20 03:27:20 AM,19.89,0.0,0.0123
14025,03/08/20 03:27:30 AM,19.89,0.0,0.0123
14026,03/08/20 03:27:40 AM,19.89,0.0,0.0123
14027,03/08/20 03:27:50 AM,19.90,0.0,0.0123
14028,03/08/20 03:28:00 AM,19.89,0.0,0.0123
14029,03/08/20 03:28:10 AM,19.90,0.0,0.0123
14030,03/08/20 03:28:20 AM,19.89,0.0,0.0123
14031,03/08/20 03:28:30 AM,19.89,0.0,0.0123
14032,03/08/20 03:28:40 AM,19.89,0.0,0.0123
14033,03/08/20 03:28:50 AM,19.90,0.0,0.0123
14034,03/08/20 03:29:00 AM,19.89,0.0,0.0123
14035,03/08/20 03:29:10 AM,19.89,0.0,0.0123
14036,03/08/20 03:29:20 AM,19.89,0.0,0.0123
14037,03/08/20 03:29:30 AM,19.90,0.0,0.0123
14038,03/08/20 03:29:40 AM,19.89,0.0,0.0123
14039,03/08/20 03:29:50 AM,19.89,0.0,0.0123
14040,03/08/20 03:30:00 AM,19.89,0.0,0.0123
14041,03/08/20 03:30:10 AM,19.89,0.0,0.0123
14042,03/08/20 03:30:20 AM,19.89,0.0,0.0123
14043,03/08/20 03:30:30 AM,19.89,0.0,0.0123
14044,03/08/20 03:30:40 AM,19.89,0.0,0.0123
14045,03/08/20 03:30:50 AM,19.89,0.0,0.0123
14046,03/08/20 03:31:00 AM,19.89,0.0,0.0123
14047,03/08/20 03:31:10 AM,19.89,0.0,0.0123
14048,03/08/20 03:31:20 AM,19.89,0.0,0.0123
14049,03/08/20 03:31:30 AM,19.89,0.0,0.0123
14050,03/08/20 03:31:40 AM,19.89,0.0,0.0123
14051,03/08/20 03:31:50 AM,19.89,0.0,0.0123
14052,03/08/20 03:32:00 AM,19.89,0.0,0.0123
14053,03/08/20 03:32:10 AM,19.89,0.0,0.0123
14054,03/08/20 03:32:20 AM,19.89,0.0,0.0123
14055,03/08/20 03:32:30 AM,19.89,0.0,0.0123
14056,03/08/20 03:32:40 AM,19.89,0.0,0.0123
14057,03/08/20 03:32:50 AM,19.89,0.0,0.0123
14058,03/08/20 03:33:00 AM,19.89,0.0,0.0123
14059,03/08/20 03:33:10 AM,19.89,0.0,0.0123
14060,03/08/20 03:33:20 AM,19.89,0.0,0.0123
14061,03/08/20 03:33:30 AM,19.89,0.0,0.0123
14062,03/08/20 03:33:40 AM,19.89,0.0,0.0123
14063,03/08/20 03:33:50 AM,19.89,0.0,0.0123
14064,03/08/20 03:34:00 AM,19.89,0.0,0.0123
14065,03/08/20 03:34:10 AM,19.89,0.0,0.0123
14066,03/08/20 03:34:20 AM,19.89,0.0,0.0123
14067,03/08/20 03:34:30 AM,19.89,0.0,0.0123
14068,03/08/20 03:34:40 AM,19.89,0.0,0.0123
14069,03/08/20 03:34:50 AM,19.89,0.0,0.0123
14070,03/08/20 03:35:00 AM,19.89,0.0,0.0123
14071,03/08/20 03:35:10 AM,19.89,0.0,0.0123
14072,03/08/20 03:35:20 AM,19.89,0.0,0.0123
14073,03/08/20 03:35:30 AM,19.89,0.0,0.0123
14074,03/08/20 03:35:40 AM,19.89,0.0,0.0123
14075,03/08/20 03:35:50 AM,19.89,0.0,0.0123
14076,03/08/20 03:36:00 AM,19.89,0.0,0.0123
14077,03/08/20 03:36:10 AM,19.89,0.0,0.0123
14078,03/08/20 03:36:20 AM,19.89,0.0,0.0123
14079,03/08/20 03:36:30 AM,19.89,0.0,0.0123
14080,03/08/20 03:36:40 AM,19.89,0.0,0.0123
14081,03/08/20 03:36:50 AM,19.89,0.0,0.0123
14082,03/08/20 03:37:00 AM,19.89,0.0,0.0123
14083,03/08/20 03:37:10 AM,19.89,0.0,0.0123
14084,03/08/20 03:37:20 AM,19.89,0.0,0.0123
14085,03/08/20 03:37:30 AM,19.89,0.0,0.0123
14086,03/08/20 03:37:40 AM,19.89,0.0,0.0123
14087,03/08/20 03:37:50 AM,19.89,0.0,0.0123
14088,03/08/20 03:38:00 AM,19.89,0.0,0.0123
14089,03/08/20 03:38:10 AM,19.89,0.0,0.0123
14090,03/08/20 03:38:20 AM,19.89,0.0,0.0123
14091,03/08/20 03:38:30 AM,19.89,0.0,0.0123
14092,03/08/20 03:38:40 AM,19.89,0.0,0.0123
14093,03/08/20 03:38:50 AM,19.89,0.0,0.0123
14094,03/08/20 03:39:00 AM,19.89,0.0,0.0123
14095,03/08/20 03:39:10 AM,19.89,0.0,0.0123
14096,03/08/20 03:39:20 AM,19.88,0.0,0.0123
14097,03/08/20 03:39:30 AM,19.89,0.0,0.0123
14098,03/08/20 03:39:40 AM,19.89,0.0,0.0123
14099,03/08/20 03:39:50 AM,19.89,0.0,0.0123
14100,03/08/20 03:40:00 AM,19.89,0.0,0.0123
14101,03/08/20 03:40:10 AM,19.89,0.0,0.0123
14102,03/08/20 03:40:20 AM,19.89,0.0,0.0123
14103,03/08/20 03:40:30 AM,19.89,0.0,0.0123
14104,03/08/20 03:40:40 AM,19.89,0.0,0.0123
14105,03/08/20 03:40:50 AM,19.88,0.0,0.0123
14106,03/08/20 03:41:00 AM,19.89,0.0,0.0123
14107,03/08/20 03:41:10 AM,19.89,0.0,0.0123
14108,03/08/20 03:41:20 AM,19.89,0.0,0.0123
14109,03/08/20 03:41:30 AM,19.89,0.0,0.0123
14110,03/08/20 03:41:40 AM,19.89,0.0,0.0123
14111,03/08/20 03:41:50 AM,19.89,0.0,0.0123
14112,03/08/20 03:42:00 AM,19.89,0.0,0.0123
14113,03/08/20 03:42:10 AM,19.89,0.0,0.0123
14114,03/08/20 03:42:20 AM,19.89,0.0,0.0123
14115,03/08/20 03:42:30 AM,19.88,0.0,0.0123
14116,03/08/20 03:42:40 AM,19.88,0.0,0.0123
14117,03/08/20 03:42:50 AM,19.89,0.0,0.0123
14118,03/08/20 03:43:00 AM,19.89,0.0,0.0123
14119,03/08/20 03:43:10 AM,19.89,0.0,0.0123
14120,03/08/20 03:43:20 AM,19.88,0.0,0.0123
14121,03/08/20 03:43:30 AM,19.88,0.0,0.0123
14122,03/08/20 03:43:40 AM,19.89,0.0,0.0123
14123,03/08/20 03:43:50 AM,19.88,0.0,0.0123
14124,03/08/20 03:44:00 AM,19.88,0.0,0.0123
14125,03/08/20 03:44:10 AM,19.89,0.0,0.0123
14126,03/08/20 03:44:20 AM,19.89,0.0,0.0123
14127,03/08/20 03:44:30 AM,19.88,0.0,0.0123
14128,03/08/20 03:44:40 AM,19.89,0.0,0.0123
14129,03/08/20 03:44:50 AM,19.88,0.0,0.0123
14130,03/08/20 03:45:00 AM,19.88,0.0,0.0123
14131,03/08/20 03:45:10 AM,19.89,0.0,0.0123
14132,03/08/20 03:45:20 AM,19.88,0.0,0.0123
14133,03/08/20 03:45:30 AM,19.88,0.0,0.0123
14134,03/08/20 03:45:40 AM,19.88,0.0,0.0123
14135,03/08/20 03:45:50 AM,19.88,0.0,0.0123
14136,03/08/20 03:46:00 AM,19.88,0.0,0.0123
14137,03/08/20 03:46:10 AM,19.88,0.0,0.0123
14138,03/08/20 03:46:20 AM,19.88,0.0,0.0123
14139,03/08/20 03:46:30 AM,19.88,0.0,0.0123
14140,03/08/20 03:46:40 AM,19.88,0.0,0.0123
14141,03/08/20 03:46:50 AM,19.88,0.0,0.0123
14142,03/08/20 03:47:00 AM,19.88,0.0,0.0123
14143,03/08/20 03:47:10 AM,19.88,0.0,0.0123
14144,03/08/20 03:47:20 AM,19.88,0.0,0.0123
14145,03/08/20 03:47:30 AM,19.88,0.0,0.0123
14146,03/08/20 03:47:40 AM,19.88,0.0,0.0123
14147,03/08/20 03:47:50 AM,19.88,0.0,0.0123
14148,03/08/20 03:48:00 AM,19.88,0.0,0.0123
14149,03/08/20 03:48:10 AM,19.88,0.0,0.0123
14150,03/08/20 03:48:20 AM,19.88,0.0,0.0123
14151,03/08/20 03:48:30 AM,19.88,0.0,0.0123
14152,03/08/20 03:48:40 AM,19.88,0.0,0.0123
14153,03/08/20 03:48:50 AM,19.89,0.0,0.0123
14154,03/08/20 03:49:00 AM,19.88,0.0,0.0123
14155,03/08/20 03:49:10 AM,19.88,0.0,0.0123
14156,03/08/20 03:49:20 AM,19.88,0.0,0.0123
14157,03/08/20 03:49:30 AM,19.88,0.0,0.0123
14158,03/08/20 03:49:40 AM,19.88,0.0,0.0123
14159,03/08/20 03:49:50 AM,19.88,0.0,0.0123
14160,03/08/20 03:50:00 AM,19.88,0.0,0.0123
14161,03/08/20 03:50:10 AM,19.88,0.0,0.0123
14162,03/08/20 03:50:20 AM,19.88,0.0,0.0123
14163,03/08/20 03:50:30 AM,19.88,0.0,0.0123
14164,03/08/20 03:50:40 AM,19.88,0.0,0.0123
14165,03/08/20 03:50:50 AM,19.88,0.0,0.0123
14166,03/08/20 03:51:00 AM,19.88,0.0,0.0123
14167,03/08/20 03:51:10 AM,19.88,0.0,0.0123
14168,03/08/20 03:51:20 AM,19.88,0.0,0.0123
14169,03/08/20 03:51:30 AM,19.88,0.0,0.0123
14170,03/08/20 03:51:40 AM,19.88,0.0,0.0123
14171,03/08/20 03:51:50 AM,19.88,0.0,0.0123
14172,03/08/20 03:52:00 AM,19.88,0.0,0.0123
14173,03/08/20 03:52:10 AM,19.88,0.0,0.0123
14174,03/08/20 03:52:20 AM,19.88,0.0,0.0123
14175,03/08/20 03:52:30 AM,19.88,0.0,0.0123
14176,03/08/20 03:52:40 AM,19.88,0.0,0.0123
14177,03/08/20 03:52:50 AM,19.88,0.0,0.0123
14178,03/08/20 03:53:00 AM,19.88,0.0,0.0123
14179,03/08/20 03:53:10 AM,19.88,0.0,0.0123
14180,03/08/20 03:53:20 AM,19.88,0.0,0.0123
14181,03/08/20 03:53:30 AM,19.88,0.0,0.0123
14182,03/08/20 03:53:40 AM,19.88,0.0,0.0123
14183,03/08/20 03:53:50 AM,19.88,0.0,0.0123
14184,03/08/20 03:54:00 AM,19.88,0.0,0.0123
14185,03/08/20 03:54:10 AM,19.88,0.0,0.0123
14186,03/08/20 03:54:20 AM,19.88,0.0,0.0123
14187,03/08/20 03:54:30 AM,19.88,0.0,0.0123
14188,03/08/20 03:54:40 AM,19.89,0.0,0.0123
14189,03/08/20 03:54:50 AM,19.88,0.0,0.0123
14190,03/08/20 03:55:00 AM,19.88,0.0,0.0123
14191,03/08/20 03:55:10 AM,19.88,0.0,0.0123
14192,03/08/20 03:55:20 AM,19.88,0.0,0.0123
14193,03/08/20 03:55:30 AM,19.88,0.0,0.0123
14194,03/08/20 03:55:40 AM,19.88,0.0,0.0123
14195,03/08/20 03:55:50 AM,19.88,0.0,0.0123
14196,03/08/20 03:56:00 AM,19.88,0.0,0.0123
14197,03/08/20 03:56:10 AM,19.88,0.0,0.0123
14198,03/08/20 03:56:20 AM,19.88,0.0,0.0123
14199,03/08/20 03:56:30 AM,19.88,0.0,0.0123
14200,03/08/20 03:56:40 AM,19.88,0.0,0.0123
14201,03/08/20 03:56:50 AM,19.88,0.0,0.0123
14202,03/08/20 03:57:00 AM,19.88,0.0,0.0123
14203,03/08/20 03:57:10 AM,19.88,0.0,0.0123
14204,03/08/20 03:57:20 AM,19.88,0.0,0.0123
14205,03/08/20 03:57:30 AM,19.88,0.0,0.0123
14206,03/08/20 03:57:40 AM,19.88,0.0,0.0123
14207,03/08/20 03:57:50 AM,19.88,0.0,0.0123
14208,03/08/20 03:58:00 AM,19.88,0.0,0.0123
14209,03/08/20 03:58:10 AM,19.88,0.0,0.0123
14210,03/08/20 03:58:20 AM,19.88,0.0,0.0123
14211,03/08/20 03:58:30 AM,19.88,0.0,0.0123
14212,03/08/20 03:58:40 AM,19.88,0.0,0.0123
14213,03/08/20 03:58:50 AM,19.88,0.0,0.0123
14214,03/08/20 03:59:00 AM,19.88,0.0,0.0123
14215,03/08/20 03:59:10 AM,19.88,0.0,0.0123
14216,03/08/20 03:59:20 AM,19.88,0.0,0.0123
14217,03/08/20 03:59:30 AM,19.88,0.0,0.0123
14218,03/08/20 03:59:40 AM,19.88,0.0,0.0123
14219,03/08/20 03:59:50 AM,19.88,0.0,0.0123
14220,03/08/20 04:00:00 AM,19.88,0.0,0.0123
14221,03/08/20 04:00:10 AM,19.88,0.0,0.0123
14222,03/08/20 04:00:20 AM,19.88,0.0,0.0123
14223,03/08/20 04:00:30 AM,19.88,0.0,0.0123
14224,03/08/20 04:00:40 AM,19.88,0.0,0.0123
14225,03/08/20 04:00:50 AM,19.88,0.0,0.0123
14226,03/08/20 04:01:00 AM,19.88,0.0,0.0123
14227,03/08/20 04:01:10 AM,19.88,0.0,0.0123
14228,03/08/20 04:01:20 AM,19.88,0.0,0.0123
14229,03/08/20 04:01:30 AM,19.88,0.0,0.0123
14230,03/08/20 04:01:40 AM,19.88,0.0,0.0123
14231,03/08/20 04:01:50 AM,19.88,0.0,0.0123
14232,03/08/20 04:02:00 AM,19.88,0.0,0.0123
14233,03/08/20 04:02:10 AM,19.88,0.0,0.0123
14234,03/08/20 04:02:20 AM,19.88,0.0,0.0123
14235,03/08/20 04:02:30 AM,19.88,0.0,0.0123
14236,03/08/20 04:02:40 AM,19.88,0.0,0.0123
14237,03/08/20 04:02:50 AM,19.88,0.0,0.0123
14238,03/08/20 04:03:00 AM,19.88,0.0,0.0123
14239,03/08/20 04:03:10 AM,19.88,0.0,0.0123
14240,03/08/20 04:03:20 AM,19.88,0.0,0.0123
14241,03/08/20 04:03:30 AM,19.88,0.0,0.0123
14242,03/08/20 04:03:40 AM,19.88,0.0,0.0123
14243,03/08/20 04:03:50 AM,19.88,0.0,0.0123
14244,03/08/20 04:04:00 AM,19.88,0.0,0.0123
14245,03/08/20 04:04:10 AM,19.88,0.0,0.0123
14246,03/08/20 04:04:20 AM,19.88,0.0,0.0123
14247,03/08/20 04:04:30 AM,19.88,0.0,0.0123
14248,03/08/20 04:04:40 AM,19.88,0.0,0.0123
14249,03/08/20 04:04:50 AM,19.88,0.0,0.0123
14250,03/08/20 04:05:00 AM,19.88,0.0,0.0123
14251,03/08/20 04:05:10 AM,19.88,0.0,0.0123
14252,03/08/20 04:05:20 AM,19.88,0.0,0.0123
14253,03/08/20 04:05:30 AM,19.88,0.0,0.0123
14254,03/08/20 04:05:40 AM,19.88,0.0,0.0123
14255,03/08/20 04:05:50 AM,19.88,0.0,0.0123
14256,03/08/20 04:06:00 AM,19.88,0.0,0.0123
14257,03/08/20 04:06:10 AM,19.88,0.0,0.0123
14258,03/08/20 04:06:20 AM,19.88,0.0,0.0123
14259,03/08/20 04:06:30 AM,19.86,0.0,0.0123
14260,03/08/20 04:06:40 AM,19.88,0.0,0.0123
14261,03/08/20 04:06:50 AM,19.88,0.0,0.0123
14262,03/08/20 04:07:00 AM,19.88,0.0,0.0123
14263,03/08/20 04:07:10 AM,19.88,0.0,0.0123
14264,03/08/20 04:07:20 AM,19.88,0.0,0.0123
14265,03/08/20 04:07:30 AM,19.88,0.0,0.0123
14266,03/08/20 04:07:40 AM,19.88,0.0,0.0123
14267,03/08/20 04:07:50 AM,19.88,0.0,0.0123
14268,03/08/20 04:08:00 AM,19.88,0.0,0.0123
14269,03/08/20 04:08:10 AM,19.88,0.0,0.0123
14270,03/08/20 04:08:20 AM,19.88,0.0,0.0123
14271,03/08/20 04:08:30 AM,19.86,0.0,0.0123
14272,03/08/20 04:08:40 AM,19.88,0.0,0.0123
14273,03/08/20 04:08:50 AM,19.88,0.0,0.0123
14274,03/08/20 04:09:00 AM,19.86,0.0,0.0123
14275,03/08/20 04:09:10 AM,19.86,0.0,0.0123
14276,03/08/20 04:09:20 AM,19.88,0.0,0.0123
14277,03/08/20 04:09:30 AM,19.88,0.0,0.0123
14278,03/08/20 04:09:40 AM,19.88,0.0,0.0123
14279,03/08/20 04:09:50 AM,19.88,0.0,0.0123
14280,03/08/20 04:10:00 AM,19.88,0.0,0.0123
14281,03/08/20 04:10:10 AM,19.88,0.0,0.0123
14282,03/08/20 04:10:20 AM,19.86,0.0,0.0123
14283,03/08/20 04:10:30 AM,19.88,0.0,0.0123
14284,03/08/20 04:10:40 AM,19.86,0.0,0.0123
14285,03/08/20 04:10:50 AM,19.88,0.0,0.0123
14286,03/08/20 04:11:00 AM,19.88,0.0,0.0123
14287,03/08/20 04:11:10 AM,19.86,0.0,0.0123
14288,03/08/20 04:11:20 AM,19.86,0.0,0.0123
14289,03/08/20 04:11:30 AM,19.86,0.0,0.0123
14290,03/08/20 04:11:40 AM,19.88,0.0,0.0123
14291,03/08/20 04:11:50 AM,19.86,0.0,0.0123
14292,03/08/20 04:12:00 AM,19.88,0.0,0.0123
14293,03/08/20 04:12:10 AM,19.86,0.0,0.0123
14294,03/08/20 04:12:20 AM,19.88,0.0,0.0123
14295,03/08/20 04:12:30 AM,19.86,0.0,0.0123
14296,03/08/20 04:12:40 AM,19.86,0.0,0.0123
14297,03/08/20 04:12:50 AM,19.86,0.0,0.0123
14298,03/08/20 04:13:00 AM,19.86,0.0,0.0123
14299,03/08/20 04:13:10 AM,19.86,0.0,0.0123
14300,03/08/20 04:13:20 AM,19.86,0.0,0.0123
14301,03/08/20 04:13:30 AM,19.86,0.0,0.0123
14302,03/08/20 04:13:40 AM,19.86,0.0,0.0123
14303,03/08/20 04:13:50 AM,19.86,0.0,0.0123
14304,03/08/20 04:14:00 AM,19.86,0.0,0.0123
14305,03/08/20 04:14:10 AM,19.86,0.0,0.0123
14306,03/08/20 04:14:20 AM,19.86,0.0,0.0123
14307,03/08/20 04:14:30 AM,19.86,0.0,0.0123
14308,03/08/20 04:14:40 AM,19.86,0.0,0.0123
14309,03/08/20 04:14:50 AM,19.86,0.0,0.0123
14310,03/08/20 04:15:00 AM,19.86,0.0,0.0123
14311,03/08/20 04:15:10 AM,19.86,0.0,0.0123
14312,03/08/20 04:15:20 AM,19.86,0.0,0.0123
14313,03/08/20 04:15:30 AM,19.86,0.0,0.0123
14314,03/08/20 04:15:40 AM,19.86,0.0,0.0123
14315,03/08/20 04:15:50 AM,19.86,0.0,0.0123
14316,03/08/20 04:16:00 AM,19.86,0.0,0.0123
14317,03/08/20 04:16:10 AM,19.86,0.0,0.0123
14318,03/08/20 04:16:20 AM,19.86,0.0,0.0123
14319,03/08/20 04:16:30 AM,19.86,0.0,0.0123
14320,03/08/20 04:16:40 AM,19.86,0.0,0.0123
14321,03/08/20 04:16:50 AM,19.86,0.0,0.0123
14322,03/08/20 04:17:00 AM,19.86,0.0,0.0123
14323,03/08/20 04:17:10 AM,19.86,0.0,0.0123
14324,03/08/20 04:17:20 AM,19.86,0.0,0.0123
14325,03/08/20 04:17:30 AM,19.86,0.0,0.0123
14326,03/08/20 04:17:40 AM,19.86,0.0,0.0123
14327,03/08/20 04:17:50 AM,19.86,0.0,0.0123
14328,03/08/20 04:18:00 AM,19.86,0.0,0.0123
14329,03/08/20 04:18:10 AM,19.86,0.0,0.0123
14330,03/08/20 04:18:20 AM,19.86,0.0,0.0123
14331,03/08/20 04:18:30 AM,19.86,0.0,0.0123
14332,03/08/20 04:18:40 AM,19.86,0.0,0.0123
14333,03/08/20 04:18:50 AM,19.86,0.0,0.0123
14334,03/08/20 04:19:00 AM,19.86,0.0,0.0123
14335,03/08/20 04:19:10 AM,19.86,0.0,0.0123
14336,03/08/20 04:19:20 AM,19.86,0.0,0.0123
14337,03/08/20 04:19:30 AM,19.86,0.0,0.0123
14338,03/08/20 04:19:40 AM,19.86,0.0,0.0123
14339,03/08/20 04:19:50 AM,19.86,0.0,0.0123
14340,03/08/20 04:20:00 AM,19.86,0.0,0.0123
14341,03/08/20 04:20:10 AM,19.86,0.0,0.0123
14342,03/08/20 04:20:20 AM,19.86,0.0,0.0123
14343,03/08/20 04:20:30 AM,19.85,0.0,0.0123
14344,03/08/20 04:20:40 AM,19.86,0.0,0.0123
14345,03/08/20 04:20:50 AM,19.86,0.0,0.0123
14346,03/08/20 04:21:00 AM,19.86,0.0,0.0123
14347,03/08/20 04:21:10 AM,19.85,0.0,0.0123
14348,03/08/20 04:21:20 AM,19.86,0.0,0.0123
14349,03/08/20 04:21:30 AM,19.85,0.0,0.0123
14350,03/08/20 04:21:40 AM,19.85,0.0,0.0123
14351,03/08/20 04:21:50 AM,19.85,0.0,0.0123
14352,03/08/20 04:22:00 AM,19.86,0.0,0.0123
14353,03/08/20 04:22:10 AM,19.86,0.0,0.0123
14354,03/08/20 04:22:20 AM,19.86,0.0,0.0123
14355,03/08/20 04:22:30 AM,19.85,0.0,0.0123
14356,03/08/20 04:22:40 AM,19.85,0.0,0.0123
14357,03/08/20 04:22:50 AM,19.86,0.0,0.0123
14358,03/08/20 04:23:00 AM,19.85,0.0,0.0123
14359,03/08/20 04:23:10 AM,19.85,0.0,0.0123
14360,03/08/20 04:23:20 AM,19.85,0.0,0.0123
14361,03/08/20 04:23:30 AM,19.86,0.0,0.0123
14362,03/08/20 04:23:40 AM,19.85,0.0,0.0123
14363,03/08/20 04:23:50 AM,19.85,0.0,0.0123
14364,03/08/20 04:24:00 AM,19.85,0.0,0.0123
14365,03/08/20 04:24:10 AM,19.86,0.0,0.0123
14366,03/08/20 04:24:20 AM,19.85,0.0,0.0123
14367,03/08/20 04:24:30 AM,19.85,0.0,0.0123
14368,03/08/20 04:24:40 AM,19.85,0.0,0.0123
14369,03/08/20 04:24:50 AM,19.85,0.0,0.0123
14370,03/08/20 04:25:00 AM,19.85,0.0,0.0123
14371,03/08/20 04:25:10 AM,19.85,0.0,0.0123
14372,03/08/20 04:25:20 AM,19.85,0.0,0.0123
14373,03/08/20 04:25:30 AM,19.85,0.0,0.0123
14374,03/08/20 04:25:40 AM,19.85,0.0,0.0123
14375,03/08/20 04:25:50 AM,19.85,0.0,0.0123
14376,03/08/20 04:26:00 AM,19.85,0.0,0.0123
14377,03/08/20 04:26:10 AM,19.85,0.0,0.0123
14378,03/08/20 04:26:20 AM,19.85,0.0,0.0123
14379,03/08/20 04:26:30 AM,19.85,0.0,0.0123
14380,03/08/20 04:26:40 AM,19.85,0.0,0.0123
14381,03/08/20 04:26:50 AM,19.85,0.0,0.0123
14382,03/08/20 04:27:00 AM,19.85,0.0,0.0123
14383,03/08/20 04:27:10 AM,19.85,0.0,0.0123
14384,03/08/20 04:27:20 AM,19.85,0.0,0.0123
14385,03/08/20 04:27:30 AM,19.85,0.0,0.0123
14386,03/08/20 04:27:40 AM,19.85,0.0,0.0123
14387,03/08/20 04:27:50 AM,19.85,0.0,0.0123
14388,03/08/20 04:28:00 AM,19.85,0.0,0.0123
14389,03/08/20 04:28:10 AM,19.85,0.0,0.0123
14390,03/08/20 04:28:20 AM,19.84,0.0,0.0123
14391,03/08/20 04:28:30 AM,19.85,0.0,0.0123
14392,03/08/20 04:28:40 AM,19.84,0.0,0.0123
14393,03/08/20 04:28:50 AM,19.84,0.0,0.0123
14394,03/08/20 04:29:00 AM,19.84,0.0,0.0123
14395,03/08/20 04:29:10 AM,19.84,0.0,0.0123
14396,03/08/20 04:29:20 AM,19.84,0.0,0.0123
14397,03/08/20 04:29:30 AM,19.84,0.0,0.0123
14398,03/08/20 04:29:40 AM,19.84,0.0,0.0123
14399,03/08/20 04:29:50 AM,19.84,0.0,0.0123
14400,03/08/20 04:30:00 AM,19.85,0.0,0.0123
14401,03/08/20 04:30:10 AM,19.84,0.0,0.0123
14402,03/08/20 04:30:20 AM,19.84,0.0,0.0123
14403,03/08/20 04:30:30 AM,19.84,0.0,0.0123
14404,03/08/20 04:30:40 AM,19.84,0.0,0.0123
14405,03/08/20 04:30:50 AM,19.84,0.0,0.0123
14406,03/08/20 04:31:00 AM,19.84,0.0,0.0123
14407,03/08/20 04:31:10 AM,19.84,0.0,0.0123
14408,03/08/20 04:31:20 AM,19.84,0.0,0.0123
14409,03/08/20 04:31:30 AM,19.84,0.0,0.0123
14410,03/08/20 04:31:40 AM,19.84,0.0,0.0123
14411,03/08/20 04:31:50 AM,19.84,0.0,0.0123
14412,03/08/20 04:32:00 AM,19.84,0.0,0.0123
14413,03/08/20 04:32:10 AM,19.84,0.0,0.0123
14414,03/08/20 04:32:20 AM,19.84,0.0,0.0123
14415,03/08/20 04:32:30 AM,19.84,0.0,0.0123
14416,03/08/20 04:32:40 AM,19.84,0.0,0.0123
14417,03/08/20 04:32:50 AM,19.84,0.0,0.0123
14418,03/08/20 04:33:00 AM,19.84,0.0,0.0123
14419,03/08/20 04:33:10 AM,19.84,0.0,0.0123
14420,03/08/20 04:33:20 AM,19.84,0.0,0.0123
14421,03/08/20 04:33:30 AM,19.84,0.0,0.0123
14422,03/08/20 04:33:40 AM,19.84,0.0,0.0123
14423,03/08/20 04:33:50 AM,19.84,0.0,0.0123
14424,03/08/20 04:34:00 AM,19.84,0.0,0.0123
14425,03/08/20 04:34:10 AM,19.84,0.0,0.0123
14426,03/08/20 04:34:20 AM,19.84,0.0,0.0123
14427,03/08/20 04:34:30 AM,19.84,0.0,0.0123
14428,03/08/20 04:34:40 AM,19.84,0.0,0.0123
14429,03/08/20 04:34:50 AM,19.84,0.0,0.0123
14430,03/08/20 04:35:00 AM,19.84,0.0,0.0123
14431,03/08/20 04:35:10 AM,19.83,0.0,0.0123
14432,03/08/20 04:35:20 AM,19.84,0.0,0.0123
14433,03/08/20 04:35:30 AM,19.84,0.0,0.0123
14434,03/08/20 04:35:40 AM,19.84,0.0,0.0123
14435,03/08/20 04:35:50 AM,19.84,0.0,0.0123
14436,03/08/20 04:36:00 AM,19.84,0.0,0.0123
14437,03/08/20 04:36:10 AM,19.84,0.0,0.0123
14438,03/08/20 04:36:20 AM,19.84,0.0,0.0123
14439,03/08/20 04:36:30 AM,19.84,0.0,0.0123
14440,03/08/20 04:36:40 AM,19.83,0.0,0.0123
14441,03/08/20 04:36:50 AM,19.84,0.0,0.0123
14442,03/08/20 04:37:00 AM,19.83,0.0,0.0123
14443,03/08/20 04:37:10 AM,19.84,0.0,0.0123
14444,03/08/20 04:37:20 AM,19.84,0.0,0.0123
14445,03/08/20 04:37:30 AM,19.84,0.0,0.0123
14446,03/08/20 04:37:40 AM,19.83,0.0,0.0123
14447,03/08/20 04:37:50 AM,19.83,0.0,0.0123
14448,03/08/20 04:38:00 AM,19.83,0.0,0.0123
14449,03/08/20 04:38:10 AM,19.84,0.0,0.0123
14450,03/08/20 04:38:20 AM,19.83,0.0,0.0123
14451,03/08/20 04:38:30 AM,19.83,0.0,0.0123
14452,03/08/20 04:38:40 AM,19.83,0.0,0.0123
14453,03/08/20 04:38:50 AM,19.83,0.0,0.0123
14454,03/08/20 04:39:00 AM,19.83,0.0,0.0123
14455,03/08/20 04:39:10 AM,19.83,0.0,0.0123
14456,03/08/20 04:39:20 AM,19.84,0.0,0.0123
14457,03/08/20 04:39:30 AM,19.84,0.0,0.0123
14458,03/08/20 04:39:40 AM,19.83,0.0,0.0123
14459,03/08/20 04:39:50 AM,19.83,0.0,0.0123
14460,03/08/20 04:40:00 AM,19.83,0.0,0.0123
14461,03/08/20 04:40:10 AM,19.83,0.0,0.0123
14462,03/08/20 04:40:20 AM,19.83,0.0,0.0123
14463,03/08/20 04:40:30 AM,19.83,0.0,0.0123
14464,03/08/20 04:40:40 AM,19.83,0.0,0.0123
14465,03/08/20 04:40:50 AM,19.83,0.0,0.0123
14466,03/08/20 04:41:00 AM,19.83,0.0,0.0123
14467,03/08/20 04:41:10 AM,19.83,0.0,0.0123
14468,03/08/20 04:41:20 AM,19.84,0.0,0.0123
14469,03/08/20 04:41:30 AM,19.83,0.0,0.0123
14470,03/08/20 04:41:40 AM,19.83,0.0,0.0123
14471,03/08/20 04:41:50 AM,19.83,0.0,0.0123
14472,03/08/20 04:42:00 AM,19.83,0.0,0.0123
14473,03/08/20 04:42:10 AM,19.83,0.0,0.0123
14474,03/08/20 04:42:20 AM,19.83,0.0,0.0123
14475,03/08/20 04:42:30 AM,19.83,0.0,0.0123
14476,03/08/20 04:42:40 AM,19.83,0.0,0.0123
14477,03/08/20 04:42:50 AM,19.83,0.0,0.0123
14478,03/08/20 04:43:00 AM,19.83,0.0,0.0123
14479,03/08/20 04:43:10 AM,19.83,0.0,0.0123
14480,03/08/20 04:43:20 AM,19.83,0.0,0.0123
14481,03/08/20 04:43:30 AM,19.83,0.0,0.0123
14482,03/08/20 04:43:40 AM,19.83,0.0,0.0123
14483,03/08/20 04:43:50 AM,19.83,0.0,0.0123
14484,03/08/20 04:44:00 AM,19.83,0.0,0.0123
14485,03/08/20 04:44:10 AM,19.83,0.0,0.0123
14486,03/08/20 04:44:20 AM,19.83,0.0,0.0123
14487,03/08/20 04:44:30 AM,19.83,0.0,0.0123
14488,03/08/20 04:44:40 AM,19.83,0.0,0.0123
14489,03/08/20 04:44:50 AM,19.83,0.0,0.0123
14490,03/08/20 04:45:00 AM,19.83,0.0,0.0123
14491,03/08/20 04:45:10 AM,19.83,0.0,0.0123
14492,03/08/20 04:45:20 AM,19.83,0.0,0.0123
14493,03/08/20 04:45:30 AM,19.83,0.0,0.0123
14494,03/08/20 04:45:40 AM,19.83,0.0,0.0123
14495,03/08/20 04:45:50 AM,19.83,0.0,0.0123
14496,03/08/20 04:46:00 AM,19.83,0.0,0.0123
14497,03/08/20 04:46:10 AM,19.83,0.0,0.0123
14498,03/08/20 04:46:20 AM,19.83,0.0,0.0123
14499,03/08/20 04:46:30 AM,19.83,0.0,0.0123
14500,03/08/20 04:46:40 AM,19.83,0.0,0.0123
14501,03/08/20 04:46:50 AM,19.83,0.0,0.0123
14502,03/08/20 04:47:00 AM,19.83,0.0,0.0123
14503,03/08/20 04:47:10 AM,19.83,0.0,0.0123
14504,03/08/20 04:47:20 AM,19.83,0.0,0.0123
14505,03/08/20 04:47:30 AM,19.83,0.0,0.0123
14506,03/08/20 04:47:40 AM,19.83,0.0,0.0123
14507,03/08/20 04:47:50 AM,19.83,0.0,0.0123
14508,03/08/20 04:48:00 AM,19.83,0.0,0.0123
14509,03/08/20 04:48:10 AM,19.83,0.0,0.0123
14510,03/08/20 04:48:20 AM,19.83,0.0,0.0123
14511,03/08/20 04:48:30 AM,19.83,0.0,0.0123
14512,03/08/20 04:48:40 AM,19.83,0.0,0.0123
14513,03/08/20 04:48:50 AM,19.83,0.0,0.0123
14514,03/08/20 04:49:00 AM,19.83,0.0,0.0123
14515,03/08/20 04:49:10 AM,19.83,0.0,0.0123
14516,03/08/20 04:49:20 AM,19.83,0.0,0.0123
14517,03/08/20 04:49:30 AM,19.83,0.0,0.0123
14518,03/08/20 04:49:40 AM,19.83,0.0,0.0123
14519,03/08/20 04:49:50 AM,19.83,0.0,0.0123
14520,03/08/20 04:50:00 AM,19.83,0.0,0.0123
14521,03/08/20 04:50:10 AM,19.83,0.0,0.0123
14522,03/08/20 04:50:20 AM,19.83,0.0,0.0123
14523,03/08/20 04:50:30 AM,19.83,0.0,0.0123
14524,03/08/20 04:50:40 AM,19.83,0.0,0.0123
14525,03/08/20 04:50:50 AM,19.83,0.0,0.0123
14526,03/08/20 04:51:00 AM,19.83,0.0,0.0123
14527,03/08/20 04:51:10 AM,19.83,0.0,0.0123
14528,03/08/20 04:51:20 AM,19.83,0.0,0.0123
14529,03/08/20 04:51:30 AM,19.83,0.0,0.0123
14530,03/08/20 04:51:40 AM,19.83,0.0,0.0123
14531,03/08/20 04:51:50 AM,19.83,0.0,0.0123
14532,03/08/20 04:52:00 AM,19.83,0.0,0.0123
14533,03/08/20 04:52:10 AM,19.83,0.0,0.0123
14534,03/08/20 04:52:20 AM,19.83,0.0,0.0123
14535,03/08/20 04:52:30 AM,19.83,0.0,0.0123
14536,03/08/20 04:52:40 AM,19.83,0.0,0.0123
14537,03/08/20 04:52:50 AM,19.83,0.0,0.0123
14538,03/08/20 04:53:00 AM,19.83,0.0,0.0123
14539,03/08/20 04:53:10 AM,19.83,0.0,0.0123
14540,03/08/20 04:53:20 AM,19.83,0.0,0.0123
14541,03/08/20 04:53:30 AM,19.83,0.0,0.0123
14542,03/08/20 04:53:40 AM,19.83,0.0,0.0123
14543,03/08/20 04:53:50 AM,19.83,0.0,0.0123
14544,03/08/20 04:54:00 AM,19.83,0.0,0.0123
14545,03/08/20 04:54:10 AM,19.83,0.0,0.0123
14546,03/08/20 04:54:20 AM,19.83,0.0,0.0123
14547,03/08/20 04:54:30 AM,19.83,0.0,0.0123
14548,03/08/20 04:54:40 AM,19.83,0.0,0.0123
14549,03/08/20 04:54:50 AM,19.82,0.0,0.0123
14550,03/08/20 04:55:00 AM,19.83,0.0,0.0123
14551,03/08/20 04:55:10 AM,19.83,0.0,0.0123
14552,03/08/20 04:55:20 AM,19.83,0.0,0.0123
14553,03/08/20 04:55:30 AM,19.83,0.0,0.0123
14554,03/08/20 04:55:40 AM,19.83,0.0,0.0123
14555,03/08/20 04:55:50 AM,19.83,0.0,0.0123
14556,03/08/20 04:56:00 AM,19.83,0.0,0.0123
14557,03/08/20 04:56:10 AM,19.83,0.0,0.0123
14558,03/08/20 04:56:20 AM,19.83,0.0,0.0123
14559,03/08/20 04:56:30 AM,19.83,0.0,0.0123
14560,03/08/20 04:56:40 AM,19.83,0.0,0.0123
14561,03/08/20 04:56:50 AM,19.83,0.0,0.0123
14562,03/08/20 04:57:00 AM,19.83,0.0,0.0123
14563,03/08/20 04:57:10 AM,19.83,0.0,0.0123
14564,03/08/20 04:57:20 AM,19.83,0.0,0.0123
14565,03/08/20 04:57:30 AM,19.83,0.0,0.0123
14566,03/08/20 04:57:40 AM,19.83,0.0,0.0123
14567,03/08/20 04:57:50 AM,19.83,0.0,0.0123
14568,03/08/20 04:58:00 AM,19.83,0.0,0.0123
14569,03/08/20 04:58:10 AM,19.83,0.0,0.0123
14570,03/08/20 04:58:20 AM,19.83,0.0,0.0123
14571,03/08/20 04:58:30 AM,19.83,0.0,0.0123
14572,03/08/20 04:58:40 AM,19.83,0.0,0.0123
14573,03/08/20 04:58:50 AM,19.83,0.0,0.0123
14574,03/08/20 04:59:00 AM,19.83,0.0,0.0123
14575,03/08/20 04:59:10 AM,19.83,0.0,0.0123
14576,03/08/20 04:59:20 AM,19.83,0.0,0.0123
14577,03/08/20 04:59:30 AM,19.83,0.0,0.0123
14578,03/08/20 04:59:40 AM,19.83,0.0,0.0123
14579,03/08/20 04:59:50 AM,19.83,0.0,0.0123
14580,03/08/20 05:00:00 AM,19.83,0.0,0.0123
14581,03/08/20 05:00:10 AM,19.83,0.0,0.0123
14582,03/08/20 05:00:20 AM,19.83,0.0,0.0123
14583,03/08/20 05:00:30 AM,19.82,0.0,0.0123
14584,03/08/20 05:00:40 AM,19.83,0.0,0.0123
14585,03/08/20 05:00:50 AM,19.83,0.0,0.0123
14586,03/08/20 05:01:00 AM,19.83,0.0,0.0123
14587,03/08/20 05:01:10 AM,19.83,0.0,0.0123
14588,03/08/20 05:01:20 AM,19.83,0.0,0.0123
14589,03/08/20 05:01:30 AM,19.82,0.0,0.0123
14590,03/08/20 05:01:40 AM,19.83,0.0,0.0123
14591,03/08/20 05:01:50 AM,19.83,0.0,0.0123
14592,03/08/20 05:02:00 AM,19.83,0.0,0.0123
14593,03/08/20 05:02:10 AM,19.83,0.0,0.0123
14594,03/08/20 05:02:20 AM,19.83,0.0,0.0123
14595,03/08/20 05:02:30 AM,19.83,0.0,0.0123
14596,03/08/20 05:02:40 AM,19.83,0.0,0.0123
14597,03/08/20 05:02:50 AM,19.83,0.0,0.0123
14598,03/08/20 05:03:00 AM,19.83,0.0,0.0123
14599,03/08/20 05:03:10 AM,19.83,0.0,0.0123
14600,03/08/20 05:03:20 AM,19.83,0.0,0.0123
14601,03/08/20 05:03:30 AM,19.83,0.0,0.0123
14602,03/08/20 05:03:40 AM,19.83,0.0,0.0123
14603,03/08/20 05:03:50 AM,19.83,0.0,0.0123
14604,03/08/20 05:04:00 AM,19.83,0.0,0.0123
14605,03/08/20 05:04:10 AM,19.82,0.0,0.0123
14606,03/08/20 05:04:20 AM,19.83,0.0,0.0123
14607,03/08/20 05:04:30 AM,19.83,0.0,0.0123
14608,03/08/20 05:04:40 AM,19.82,0.0,0.0123
14609,03/08/20 05:04:50 AM,19.83,0.0,0.0123
14610,03/08/20 05:05:00 AM,19.82,0.0,0.0123
14611,03/08/20 05:05:10 AM,19.82,0.0,0.0123
14612,03/08/20 05:05:20 AM,19.83,0.0,0.0123
14613,03/08/20 05:05:30 AM,19.83,0.0,0.0123
14614,03/08/20 05:05:40 AM,19.82,0.0,0.0123
14615,03/08/20 05:05:50 AM,19.83,0.0,0.0123
14616,03/08/20 05:06:00 AM,19.83,0.0,0.0123
14617,03/08/20 05:06:10 AM,19.82,0.0,0.0123
14618,03/08/20 05:06:20 AM,19.83,0.0,0.0123
14619,03/08/20 05:06:30 AM,19.83,0.0,0.0123
14620,03/08/20 05:06:40 AM,19.83,0.0,0.0123
14621,03/08/20 05:06:50 AM,19.82,0.0,0.0123
14622,03/08/20 05:07:00 AM,19.83,0.0,0.0123
14623,03/08/20 05:07:10 AM,19.83,0.0,0.0123
14624,03/08/20 05:07:20 AM,19.82,0.0,0.0123
14625,03/08/20 05:07:30 AM,19.82,0.0,0.0123
14626,03/08/20 05:07:40 AM,19.82,0.0,0.0123
14627,03/08/20 05:07:50 AM,19.82,0.0,0.0123
14628,03/08/20 05:08:00 AM,19.83,0.0,0.0123
14629,03/08/20 05:08:10 AM,19.82,0.0,0.0123
14630,03/08/20 05:08:20 AM,19.82,0.0,0.0123
14631,03/08/20 05:08:30 AM,19.82,0.0,0.0123
14632,03/08/20 05:08:40 AM,19.83,0.0,0.0123
14633,03/08/20 05:08:50 AM,19.82,0.0,0.0123
14634,03/08/20 05:09:00 AM,19.82,0.0,0.0123
14635,03/08/20 05:09:10 AM,19.82,0.0,0.0123
14636,03/08/20 05:09:20 AM,19.82,0.0,0.0123
14637,03/08/20 05:09:30 AM,19.82,0.0,0.0123
14638,03/08/20 05:09:40 AM,19.82,0.0,0.0123
14639,03/08/20 05:09:50 AM,19.83,0.0,0.0123
14640,03/08/20 05:10:00 AM,19.82,0.0,0.0123
14641,03/08/20 05:10:10 AM,19.82,0.0,0.0123
14642,03/08/20 05:10:20 AM,19.82,0.0,0.0123
14643,03/08/20 05:10:30 AM,19.83,0.0,0.0123
14644,03/08/20 05:10:40 AM,19.82,0.0,0.0123
14645,03/08/20 05:10:50 AM,19.82,0.0,0.0123
14646,03/08/20 05:11:00 AM,19.82,0.0,0.0123
14647,03/08/20 05:11:10 AM,19.83,0.0,0.0123
14648,03/08/20 05:11:20 AM,19.82,0.0,0.0123
14649,03/08/20 05:11:30 AM,19.82,0.0,0.0123
14650,03/08/20 05:11:40 AM,19.82,0.0,0.0123
14651,03/08/20 05:11:50 AM,19.82,0.0,0.0123
14652,03/08/20 05:12:00 AM,19.82,0.0,0.0123
14653,03/08/20 05:12:10 AM,19.82,0.0,0.0123
14654,03/08/20 05:12:20 AM,19.82,0.0,0.0123
14655,03/08/20 05:12:30 AM,19.82,0.0,0.0123
14656,03/08/20 05:12:40 AM,19.82,0.0,0.0123
14657,03/08/20 05:12:50 AM,19.82,0.0,0.0123
14658,03/08/20 05:13:00 AM,19.82,0.0,0.0123
14659,03/08/20 05:13:10 AM,19.82,0.0,0.0123
14660,03/08/20 05:13:20 AM,19.82,0.0,0.0123
14661,03/08/20 05:13:30 AM,19.82,0.0,0.0123
14662,03/08/20 05:13:40 AM,19.82,0.0,0.0123
14663,03/08/20 05:13:50 AM,19.83,0.0,0.0123
14664,03/08/20 05:14:00 AM,19.82,0.0,0.0123
14665,03/08/20 05:14:10 AM,19.82,0.0,0.0123
14666,03/08/20 05:14:20 AM,19.82,0.0,0.0123
14667,03/08/20 05:14:30 AM,19.82,0.0,0.0123
14668,03/08/20 05:14:40 AM,19.82,0.0,0.0123
14669,03/08/20 05:14:50 AM,19.82,0.0,0.0123
14670,03/08/20 05:15:00 AM,19.82,0.0,0.0123
14671,03/08/20 05:15:10 AM,19.82,0.0,0.0123
14672,03/08/20 05:15:20 AM,19.82,0.0,0.0123
14673,03/08/20 05:15:30 AM,19.82,0.0,0.0123
14674,03/08/20 05:15:40 AM,19.82,0.0,0.0123
14675,03/08/20 05:15:50 AM,19.82,0.0,0.0123
14676,03/08/20 05:16:00 AM,19.82,0.0,0.0123
14677,03/08/20 05:16:10 AM,19.82,0.0,0.0123
14678,03/08/20 05:16:20 AM,19.82,0.0,0.0123
14679,03/08/20 05:16:30 AM,19.82,0.0,0.0123
14680,03/08/20 05:16:40 AM,19.82,0.0,0.0123
14681,03/08/20 05:16:50 AM,19.82,0.0,0.0123
14682,03/08/20 05:17:00 AM,19.82,0.0,0.0123
14683,03/08/20 05:17:10 AM,19.82,0.0,0.0123
14684,03/08/20 05:17:20 AM,19.82,0.0,0.0123
14685,03/08/20 05:17:30 AM,19.83,0.0,0.0123
14686,03/08/20 05:17:40 AM,19.82,0.0,0.0123
14687,03/08/20 05:17:50 AM,19.83,0.0,0.0123
14688,03/08/20 05:18:00 AM,19.82,0.0,0.0123
14689,03/08/20 05:18:10 AM,19.82,0.0,0.0123
14690,03/08/20 05:18:20 AM,19.82,0.0,0.0123
14691,03/08/20 05:18:30 AM,19.82,0.0,0.0123
14692,03/08/20 05:18:40 AM,19.82,0.0,0.0123
14693,03/08/20 05:18:50 AM,19.82,0.0,0.0123
14694,03/08/20 05:19:00 AM,19.82,0.0,0.0123
14695,03/08/20 05:19:10 AM,19.82,0.0,0.0123
14696,03/08/20 05:19:20 AM,19.82,0.0,0.0123
14697,03/08/20 05:19:30 AM,19.82,0.0,0.0123
14698,03/08/20 05:19:40 AM,19.82,0.0,0.0123
14699,03/08/20 05:19:50 AM,19.82,0.0,0.0123
14700,03/08/20 05:20:00 AM,19.82,0.0,0.0123
14701,03/08/20 05:20:10 AM,19.82,0.0,0.0123
14702,03/08/20 05:20:20 AM,19.83,0.0,0.0123
14703,03/08/20 05:20:30 AM,19.82,0.0,0.0123
14704,03/08/20 05:20:40 AM,19.82,0.0,0.0123
14705,03/08/20 05:20:50 AM,19.82,0.0,0.0123
14706,03/08/20 05:21:00 AM,19.82,0.0,0.0123
14707,03/08/20 05:21:10 AM,19.82,0.0,0.0123
14708,03/08/20 05:21:20 AM,19.82,0.0,0.0123
14709,03/08/20 05:21:30 AM,19.82,0.0,0.0123
14710,03/08/20 05:21:40 AM,19.82,0.0,0.0123
14711,03/08/20 05:21:50 AM,19.82,0.0,0.0123
14712,03/08/20 05:22:00 AM,19.82,0.0,0.0123
14713,03/08/20 05:22:10 AM,19.82,0.0,0.0123
14714,03/08/20 05:22:20 AM,19.82,0.0,0.0123
14715,03/08/20 05:22:30 AM,19.82,0.0,0.0123
14716,03/08/20 05:22:40 AM,19.82,0.0,0.0123
14717,03/08/20 05:22:50 AM,19.82,0.0,0.0123
14718,03/08/20 05:23:00 AM,19.82,0.0,0.0123
14719,03/08/20 05:23:10 AM,19.82,0.0,0.0123
14720,03/08/20 05:23:20 AM,19.82,0.0,0.0123
14721,03/08/20 05:23:30 AM,19.82,0.0,0.0123
14722,03/08/20 05:23:40 AM,19.83,0.0,0.0123
14723,03/08/20 05:23:50 AM,19.82,0.0,0.0123
14724,03/08/20 05:24:00 AM,19.82,0.0,0.0123
14725,03/08/20 05:24:10 AM,19.82,0.0,0.0123
14726,03/08/20 05:24:20 AM,19.82,0.0,0.0123
14727,03/08/20 05:24:30 AM,19.82,0.0,0.0123
14728,03/08/20 05:24:40 AM,19.82,0.0,0.0123
14729,03/08/20 05:24:50 AM,19.82,0.0,0.0123
14730,03/08/20 05:25:00 AM,19.82,0.0,0.0123
14731,03/08/20 05:25:10 AM,19.82,0.0,0.0123
14732,03/08/20 05:25:20 AM,19.82,0.0,0.0123
14733,03/08/20 05:25:30 AM,19.82,0.0,0.0123
14734,03/08/20 05:25:40 AM,19.82,0.0,0.0123
14735,03/08/20 05:25:50 AM,19.82,0.0,0.0123
14736,03/08/20 05:26:00 AM,19.82,0.0,0.0123
14737,03/08/20 05:26:10 AM,19.82,0.0,0.0123
14738,03/08/20 05:26:20 AM,19.82,0.0,0.0123
14739,03/08/20 05:26:30 AM,19.82,0.0,0.0123
14740,03/08/20 05:26:40 AM,19.82,0.0,0.0123
14741,03/08/20 05:26:50 AM,19.82,0.0,0.0123
14742,03/08/20 05:27:00 AM,19.82,0.0,0.0123
14743,03/08/20 05:27:10 AM,19.82,0.0,0.0123
14744,03/08/20 05:27:20 AM,19.82,0.0,0.0123
14745,03/08/20 05:27:30 AM,19.82,0.0,0.0123
14746,03/08/20 05:27:40 AM,19.82,0.0,0.0123
14747,03/08/20 05:27:50 AM,19.82,0.0,0.0123
14748,03/08/20 05:28:00 AM,19.82,0.0,0.0123
14749,03/08/20 05:28:10 AM,19.82,0.0,0.0123
14750,03/08/20 05:28:20 AM,19.82,0.0,0.0123
14751,03/08/20 05:28:30 AM,19.82,0.0,0.0123
14752,03/08/20 05:28:40 AM,19.82,0.0,0.0123
14753,03/08/20 05:28:50 AM,19.82,0.0,0.0123
14754,03/08/20 05:29:00 AM,19.82,0.0,0.0123
14755,03/08/20 05:29:10 AM,19.82,0.0,0.0123
14756,03/08/20 05:29:20 AM,19.82,0.0,0.0123
14757,03/08/20 05:29:30 AM,19.82,0.0,0.0123
14758,03/08/20 05:29:40 AM,19.82,0.0,0.0123
14759,03/08/20 05:29:50 AM,19.82,0.0,0.0123
14760,03/08/20 05:30:00 AM,19.82,0.0,0.0123
14761,03/08/20 05:30:10 AM,19.82,0.0,0.0123
14762,03/08/20 05:30:20 AM,19.82,0.0,0.0123
14763,03/08/20 05:30:30 AM,19.82,0.0,0.0123
14764,03/08/20 05:30:40 AM,19.82,0.0,0.0123
14765,03/08/20 05:30:50 AM,19.82,0.0,0.0123
14766,03/08/20 05:31:00 AM,19.82,0.0,0.0123
14767,03/08/20 05:31:10 AM,19.82,0.0,0.0123
14768,03/08/20 05:31:20 AM,19.82,0.0,0.0123
14769,03/08/20 05:31:30 AM,19.82,0.0,0.0123
14770,03/08/20 05:31:40 AM,19.82,0.0,0.0123
14771,03/08/20 05:31:50 AM,19.80,0.0,0.0123
14772,03/08/20 05:32:00 AM,19.82,0.0,0.0123
14773,03/08/20 05:32:10 AM,19.82,0.0,0.0123
14774,03/08/20 05:32:20 AM,19.82,0.0,0.0123
14775,03/08/20 05:32:30 AM,19.82,0.0,0.0123
14776,03/08/20 05:32:40 AM,19.82,0.0,0.0123
14777,03/08/20 05:32:50 AM,19.82,0.0,0.0123
14778,03/08/20 05:33:00 AM,19.82,0.0,0.0123
14779,03/08/20 05:33:10 AM,19.82,0.0,0.0123
14780,03/08/20 05:33:20 AM,19.82,0.0,0.0123
14781,03/08/20 05:33:30 AM,19.82,0.0,0.0123
14782,03/08/20 05:33:40 AM,19.82,0.0,0.0123
14783,03/08/20 05:33:50 AM,19.82,0.0,0.0123
14784,03/08/20 05:34:00 AM,19.82,0.0,0.0123
14785,03/08/20 05:34:10 AM,19.82,0.0,0.0123
14786,03/08/20 05:34:20 AM,19.82,0.0,0.0123
14787,03/08/20 05:34:30 AM,19.82,0.0,0.0123
14788,03/08/20 05:34:40 AM,19.80,0.0,0.0123
14789,03/08/20 05:34:50 AM,19.82,0.0,0.0123
14790,03/08/20 05:35:00 AM,19.80,0.0,0.0123
14791,03/08/20 05:35:10 AM,19.82,0.0,0.0123
14792,03/08/20 05:35:20 AM,19.82,0.0,0.0123
14793,03/08/20 05:35:30 AM,19.82,0.0,0.0123
14794,03/08/20 05:35:40 AM,19.82,0.0,0.0123
14795,03/08/20 05:35:50 AM,19.82,0.0,0.0123
14796,03/08/20 05:36:00 AM,19.82,0.0,0.0123
14797,03/08/20 05:36:10 AM,19.82,0.0,0.0123
14798,03/08/20 05:36:20 AM,19.82,0.0,0.0123
14799,03/08/20 05:36:30 AM,19.82,0.0,0.0123
14800,03/08/20 05:36:40 AM,19.82,0.0,0.0123
14801,03/08/20 05:36:50 AM,19.82,0.0,0.0123
14802,03/08/20 05:37:00 AM,19.82,0.0,0.0123
14803,03/08/20 05:37:10 AM,19.80,0.0,0.0123
14804,03/08/20 05:37:20 AM,19.82,0.0,0.0123
14805,03/08/20 05:37:30 AM,19.82,0.0,0.0123
14806,03/08/20 05:37:40 AM,19.80,0.0,0.0123
14807,03/08/20 05:37:50 AM,19.80,0.0,0.0123
14808,03/08/20 05:38:00 AM,19.80,0.0,0.0123
14809,03/08/20 05:38:10 AM,19.82,0.0,0.0123
14810,03/08/20 05:38:20 AM,19.82,0.0,0.0123
14811,03/08/20 05:38:30 AM,19.82,0.0,0.0123
14812,03/08/20 05:38:40 AM,19.82,0.0,0.0123
14813,03/08/20 05:38:50 AM,19.82,0.0,0.0123
14814,03/08/20 05:39:00 AM,19.80,0.0,0.0123
14815,03/08/20 05:39:10 AM,19.80,0.0,0.0123
14816,03/08/20 05:39:20 AM,19.82,0.0,0.0123
14817,03/08/20 05:39:30 AM,19.80,0.0,0.0123
14818,03/08/20 05:39:40 AM,19.82,0.0,0.0123
14819,03/08/20 05:39:50 AM,19.82,0.0,0.0123
14820,03/08/20 05:40:00 AM,19.80,0.0,0.0123
14821,03/08/20 05:40:10 AM,19.82,0.0,0.0123
14822,03/08/20 05:40:20 AM,19.82,0.0,0.0123
14823,03/08/20 05:40:30 AM,19.80,0.0,0.0123
14824,03/08/20 05:40:40 AM,19.82,0.0,0.0123
14825,03/08/20 05:40:50 AM,19.82,0.0,0.0123
14826,03/08/20 05:41:00 AM,19.82,0.0,0.0123
14827,03/08/20 05:41:10 AM,19.82,0.0,0.0123
14828,03/08/20 05:41:20 AM,19.80,0.0,0.0123
14829,03/08/20 05:41:30 AM,19.80,0.0,0.0123
14830,03/08/20 05:41:40 AM,19.82,0.0,0.0123
14831,03/08/20 05:41:50 AM,19.82,0.0,0.0123
14832,03/08/20 05:42:00 AM,19.80,0.0,0.0123
14833,03/08/20 05:42:10 AM,19.80,0.0,0.0123
14834,03/08/20 05:42:20 AM,19.80,0.0,0.0123
14835,03/08/20 05:42:30 AM,19.80,0.0,0.0123
14836,03/08/20 05:42:40 AM,19.80,0.0,0.0123
14837,03/08/20 05:42:50 AM,19.80,0.0,0.0123
14838,03/08/20 05:43:00 AM,19.80,0.0,0.0123
14839,03/08/20 05:43:10 AM,19.80,0.0,0.0123
14840,03/08/20 05:43:20 AM,19.80,0.0,0.0123
14841,03/08/20 05:43:30 AM,19.80,0.0,0.0123
14842,03/08/20 05:43:40 AM,19.80,0.0,0.0123
14843,03/08/20 05:43:50 AM,19.80,0.0,0.0123
14844,03/08/20 05:44:00 AM,19.80,0.0,0.0123
14845,03/08/20 05:44:10 AM,19.82,0.0,0.0123
14846,03/08/20 05:44:20 AM,19.82,0.0,0.0123
14847,03/08/20 05:44:30 AM,19.80,0.0,0.0123
14848,03/08/20 05:44:40 AM,19.80,0.0,0.0123
14849,03/08/20 05:44:50 AM,19.80,0.0,0.0123
14850,03/08/20 05:45:00 AM,19.82,0.0,0.0123
14851,03/08/20 05:45:10 AM,19.80,0.0,0.0123
14852,03/08/20 05:45:20 AM,19.82,0.0,0.0123
14853,03/08/20 05:45:30 AM,19.80,0.0,0.0123
14854,03/08/20 05:45:40 AM,19.82,0.0,0.0123
14855,03/08/20 05:45:50 AM,19.80,0.0,0.0123
14856,03/08/20 05:46:00 AM,19.80,0.0,0.0123
14857,03/08/20 05:46:10 AM,19.80,0.0,0.0123
14858,03/08/20 05:46:20 AM,19.80,0.0,0.0123
14859,03/08/20 05:46:30 AM,19.80,0.0,0.0123
14860,03/08/20 05:46:40 AM,19.80,0.0,0.0123
14861,03/08/20 05:46:50 AM,19.80,0.0,0.0123
14862,03/08/20 05:47:00 AM,19.80,0.0,0.0123
14863,03/08/20 05:47:10 AM,19.82,0.0,0.0123
14864,03/08/20 05:47:20 AM,19.82,0.0,0.0123
14865,03/08/20 05:47:30 AM,19.80,0.0,0.0123
14866,03/08/20 05:47:40 AM,19.82,0.0,0.0123
14867,03/08/20 05:47:50 AM,19.80,0.0,0.0123
14868,03/08/20 05:48:00 AM,19.80,0.0,0.0123
14869,03/08/20 05:48:10 AM,19.82,0.0,0.0123
14870,03/08/20 05:48:20 AM,19.80,0.0,0.0123
14871,03/08/20 05:48:30 AM,19.82,0.0,0.0123
14872,03/08/20 05:48:40 AM,19.80,0.0,0.0123
14873,03/08/20 05:48:50 AM,19.80,0.0,0.0123
14874,03/08/20 05:49:00 AM,19.80,0.0,0.0123
14875,03/08/20 05:49:10 AM,19.80,0.0,0.0123
14876,03/08/20 05:49:20 AM,19.80,0.0,0.0123
14877,03/08/20 05:49:30 AM,19.82,0.0,0.0123
14878,03/08/20 05:49:40 AM,19.80,0.0,0.0123
14879,03/08/20 05:49:50 AM,19.82,0.0,0.0123
14880,03/08/20 05:50:00 AM,19.80,0.0,0.0123
14881,03/08/20 05:50:10 AM,19.80,0.0,0.0123
14882,03/08/20 05:50:20 AM,19.80,0.0,0.0123
14883,03/08/20 05:50:30 AM,19.82,0.0,0.0123
14884,03/08/20 05:50:40 AM,19.82,0.0,0.0123
14885,03/08/20 05:50:50 AM,19.80,0.0,0.0123
14886,03/08/20 05:51:00 AM,19.80,0.0,0.0123
14887,03/08/20 05:51:10 AM,19.80,0.0,0.0123
14888,03/08/20 05:51:20 AM,19.80,0.0,0.0123
14889,03/08/20 05:51:30 AM,19.80,0.0,0.0123
14890,03/08/20 05:51:40 AM,19.82,0.0,0.0123
14891,03/08/20 05:51:50 AM,19.80,0.0,0.0123
14892,03/08/20 05:52:00 AM,19.80,0.0,0.0123
14893,03/08/20 05:52:10 AM,19.80,0.0,0.0123
14894,03/08/20 05:52:20 AM,19.80,0.0,0.0123
14895,03/08/20 05:52:30 AM,19.80,0.0,0.0123
14896,03/08/20 05:52:40 AM,19.82,0.0,0.0123
14897,03/08/20 05:52:50 AM,19.82,0.0,0.0123
14898,03/08/20 05:53:00 AM,19.80,0.0,0.0123
14899,03/08/20 05:53:10 AM,19.80,0.0,0.0123
14900,03/08/20 05:53:20 AM,19.80,0.0,0.0123
14901,03/08/20 05:53:30 AM,19.80,0.0,0.0123
14902,03/08/20 05:53:40 AM,19.80,0.0,0.0123
14903,03/08/20 05:53:50 AM,19.80,0.0,0.0123
14904,03/08/20 05:54:00 AM,19.80,0.0,0.0123
14905,03/08/20 05:54:10 AM,19.80,0.0,0.0123
14906,03/08/20 05:54:20 AM,19.80,0.0,0.0123
14907,03/08/20 05:54:30 AM,19.80,0.0,0.0123
14908,03/08/20 05:54:40 AM,19.80,0.0,0.0123
14909,03/08/20 05:54:50 AM,19.80,0.0,0.0123
14910,03/08/20 05:55:00 AM,19.80,0.0,0.0123
14911,03/08/20 05:55:10 AM,19.80,0.0,0.0123
14912,03/08/20 05:55:20 AM,19.80,0.0,0.0123
14913,03/08/20 05:55:30 AM,19.80,0.0,0.0123
14914,03/08/20 05:55:40 AM,19.80,0.0,0.0123
14915,03/08/20 05:55:50 AM,19.80,0.0,0.0123
14916,03/08/20 05:56:00 AM,19.80,0.0,0.0123
14917,03/08/20 05:56:10 AM,19.80,0.0,0.0123
14918,03/08/20 05:56:20 AM,19.80,0.0,0.0123
14919,03/08/20 05:56:30 AM,19.80,0.0,0.0123
14920,03/08/20 05:56:40 AM,19.80,0.0,0.0123
14921,03/08/20 05:56:50 AM,19.80,0.0,0.0123
14922,03/08/20 05:57:00 AM,19.80,0.0,0.0123
14923,03/08/20 05:57:10 AM,19.80,0.0,0.0123
14924,03/08/20 05:57:20 AM,19.80,0.0,0.0123
14925,03/08/20 05:57:30 AM,19.80,0.0,0.0123
14926,03/08/20 05:57:40 AM,19.80,0.0,0.0123
14927,03/08/20 05:57:50 AM,19.80,0.0,0.0123
14928,03/08/20 05:58:00 AM,19.80,0.0,0.0123
14929,03/08/20 05:58:10 AM,19.80,0.0,0.0123
14930,03/08/20 05:58:20 AM,19.80,0.0,0.0123
14931,03/08/20 05:58:30 AM,19.80,0.0,0.0123
14932,03/08/20 05:58:40 AM,19.80,0.0,0.0123
14933,03/08/20 05:58:50 AM,19.80,0.0,0.0123
14934,03/08/20 05:59:00 AM,19.80,0.0,0.0123
14935,03/08/20 05:59:10 AM,19.80,0.0,0.0123
14936,03/08/20 05:59:20 AM,19.80,0.0,0.0123
14937,03/08/20 05:59:30 AM,19.80,0.0,0.0123
14938,03/08/20 05:59:40 AM,19.80,0.0,0.0123
14939,03/08/20 05:59:50 AM,19.80,0.0,0.0123
14940,03/08/20 06:00:00 AM,19.80,0.0,0.0123
14941,03/08/20 06:00:10 AM,19.80,0.0,0.0123
14942,03/08/20 06:00:20 AM,19.80,0.0,0.0123
14943,03/08/20 06:00:30 AM,19.80,0.0,0.0123
14944,03/08/20 06:00:40 AM,19.80,0.0,0.0123
14945,03/08/20 06:00:50 AM,19.79,0.0,0.0123
14946,03/08/20 06:01:00 AM,19.80,0.0,0.0123
14947,03/08/20 06:01:10 AM,19.79,0.0,0.0123
14948,03/08/20 06:01:20 AM,19.79,0.0,0.0123
14949,03/08/20 06:01:30 AM,19.80,0.0,0.0123
14950,03/08/20 06:01:40 AM,19.79,0.0,0.0123
14951,03/08/20 06:01:50 AM,19.80,0.0,0.0123
14952,03/08/20 06:02:00 AM,19.80,0.0,0.0123
14953,03/08/20 06:02:10 AM,19.80,0.0,0.0123
14954,03/08/20 06:02:20 AM,19.80,0.0,0.0123
14955,03/08/20 06:02:30 AM,19.80,0.0,0.0123
14956,03/08/20 06:02:40 AM,19.80,0.0,0.0123
14957,03/08/20 06:02:50 AM,19.80,0.0,0.0123
14958,03/08/20 06:03:00 AM,19.79,0.0,0.0123
14959,03/08/20 06:03:10 AM,19.80,0.0,0.0123
14960,03/08/20 06:03:20 AM,19.79,0.0,0.0123
14961,03/08/20 06:03:30 AM,19.79,0.0,0.0123
14962,03/08/20 06:03:40 AM,19.79,0.0,0.0123
14963,03/08/20 06:03:50 AM,19.79,0.0,0.0123
14964,03/08/20 06:04:00 AM,19.80,0.0,0.0123
14965,03/08/20 06:04:10 AM,19.80,0.0,0.0123
14966,03/08/20 06:04:20 AM,19.79,0.0,0.0123
14967,03/08/20 06:04:30 AM,19.80,0.0,0.0123
14968,03/08/20 06:04:40 AM,19.79,0.0,0.0123
14969,03/08/20 06:04:50 AM,19.79,0.0,0.0123
14970,03/08/20 06:05:00 AM,19.79,0.0,0.0123
14971,03/08/20 06:05:10 AM,19.79,0.0,0.0123
14972,03/08/20 06:05:20 AM,19.80,0.0,0.0123
14973,03/08/20 06:05:30 AM,19.79,0.0,0.0123
14974,03/08/20 06:05:40 AM,19.79,0.0,0.0123
14975,03/08/20 06:05:50 AM,19.80,0.0,0.0123
14976,03/08/20 06:06:00 AM,19.79,0.0,0.0123
14977,03/08/20 06:06:10 AM,19.79,0.0,0.0123
14978,03/08/20 06:06:20 AM,19.79,0.0,0.0123
14979,03/08/20 06:06:30 AM,19.79,0.0,0.0123
14980,03/08/20 06:06:40 AM,19.80,0.0,0.0123
14981,03/08/20 06:06:50 AM,19.79,0.0,0.0123
14982,03/08/20 06:07:00 AM,19.79,0.0,0.0123
14983,03/08/20 06:07:10 AM,19.79,0.0,0.0123
14984,03/08/20 06:07:20 AM,19.79,0.0,0.0123
14985,03/08/20 06:07:30 AM,19.79,0.0,0.0123
14986,03/08/20 06:07:40 AM,19.79,0.0,0.0123
14987,03/08/20 06:07:50 AM,19.79,0.0,0.0123
14988,03/08/20 06:08:00 AM,19.79,0.0,0.0123
14989,03/08/20 06:08:10 AM,19.79,0.0,0.0123
14990,03/08/20 06:08:20 AM,19.79,0.0,0.0123
14991,03/08/20 06:08:30 AM,19.79,0.0,0.0123
14992,03/08/20 06:08:40 AM,19.79,0.0,0.0123
14993,03/08/20 06:08:50 AM,19.79,0.0,0.0123
14994,03/08/20 06:09:00 AM,19.79,0.0,0.0123
14995,03/08/20 06:09:10 AM,19.79,0.0,0.0123
14996,03/08/20 06:09:20 AM,19.79,0.0,0.0123
14997,03/08/20 06:09:30 AM,19.79,0.0,0.0123
14998,03/08/20 06:09:40 AM,19.79,0.0,0.0123
14999,03/08/20 06:09:50 AM,19.79,0.0,0.0123
15000,03/08/20 06:10:00 AM,19.79,0.0,0.0123
15001,03/08/20 06:10:10 AM,19.79,0.0,0.0123
15002,03/08/20 06:10:20 AM,19.79,0.0,0.0123
15003,03/08/20 06:10:30 AM,19.79,0.0,0.0123
15004,03/08/20 06:10:40 AM,19.79,0.0,0.0123
15005,03/08/20 06:10:50 AM,19.79,0.0,0.0123
15006,03/08/20 06:11:00 AM,19.79,0.0,0.0123
15007,03/08/20 06:11:10 AM,19.79,0.0,0.0123
15008,03/08/20 06:11:20 AM,19.79,0.0,0.0123
15009,03/08/20 06:11:30 AM,19.79,0.0,0.0123
15010,03/08/20 06:11:40 AM,19.79,0.0,0.0123
15011,03/08/20 06:11:50 AM,19.79,0.0,0.0123
15012,03/08/20 06:12:00 AM,19.79,0.0,0.0123
15013,03/08/20 06:12:10 AM,19.79,0.0,0.0123
15014,03/08/20 06:12:20 AM,19.79,0.0,0.0123
15015,03/08/20 06:12:30 AM,19.79,0.0,0.0123
15016,03/08/20 06:12:40 AM,19.79,0.0,0.0123
15017,03/08/20 06:12:50 AM,19.79,0.0,0.0123
15018,03/08/20 06:13:00 AM,19.79,0.0,0.0123
15019,03/08/20 06:13:10 AM,19.79,0.0,0.0123
15020,03/08/20 06:13:20 AM,19.79,0.0,0.0123
15021,03/08/20 06:13:30 AM,19.79,0.0,0.0123
15022,03/08/20 06:13:40 AM,19.79,0.0,0.0123
15023,03/08/20 06:13:50 AM,19.79,0.0,0.0123
15024,03/08/20 06:14:00 AM,19.79,0.0,0.0123
15025,03/08/20 06:14:10 AM,19.79,0.0,0.0123
15026,03/08/20 06:14:20 AM,19.79,0.0,0.0123
15027,03/08/20 06:14:30 AM,19.79,0.0,0.0123
15028,03/08/20 06:14:40 AM,19.79,0.0,0.0123
15029,03/08/20 06:14:50 AM,19.79,0.0,0.0123
15030,03/08/20 06:15:00 AM,19.79,0.0,0.0123
15031,03/08/20 06:15:10 AM,19.79,0.0,0.0123
15032,03/08/20 06:15:20 AM,19.79,0.0,0.0123
15033,03/08/20 06:15:30 AM,19.79,0.0,0.0123
15034,03/08/20 06:15:40 AM,19.79,0.0,0.0123
15035,03/08/20 06:15:50 AM,19.79,0.0,0.0123
15036,03/08/20 06:16:00 AM,19.79,0.0,0.0123
15037,03/08/20 06:16:10 AM,19.79,0.0,0.0123
15038,03/08/20 06:16:20 AM,19.79,0.0,0.0123
15039,03/08/20 06:16:30 AM,19.79,0.0,0.0123
15040,03/08/20 06:16:40 AM,19.79,0.0,0.0123
15041,03/08/20 06:16:50 AM,19.79,0.0,0.0123
15042,03/08/20 06:17:00 AM,19.79,0.0,0.0123
15043,03/08/20 06:17:10 AM,19.79,0.0,0.0123
15044,03/08/20 06:17:20 AM,19.79,0.0,0.0123
15045,03/08/20 06:17:30 AM,19.79,0.0,0.0123
15046,03/08/20 06:17:40 AM,19.79,0.0,0.0123
15047,03/08/20 06:17:50 AM,19.79,0.0,0.0123
15048,03/08/20 06:18:00 AM,19.79,0.0,0.0123
15049,03/08/20 06:18:10 AM,19.79,0.0,0.0123
15050,03/08/20 06:18:20 AM,19.79,0.0,0.0123
15051,03/08/20 06:18:30 AM,19.78,0.0,0.0123
15052,03/08/20 06:18:40 AM,19.79,0.0,0.0123
15053,03/08/20 06:18:50 AM,19.79,0.0,0.0123
15054,03/08/20 06:19:00 AM,19.79,0.0,0.0123
15055,03/08/20 06:19:10 AM,19.79,0.0,0.0123
15056,03/08/20 06:19:20 AM,19.79,0.0,0.0123
15057,03/08/20 06:19:30 AM,19.79,0.0,0.0123
15058,03/08/20 06:19:40 AM,19.78,0.0,0.0123
15059,03/08/20 06:19:50 AM,19.79,0.0,0.0123
15060,03/08/20 06:20:00 AM,19.79,0.0,0.0123
15061,03/08/20 06:20:10 AM,19.79,0.0,0.0123
15062,03/08/20 06:20:20 AM,19.79,0.0,0.0123
15063,03/08/20 06:20:30 AM,19.79,0.0,0.0123
15064,03/08/20 06:20:40 AM,19.79,0.0,0.0123
15065,03/08/20 06:20:50 AM,19.78,0.0,0.0123
15066,03/08/20 06:21:00 AM,19.78,0.0,0.0123
15067,03/08/20 06:21:10 AM,19.79,0.0,0.0123
15068,03/08/20 06:21:20 AM,19.79,0.0,0.0123
15069,03/08/20 06:21:30 AM,19.79,0.0,0.0123
15070,03/08/20 06:21:40 AM,19.79,0.0,0.0123
15071,03/08/20 06:21:50 AM,19.79,0.0,0.0123
15072,03/08/20 06:22:00 AM,19.78,0.0,0.0123
15073,03/08/20 06:22:10 AM,19.78,0.0,0.0123
15074,03/08/20 06:22:20 AM,19.79,0.0,0.0123
15075,03/08/20 06:22:30 AM,19.78,0.0,0.0123
15076,03/08/20 06:22:40 AM,19.79,0.0,0.0123
15077,03/08/20 06:22:50 AM,19.79,0.0,0.0123
15078,03/08/20 06:23:00 AM,19.78,0.0,0.0123
15079,03/08/20 06:23:10 AM,19.79,0.0,0.0123
15080,03/08/20 06:23:20 AM,19.79,0.0,0.0123
15081,03/08/20 06:23:30 AM,19.78,0.0,0.0123
15082,03/08/20 06:23:40 AM,19.79,0.0,0.0123
15083,03/08/20 06:23:50 AM,19.78,0.0,0.0123
15084,03/08/20 06:24:00 AM,19.79,0.0,0.0123
15085,03/08/20 06:24:10 AM,19.79,0.0,0.0123
15086,03/08/20 06:24:20 AM,19.78,0.0,0.0123
15087,03/08/20 06:24:30 AM,19.78,0.0,0.0123
15088,03/08/20 06:24:40 AM,19.78,0.0,0.0123
15089,03/08/20 06:24:50 AM,19.78,0.0,0.0123
15090,03/08/20 06:25:00 AM,19.78,0.0,0.0123
15091,03/08/20 06:25:10 AM,19.78,0.0,0.0123
15092,03/08/20 06:25:20 AM,19.78,0.0,0.0123
15093,03/08/20 06:25:30 AM,19.78,0.0,0.0123
15094,03/08/20 06:25:40 AM,19.78,0.0,0.0123
15095,03/08/20 06:25:50 AM,19.78,0.0,0.0123
15096,03/08/20 06:26:00 AM,19.78,0.0,0.0123
15097,03/08/20 06:26:10 AM,19.78,0.0,0.0123
15098,03/08/20 06:26:20 AM,19.78,0.0,0.0123
15099,03/08/20 06:26:30 AM,19.78,0.0,0.0123
15100,03/08/20 06:26:40 AM,19.78,0.0,0.0123
15101,03/08/20 06:26:50 AM,19.78,0.0,0.0123
15102,03/08/20 06:27:00 AM,19.78,0.0,0.0123
15103,03/08/20 06:27:10 AM,19.78,0.0,0.0123
15104,03/08/20 06:27:20 AM,19.78,0.0,0.0123
15105,03/08/20 06:27:30 AM,19.78,0.0,0.0123
15106,03/08/20 06:27:40 AM,19.78,0.0,0.0123
15107,03/08/20 06:27:50 AM,19.78,0.0,0.0123
15108,03/08/20 06:28:00 AM,19.78,0.0,0.0123
15109,03/08/20 06:28:10 AM,19.78,0.0,0.0123
15110,03/08/20 06:28:20 AM,19.78,0.0,0.0123
15111,03/08/20 06:28:30 AM,19.78,0.0,0.0123
15112,03/08/20 06:28:40 AM,19.77,0.0,0.0123
15113,03/08/20 06:28:50 AM,19.78,0.0,0.0123
15114,03/08/20 06:29:00 AM,19.78,0.0,0.0123
15115,03/08/20 06:29:10 AM,19.78,0.0,0.0123
15116,03/08/20 06:29:20 AM,19.77,0.0,0.0123
15117,03/08/20 06:29:30 AM,19.77,0.0,0.0123
15118,03/08/20 06:29:40 AM,19.77,0.0,0.0123
15119,03/08/20 06:29:50 AM,19.78,0.0,0.0123
15120,03/08/20 06:30:00 AM,19.77,0.0,0.0123
15121,03/08/20 06:30:10 AM,19.77,0.0,0.0123
15122,03/08/20 06:30:20 AM,19.77,0.0,0.0123
15123,03/08/20 06:30:30 AM,19.77,0.0,0.0123
15124,03/08/20 06:30:40 AM,19.77,0.0,0.0123
15125,03/08/20 06:30:50 AM,19.78,0.0,0.0123
15126,03/08/20 06:31:00 AM,19.77,0.0,0.0123
15127,03/08/20 06:31:10 AM,19.77,0.0,0.0123
15128,03/08/20 06:31:20 AM,19.77,0.0,0.0123
15129,03/08/20 06:31:30 AM,19.77,0.0,0.0123
15130,03/08/20 06:31:40 AM,19.77,0.0,0.0123
15131,03/08/20 06:31:50 AM,19.77,0.0,0.0123
15132,03/08/20 06:32:00 AM,19.77,0.0,0.0123
15133,03/08/20 06:32:10 AM,19.77,0.0,0.0123
15134,03/08/20 06:32:20 AM,19.77,0.0,0.0123
15135,03/08/20 06:32:30 AM,19.77,0.0,0.0123
15136,03/08/20 06:32:40 AM,19.77,0.0,0.0123
15137,03/08/20 06:32:50 AM,19.77,0.0,0.0123
15138,03/08/20 06:33:00 AM,19.77,0.0,0.0123
15139,03/08/20 06:33:10 AM,19.77,0.0,0.0123
15140,03/08/20 06:33:20 AM,19.77,0.0,0.0123
15141,03/08/20 06:33:30 AM,19.77,0.0,0.0123
15142,03/08/20 06:33:40 AM,19.77,0.0,0.0123
15143,03/08/20 06:33:50 AM,19.77,0.0,0.0123
15144,03/08/20 06:34:00 AM,19.77,0.0,0.0123
15145,03/08/20 06:34:10 AM,19.77,0.0,0.0123
15146,03/08/20 06:34:20 AM,19.77,0.0,0.0123
15147,03/08/20 06:34:30 AM,19.77,0.0,0.0123
15148,03/08/20 06:34:40 AM,19.77,0.0,0.0123
15149,03/08/20 06:34:50 AM,19.77,0.0,0.0123
15150,03/08/20 06:35:00 AM,19.77,0.0,0.0123
15151,03/08/20 06:35:10 AM,19.77,0.0,0.0123
15152,03/08/20 06:35:20 AM,19.77,0.0,0.0123
15153,03/08/20 06:35:30 AM,19.78,0.0,0.0123
15154,03/08/20 06:35:40 AM,19.77,0.0,0.0123
15155,03/08/20 06:35:50 AM,19.77,0.0,0.0123
15156,03/08/20 06:36:00 AM,19.77,0.0,0.0123
15157,03/08/20 06:36:10 AM,19.77,0.0,0.0123
15158,03/08/20 06:36:20 AM,19.77,0.0,0.0123
15159,03/08/20 06:36:30 AM,19.77,0.0,0.0123
15160,03/08/20 06:36:40 AM,19.77,0.0,0.0123
15161,03/08/20 06:36:50 AM,19.77,0.0,0.0123
15162,03/08/20 06:37:00 AM,19.77,0.0,0.0123
15163,03/08/20 06:37:10 AM,19.77,0.0,0.0123
15164,03/08/20 06:37:20 AM,19.77,0.0,0.0123
15165,03/08/20 06:37:30 AM,19.77,0.0,0.0123
15166,03/08/20 06:37:40 AM,19.77,0.0,0.0123
15167,03/08/20 06:37:50 AM,19.77,0.0,0.0123
15168,03/08/20 06:38:00 AM,19.77,0.0,0.0123
15169,03/08/20 06:38:10 AM,19.77,0.0,0.0123
15170,03/08/20 06:38:20 AM,19.77,0.0,0.0123
15171,03/08/20 06:38:30 AM,19.77,0.0,0.0123
15172,03/08/20 06:38:40 AM,19.77,0.0,0.0123
15173,03/08/20 06:38:50 AM,19.77,0.0,0.0123
15174,03/08/20 06:39:00 AM,19.77,0.0,0.0123
15175,03/08/20 06:39:10 AM,19.78,0.0,0.0123
15176,03/08/20 06:39:20 AM,19.78,0.0,0.0123
15177,03/08/20 06:39:30 AM,19.78,0.0,0.0123
15178,03/08/20 06:39:40 AM,19.78,0.0,0.0123
15179,03/08/20 06:39:50 AM,19.78,0.0,0.0123
15180,03/08/20 06:40:00 AM,19.78,0.0,0.0123
15181,03/08/20 06:40:10 AM,19.78,0.0,0.0123
15182,03/08/20 06:40:20 AM,19.78,0.0,0.0123
15183,03/08/20 06:40:30 AM,19.78,0.0,0.0123
15184,03/08/20 06:40:40 AM,19.78,0.0,0.0123
15185,03/08/20 06:40:50 AM,19.78,0.0,0.0123
15186,03/08/20 06:41:00 AM,19.78,0.0,0.0123
15187,03/08/20 06:41:10 AM,19.78,0.0,0.0123
15188,03/08/20 06:41:20 AM,19.78,0.0,0.0123
15189,03/08/20 06:41:30 AM,19.78,0.0,0.0123
15190,03/08/20 06:41:40 AM,19.78,0.0,0.0123
15191,03/08/20 06:41:50 AM,19.78,0.0,0.0123
15192,03/08/20 06:42:00 AM,19.78,0.0,0.0123
15193,03/08/20 06:42:10 AM,19.78,0.0,0.0123
15194,03/08/20 06:42:20 AM,19.78,0.0,0.0123
15195,03/08/20 06:42:30 AM,19.78,0.0,0.0123
15196,03/08/20 06:42:40 AM,19.78,0.0,0.0123
15197,03/08/20 06:42:50 AM,19.78,0.0,0.0123
15198,03/08/20 06:43:00 AM,19.78,0.0,0.0123
15199,03/08/20 06:43:10 AM,19.78,0.0,0.0123
15200,03/08/20 06:43:20 AM,19.78,0.0,0.0123
15201,03/08/20 06:43:30 AM,19.78,0.0,0.0123
15202,03/08/20 06:43:40 AM,19.78,0.0,0.0123
15203,03/08/20 06:43:50 AM,19.79,0.0,0.0123
15204,03/08/20 06:44:00 AM,19.78,0.0,0.0123
15205,03/08/20 06:44:10 AM,19.79,0.0,0.0123
15206,03/08/20 06:44:20 AM,19.78,0.0,0.0123
15207,03/08/20 06:44:30 AM,19.78,0.0,0.0123
15208,03/08/20 06:44:40 AM,19.79,0.0,0.0123
15209,03/08/20 06:44:50 AM,19.79,0.0,0.0123
15210,03/08/20 06:45:00 AM,19.79,0.0,0.0123
15211,03/08/20 06:45:10 AM,19.79,0.0,0.0123
15212,03/08/20 06:45:20 AM,19.79,0.0,0.0123
15213,03/08/20 06:45:30 AM,19.79,0.0,0.0123
15214,03/08/20 06:45:40 AM,19.79,0.0,0.0123
15215,03/08/20 06:45:50 AM,19.79,0.0,0.0123
15216,03/08/20 06:46:00 AM,19.79,0.0,0.0123
15217,03/08/20 06:46:10 AM,19.79,0.0,0.0123
15218,03/08/20 06:46:20 AM,19.79,0.0,0.0123
15219,03/08/20 06:46:30 AM,19.79,0.0,0.0123
15220,03/08/20 06:46:40 AM,19.79,0.0,0.0123
15221,03/08/20 06:46:50 AM,19.79,0.0,0.0123
15222,03/08/20 06:47:00 AM,19.79,0.0,0.0123
15223,03/08/20 06:47:10 AM,19.80,0.0,0.0123
15224,03/08/20 06:47:20 AM,19.79,0.0,0.0123
15225,03/08/20 06:47:30 AM,19.79,0.0,0.0123
15226,03/08/20 06:47:40 AM,19.79,0.0,0.0123
15227,03/08/20 06:47:50 AM,19.79,0.0,0.0123
15228,03/08/20 06:48:00 AM,19.79,0.0,0.0123
15229,03/08/20 06:48:10 AM,19.80,0.0,0.0123
15230,03/08/20 06:48:20 AM,19.80,0.0,0.0123
15231,03/08/20 06:48:30 AM,19.80,0.0,0.0123
15232,03/08/20 06:48:40 AM,19.80,0.0,0.0123
15233,03/08/20 06:48:50 AM,19.80,0.0,0.0123
15234,03/08/20 06:49:00 AM,19.80,0.0,0.0123
15235,03/08/20 06:49:10 AM,19.80,0.0,0.0123
15236,03/08/20 06:49:20 AM,19.80,0.0,0.0123
15237,03/08/20 06:49:30 AM,19.80,0.0,0.0123
15238,03/08/20 06:49:40 AM,19.80,0.0,0.0123
15239,03/08/20 06:49:50 AM,19.80,0.0,0.0123
15240,03/08/20 06:50:00 AM,19.80,0.0,0.0123
15241,03/08/20 06:50:10 AM,19.82,0.0,0.0123
15242,03/08/20 06:50:20 AM,19.80,0.0,0.0123
15243,03/08/20 06:50:30 AM,19.80,0.0,0.0123
15244,03/08/20 06:50:40 AM,19.82,0.0,0.0123
15245,03/08/20 06:50:50 AM,19.82,0.0,0.0123
15246,03/08/20 06:51:00 AM,19.82,0.0,0.0123
15247,03/08/20 06:51:10 AM,19.82,0.0,0.0123
15248,03/08/20 06:51:20 AM,19.82,0.0,0.0123
15249,03/08/20 06:51:30 AM,19.82,0.0,0.0123
15250,03/08/20 06:51:40 AM,19.82,0.0,0.0123
15251,03/08/20 06:51:50 AM,19.82,0.0,0.0123
15252,03/08/20 06:52:00 AM,19.82,0.0,0.0123
15253,03/08/20 06:52:10 AM,19.82,0.0,0.0123
15254,03/08/20 06:52:20 AM,19.82,0.0,0.0123
15255,03/08/20 06:52:30 AM,19.83,0.0,0.0123
15256,03/08/20 06:52:40 AM,19.83,0.0,0.0123
15257,03/08/20 06:52:50 AM,19.83,0.0,0.0123
15258,03/08/20 06:53:00 AM,19.83,0.0,0.0123
15259,03/08/20 06:53:10 AM,19.82,0.0,0.0123
15260,03/08/20 06:53:20 AM,19.82,0.0,0.0123
15261,03/08/20 06:53:30 AM,19.83,0.0,0.0123
15262,03/08/20 06:53:40 AM,19.83,0.0,0.0123
15263,03/08/20 06:53:50 AM,19.83,0.0,0.0123
15264,03/08/20 06:54:00 AM,19.83,0.0,0.0123
15265,03/08/20 06:54:10 AM,19.83,0.0,0.0123
15266,03/08/20 06:54:20 AM,19.83,0.0,0.0123
15267,03/08/20 06:54:30 AM,19.83,0.0,0.0123
15268,03/08/20 06:54:40 AM,19.83,0.0,0.0123
15269,03/08/20 06:54:50 AM,19.83,0.0,0.0123
15270,03/08/20 06:55:00 AM,19.83,0.0,0.0123
15271,03/08/20 06:55:10 AM,19.83,0.0,0.0123
15272,03/08/20 06:55:20 AM,19.83,0.0,0.0123
15273,03/08/20 06:55:30 AM,19.84,0.0,0.0123
15274,03/08/20 06:55:40 AM,19.84,0.0,0.0123
15275,03/08/20 06:55:50 AM,19.84,0.0,0.0123
15276,03/08/20 06:56:00 AM,19.84,0.0,0.0123
15277,03/08/20 06:56:10 AM,19.84,0.0,0.0123
15278,03/08/20 06:56:20 AM,19.84,0.0,0.0123
15279,03/08/20 06:56:30 AM,19.84,0.0,0.0123
15280,03/08/20 06:56:40 AM,19.84,0.0,0.0123
15281,03/08/20 06:56:50 AM,19.84,0.0,0.0123
15282,03/08/20 06:57:00 AM,19.84,0.0,0.0123
15283,03/08/20 06:57:10 AM,19.84,0.0,0.0123
15284,03/08/20 06:57:20 AM,19.84,0.0,0.0123
15285,03/08/20 06:57:30 AM,19.85,0.0,0.0123
15286,03/08/20 06:57:40 AM,19.85,0.0,0.0123
15287,03/08/20 06:57:50 AM,19.85,0.0,0.0123
15288,03/08/20 06:58:00 AM,19.85,0.0,0.0123
15289,03/08/20 06:58:10 AM,19.85,0.0,0.0123
15290,03/08/20 06:58:20 AM,19.85,0.0,0.0123
15291,03/08/20 06:58:30 AM,19.85,0.0,0.0123
15292,03/08/20 06:58:40 AM,19.85,0.0,0.0123
15293,03/08/20 06:58:50 AM,19.85,0.0,0.0123
15294,03/08/20 06:59:00 AM,19.85,0.0,0.0123
15295,03/08/20 06:59:10 AM,19.85,0.0,0.0123
15296,03/08/20 06:59:20 AM,19.85,0.0,0.0123
15297,03/08/20 06:59:30 AM,19.85,0.0,0.0123
15298,03/08/20 06:59:40 AM,19.85,0.0,0.0123
15299,03/08/20 06:59:50 AM,19.86,0.0,0.0123
15300,03/08/20 07:00:00 AM,19.86,0.0,0.0123
15301,03/08/20 07:00:10 AM,19.86,0.0,0.0123
15302,03/08/20 07:00:20 AM,19.86,0.0,0.0123
15303,03/08/20 07:00:30 AM,19.86,0.0,0.0123
15304,03/08/20 07:00:40 AM,19.86,0.0,0.0123
15305,03/08/20 07:00:50 AM,19.88,0.0,0.0123
15306,03/08/20 07:01:00 AM,19.88,0.0,0.0123
15307,03/08/20 07:01:10 AM,19.86,0.0,0.0123
15308,03/08/20 07:01:20 AM,19.86,0.0,0.0123
15309,03/08/20 07:01:30 AM,19.88,0.0,0.0123
15310,03/08/20 07:01:40 AM,19.88,0.0,0.0123
15311,03/08/20 07:01:50 AM,19.88,0.0,0.0123
15312,03/08/20 07:02:00 AM,19.88,0.0,0.0123
15313,03/08/20 07:02:10 AM,19.88,0.0,0.0123
15314,03/08/20 07:02:20 AM,19.88,0.0,0.0123
15315,03/08/20 07:02:30 AM,19.88,0.0,0.0123
15316,03/08/20 07:02:40 AM,19.89,0.0,0.0123
15317,03/08/20 07:02:50 AM,19.89,0.0,0.0123
15318,03/08/20 07:03:00 AM,19.89,0.0,0.0123
15319,03/08/20 07:03:10 AM,19.89,0.0,0.0123
15320,03/08/20 07:03:20 AM,19.89,0.0,0.0123
15321,03/08/20 07:03:30 AM,19.89,0.0,0.0123
15322,03/08/20 07:03:40 AM,19.89,0.0,0.0123
15323,03/08/20 07:03:50 AM,19.90,0.0,0.0123
15324,03/08/20 07:04:00 AM,19.90,0.0,0.0123
15325,03/08/20 07:04:10 AM,19.90,0.0,0.0123
15326,03/08/20 07:04:20 AM,19.90,0.0,0.0123
15327,03/08/20 07:04:30 AM,19.90,0.0,0.0123
15328,03/08/20 07:04:40 AM,19.90,0.0,0.0123
15329,03/08/20 07:04:50 AM,19.91,0.0,0.0123
15330,03/08/20 07:05:00 AM,19.90,0.0,0.0123
15331,03/08/20 07:05:10 AM,19.91,0.0,0.0123
15332,03/08/20 07:05:20 AM,19.90,0.0,0.0123
15333,03/08/20 07:05:30 AM,19.91,0.0,0.0123
15334,03/08/20 07:05:40 AM,19.91,0.0,0.0123
15335,03/08/20 07:05:50 AM,19.91,0.0,0.0123
15336,03/08/20 07:06:00 AM,19.91,0.0,0.0123
15337,03/08/20 07:06:10 AM,19.91,0.0,0.0123
15338,03/08/20 07:06:20 AM,19.91,0.0,0.0123
15339,03/08/20 07:06:30 AM,19.91,0.0,0.0123
15340,03/08/20 07:06:40 AM,19.93,0.0,0.0123
15341,03/08/20 07:06:50 AM,19.93,0.0,0.0123
15342,03/08/20 07:07:00 AM,19.93,0.0,0.0123
15343,03/08/20 07:07:10 AM,19.93,0.0,0.0123
15344,03/08/20 07:07:20 AM,19.93,0.0,0.0123
15345,03/08/20 07:07:30 AM,19.93,0.0,0.0123
15346,03/08/20 07:07:40 AM,19.93,0.0,0.0123
15347,03/08/20 07:07:50 AM,19.93,0.0,0.0123
15348,03/08/20 07:08:00 AM,19.93,0.0,0.0123
15349,03/08/20 07:08:10 AM,19.94,0.0,0.0123
15350,03/08/20 07:08:20 AM,19.94,0.0,0.0123
15351,03/08/20 07:08:30 AM,19.94,0.0,0.0123
15352,03/08/20 07:08:40 AM,19.94,0.0,0.0123
15353,03/08/20 07:08:50 AM,19.94,0.0,0.0123
15354,03/08/20 07:09:00 AM,19.94,0.0,0.0123
15355,03/08/20 07:09:10 AM,19.94,0.0,0.0123
15356,03/08/20 07:09:20 AM,19.95,0.0,0.0123
15357,03/08/20 07:09:30 AM,19.95,0.0,0.0123
15358,03/08/20 07:09:40 AM,19.95,0.0,0.0123
15359,03/08/20 07:09:50 AM,19.95,0.0,0.0123
15360,03/08/20 07:10:00 AM,19.95,0.0,0.0123
15361,03/08/20 07:10:10 AM,19.96,0.0,0.0123
15362,03/08/20 07:10:20 AM,19.96,0.0,0.0123
15363,03/08/20 07:10:30 AM,19.96,0.0,0.0123
15364,03/08/20 07:10:40 AM,19.96,0.0,0.0123
15365,03/08/20 07:10:50 AM,19.96,0.0,0.0123
15366,03/08/20 07:11:00 AM,19.96,0.0,0.0123
15367,03/08/20 07:11:10 AM,19.97,0.0,0.0123
15368,03/08/20 07:11:20 AM,19.97,0.0,0.0123
15369,03/08/20 07:11:30 AM,19.97,0.0,0.0123
15370,03/08/20 07:11:40 AM,19.97,0.0,0.0123
15371,03/08/20 07:11:50 AM,19.97,0.0,0.0123
15372,03/08/20 07:12:00 AM,19.97,0.0,0.0123
15373,03/08/20 07:12:10 AM,19.99,0.0,0.0123
15374,03/08/20 07:12:20 AM,19.99,0.0,0.0123
15375,03/08/20 07:12:30 AM,19.99,0.0,0.0123
15376,03/08/20 07:12:40 AM,19.99,0.0,0.0123
15377,03/08/20 07:12:50 AM,19.99,0.0,0.0123
15378,03/08/20 07:13:00 AM,19.99,0.0,0.0123
15379,03/08/20 07:13:10 AM,20.00,0.0,0.0123
15380,03/08/20 07:13:20 AM,19.99,0.0,0.0123
15381,03/08/20 07:13:30 AM,20.00,0.0,0.0123
15382,03/08/20 07:13:40 AM,20.00,0.0,0.0123
15383,03/08/20 07:13:50 AM,20.00,0.0,0.0123
15384,03/08/20 07:14:00 AM,20.00,0.0,0.0123
15385,03/08/20 07:14:10 AM,20.01,0.0,0.0123
15386,03/08/20 07:14:20 AM,20.01,0.0,0.0123
15387,03/08/20 07:14:30 AM,20.01,0.0,0.0123
15388,03/08/20 07:14:40 AM,20.01,0.0,0.0123
15389,03/08/20 07:14:50 AM,20.01,0.0,0.0123
15390,03/08/20 07:15:00 AM,20.01,0.0,0.0123
15391,03/08/20 07:15:10 AM,20.02,0.0,0.0123
15392,03/08/20 07:15:20 AM,20.02,0.0,0.0123
15393,03/08/20 07:15:30 AM,20.02,0.0,0.0123
15394,03/08/20 07:15:40 AM,20.02,0.0,0.0123
15395,03/08/20 07:15:50 AM,20.02,0.0,0.0123
15396,03/08/20 07:16:00 AM,20.04,0.0,0.0123
15397,03/08/20 07:16:10 AM,20.04,0.0,0.0123
15398,03/08/20 07:16:20 AM,20.04,0.0,0.0123
15399,03/08/20 07:16:30 AM,20.04,0.0,0.0123
15400,03/08/20 07:16:40 AM,20.04,0.0,0.0123
15401,03/08/20 07:16:50 AM,20.04,0.0,0.0123
15402,03/08/20 07:17:00 AM,20.05,0.0,0.0123
15403,03/08/20 07:17:10 AM,20.05,0.0,0.0123
15404,03/08/20 07:17:20 AM,20.05,0.0,0.0123
15405,03/08/20 07:17:30 AM,20.05,0.0,0.0123
15406,03/08/20 07:17:40 AM,20.05,0.0,0.0123
15407,03/08/20 07:17:50 AM,20.05,0.0,0.0123
15408,03/08/20 07:18:00 AM,20.05,0.0,0.0123
15409,03/08/20 07:18:10 AM,20.06,0.0,0.0123
15410,03/08/20 07:18:20 AM,20.06,0.0,0.0123
15411,03/08/20 07:18:30 AM,20.06,0.0,0.0123
15412,03/08/20 07:18:40 AM,20.06,0.0,0.0123
15413,03/08/20 07:18:50 AM,20.06,0.0,0.0123
15414,03/08/20 07:19:00 AM,20.06,0.0,0.0123
15415,03/08/20 07:19:10 AM,20.07,0.0,0.0123
15416,03/08/20 07:19:20 AM,20.07,0.0,0.0123
15417,03/08/20 07:19:30 AM,20.07,0.0,0.0123
15418,03/08/20 07:19:40 AM,20.07,0.0,0.0123
15419,03/08/20 07:19:50 AM,20.07,0.0,0.0123
15420,03/08/20 07:20:00 AM,20.07,0.0,0.0123
15421,03/08/20 07:20:10 AM,20.08,0.0,0.0123
15422,03/08/20 07:20:20 AM,20.08,0.0,0.0123
15423,03/08/20 07:20:30 AM,20.08,0.0,0.0123
15424,03/08/20 07:20:40 AM,20.08,0.0,0.0123
15425,03/08/20 07:20:50 AM,20.08,0.0,0.0123
15426,03/08/20 07:21:00 AM,20.10,0.0,0.0123
15427,03/08/20 07:21:10 AM,20.10,0.0,0.0123
15428,03/08/20 07:21:20 AM,20.10,0.0,0.0123
15429,03/08/20 07:21:30 AM,20.10,0.0,0.0123
15430,03/08/20 07:21:40 AM,20.10,0.0,0.0123
15431,03/08/20 07:21:50 AM,20.10,0.0,0.0123
15432,03/08/20 07:22:00 AM,20.10,0.0,0.0123
15433,03/08/20 07:22:10 AM,20.11,0.0,0.0123
15434,03/08/20 07:22:20 AM,20.11,0.0,0.0123
15435,03/08/20 07:22:30 AM,20.11,0.0,0.0123
15436,03/08/20 07:22:40 AM,20.11,0.0,0.0123
15437,03/08/20 07:22:50 AM,20.11,0.0,0.0123
15438,03/08/20 07:23:00 AM,20.11,0.0,0.0123
15439,03/08/20 07:23:10 AM,20.11,0.0,0.0123
15440,03/08/20 07:23:20 AM,20.11,0.0,0.0123
15441,03/08/20 07:23:30 AM,20.11,0.0,0.0123
15442,03/08/20 07:23:40 AM,20.11,0.0,0.0123
15443,03/08/20 07:23:50 AM,20.11,0.0,0.0123
15444,03/08/20 07:24:00 AM,20.11,0.0,0.0123
15445,03/08/20 07:24:10 AM,20.11,0.0,0.0123
15446,03/08/20 07:24:20 AM,20.11,0.0,0.0123
15447,03/08/20 07:24:30 AM,20.11,0.0,0.0123
15448,03/08/20 07:24:40 AM,20.11,0.0,0.0123
15449,03/08/20 07:24:50 AM,20.11,0.0,0.0123
15450,03/08/20 07:25:00 AM,20.11,0.0,0.0123
15451,03/08/20 07:25:10 AM,20.11,0.0,0.0123
15452,03/08/20 07:25:20 AM,20.11,0.0,0.0123
15453,03/08/20 07:25:30 AM,20.10,0.0,0.0123
15454,03/08/20 07:25:40 AM,20.10,0.0,0.0123
15455,03/08/20 07:25:50 AM,20.10,0.0,0.0123
15456,03/08/20 07:26:00 AM,20.10,0.0,0.0123
15457,03/08/20 07:26:10 AM,20.10,0.0,0.0123
15458,03/08/20 07:26:20 AM,20.10,0.0,0.0123
15459,03/08/20 07:26:30 AM,20.08,0.0,0.0123
15460,03/08/20 07:26:40 AM,20.08,0.0,0.0123
15461,03/08/20 07:26:50 AM,20.08,0.0,0.0123
15462,03/08/20 07:27:00 AM,20.08,0.0,0.0123
15463,03/08/20 07:27:10 AM,20.08,0.0,0.0123
15464,03/08/20 07:27:20 AM,20.07,0.0,0.0123
15465,03/08/20 07:27:30 AM,20.07,0.0,0.0123
15466,03/08/20 07:27:40 AM,20.07,0.0,0.0123
15467,03/08/20 07:27:50 AM,20.07,0.0,0.0123
15468,03/08/20 07:28:00 AM,20.06,0.0,0.0123
15469,03/08/20 07:28:10 AM,20.06,0.0,0.0123
15470,03/08/20 07:28:20 AM,20.05,0.0,0.0123
15471,03/08/20 07:28:30 AM,20.05,0.0,0.0123
15472,03/08/20 07:28:40 AM,20.05,0.0,0.0123
15473,03/08/20 07:28:50 AM,20.05,0.0,0.0123
15474,03/08/20 07:29:00 AM,20.04,0.0,0.0123
15475,03/08/20 07:29:10 AM,20.04,0.0,0.0123
15476,03/08/20 07:29:20 AM,20.04,0.0,0.0123
15477,03/08/20 07:29:30 AM,20.04,0.0,0.0123
15478,03/08/20 07:29:40 AM,20.04,0.0,0.0123
15479,03/08/20 07:29:50 AM,20.02,0.0,0.0123
15480,03/08/20 07:30:00 AM,20.02,0.0,0.0123
15481,03/08/20 07:30:10 AM,20.02,0.0,0.0123
15482,03/08/20 07:30:20 AM,20.01,0.0,0.0123
15483,03/08/20 07:30:30 AM,20.01,0.0,0.0123
15484,03/08/20 07:30:40 AM,20.01,0.0,0.0123
15485,03/08/20 07:30:50 AM,20.00,0.0,0.0123
15486,03/08/20 07:31:00 AM,20.00,0.0,0.0123
15487,03/08/20 07:31:10 AM,19.99,0.0,0.0123
15488,03/08/20 07:31:20 AM,19.99,0.0,0.0123
15489,03/08/20 07:31:30 AM,19.99,0.0,0.0123
15490,03/08/20 07:31:40 AM,19.99,0.0,0.0123
15491,03/08/20 07:31:50 AM,19.97,0.0,0.0123
15492,03/08/20 07:32:00 AM,19.97,0.0,0.0123
15493,03/08/20 07:32:10 AM,19.97,0.0,0.0123
15494,03/08/20 07:32:20 AM,19.96,0.0,0.0123
15495,03/08/20 07:32:30 AM,19.95,0.0,0.0123
15496,03/08/20 07:32:40 AM,19.95,0.0,0.0123
15497,03/08/20 07:32:50 AM,19.95,0.0,0.0123
15498,03/08/20 07:33:00 AM,19.95,0.0,0.0123
15499,03/08/20 07:33:10 AM,19.94,0.0,0.0123
15500,03/08/20 07:33:20 AM,19.94,0.0,0.0123
15501,03/08/20 07:33:30 AM,19.93,0.0,0.0123
15502,03/08/20 07:33:40 AM,19.93,0.0,0.0123
15503,03/08/20 07:33:50 AM,19.93,0.0,0.0123
15504,03/08/20 07:34:00 AM,19.91,0.0,0.0123
15505,03/08/20 07:34:10 AM,19.91,0.0,0.0123
15506,03/08/20 07:34:20 AM,19.90,0.0,0.0123
15507,03/08/20 07:34:30 AM,19.90,0.0,0.0123
15508,03/08/20 07:34:40 AM,19.89,0.0,0.0123
15509,03/08/20 07:34:50 AM,19.89,0.0,0.0123
15510,03/08/20 07:35:00 AM,19.89,0.0,0.0123
15511,03/08/20 07:35:10 AM,19.88,0.0,0.0123
15512,03/08/20 07:35:20 AM,19.88,0.0,0.0123
15513,03/08/20 07:35:30 AM,19.86,0.0,0.0123
15514,03/08/20 07:35:40 AM,19.86,0.0,0.0123
15515,03/08/20 07:35:50 AM,19.86,0.0,0.0123
15516,03/08/20 07:36:00 AM,19.86,0.0,0.0123
15517,03/08/20 07:36:10 AM,19.85,0.0,0.0123
15518,03/08/20 07:36:20 AM,19.85,0.0,0.0123
15519,03/08/20 07:36:30 AM,19.84,0.0,0.0123
15520,03/08/20 07:36:40 AM,19.84,0.0,0.0123
15521,03/08/20 07:36:50 AM,19.84,0.0,0.0123
15522,03/08/20 07:37:00 AM,19.83,0.0,0.0123
15523,03/08/20 07:37:10 AM,19.83,0.0,0.0123
15524,03/08/20 07:37:20 AM,19.82,0.0,0.0123
15525,03/08/20 07:37:30 AM,19.82,0.0,0.0123
15526,03/08/20 07:37:40 AM,19.82,0.0,0.0123
15527,03/08/20 07:37:50 AM,19.80,0.0,0.0123
15528,03/08/20 07:38:00 AM,19.80,0.0,0.0123
15529,03/08/20 07:38:10 AM,19.80,0.0,0.0123
15530,03/08/20 07:38:20 AM,19.79,0.0,0.0123
15531,03/08/20 07:38:30 AM,19.79,0.0,0.0123
15532,03/08/20 07:38:40 AM,19.78,0.0,0.0123
15533,03/08/20 07:38:50 AM,19.78,0.0,0.0123
15534,03/08/20 07:39:00 AM,19.78,0.0,0.0123
15535,03/08/20 07:39:10 AM,19.77,0.0,0.0123
15536,03/08/20 07:39:20 AM,19.77,0.0,0.0123
15537,03/08/20 07:39:30 AM,19.77,0.0,0.0123
15538,03/08/20 07:39:40 AM,19.75,0.0,0.0123
15539,03/08/20 07:39:50 AM,19.75,0.0,0.0123
15540,03/08/20 07:40:00 AM,19.75,0.0,0.0123
15541,03/08/20 07:40:10 AM,19.74,0.0,0.0123
15542,03/08/20 07:40:20 AM,19.74,0.0,0.0123
15543,03/08/20 07:40:30 AM,19.74,0.0,0.0123
15544,03/08/20 07:40:40 AM,19.74,0.0,0.0123
15545,03/08/20 07:40:50 AM,19.74,0.0,0.0123
15546,03/08/20 07:41:00 AM,19.73,0.0,0.0123
15547,03/08/20 07:41:10 AM,19.73,0.0,0.0123
15548,03/08/20 07:41:20 AM,19.73,0.0,0.0123
15549,03/08/20 07:41:30 AM,19.73,0.0,0.0123
15550,03/08/20 07:41:40 AM,19.72,0.0,0.0123
15551,03/08/20 07:41:50 AM,19.72,0.0,0.0123
15552,03/08/20 07:42:00 AM,19.71,0.0,0.0123
15553,03/08/20 07:42:10 AM,19.71,0.0,0.0123
15554,03/08/20 07:42:20 AM,19.71,0.0,0.0123
15555,03/08/20 07:42:30 AM,19.71,0.0,0.0123
15556,03/08/20 07:42:40 AM,19.71,0.0,0.0123
15557,03/08/20 07:42:50 AM,19.71,0.0,0.0123
15558,03/08/20 07:43:00 AM,19.69,0.0,0.0123
15559,03/08/20 07:43:10 AM,19.69,0.0,0.0123
15560,03/08/20 07:43:20 AM,19.69,0.0,0.0123
15561,03/08/20 07:43:30 AM,19.68,0.0,0.0123
15562,03/08/20 07:43:40 AM,19.68,0.0,0.0123
15563,03/08/20 07:43:50 AM,19.68,0.0,0.0123
15564,03/08/20 07:44:00 AM,19.68,0.0,0.0123
15565,03/08/20 07:44:10 AM,19.68,0.0,0.0123
15566,03/08/20 07:44:20 AM,19.68,0.0,0.0123
15567,03/08/20 07:44:30 AM,19.68,0.0,0.0123
15568,03/08/20 07:44:40 AM,19.67,0.0,0.0123
15569,03/08/20 07:44:50 AM,19.67,0.0,0.0123
15570,03/08/20 07:45:00 AM,19.67,0.0,0.0123
15571,03/08/20 07:45:10 AM,19.67,0.0,0.0123
15572,03/08/20 07:45:20 AM,19.67,0.0,0.0123
15573,03/08/20 07:45:30 AM,19.67,0.0,0.0123
15574,03/08/20 07:45:40 AM,19.67,0.0,0.0123
15575,03/08/20 07:45:50 AM,19.67,0.0,0.0123
15576,03/08/20 07:46:00 AM,19.67,0.0,0.0123
15577,03/08/20 07:46:10 AM,19.67,0.0,0.0123
15578,03/08/20 07:46:20 AM,19.67,0.0,0.0123
15579,03/08/20 07:46:30 AM,19.66,0.0,0.0123
15580,03/08/20 07:46:40 AM,19.67,0.0,0.0123
15581,03/08/20 07:46:50 AM,19.66,0.0,0.0123
15582,03/08/20 07:47:00 AM,19.67,0.0,0.0123
15583,03/08/20 07:47:10 AM,19.66,0.0,0.0123
15584,03/08/20 07:47:20 AM,19.66,0.0,0.0123
15585,03/08/20 07:47:30 AM,19.66,0.0,0.0123
15586,03/08/20 07:47:40 AM,19.66,0.0,0.0123
15587,03/08/20 07:47:50 AM,19.66,0.0,0.0123
15588,03/08/20 07:48:00 AM,19.66,0.0,0.0123
15589,03/08/20 07:48:10 AM,19.66,0.0,0.0123
15590,03/08/20 07:48:20 AM,19.66,0.0,0.0123
15591,03/08/20 07:48:30 AM,19.66,0.0,0.0123
15592,03/08/20 07:48:40 AM,19.64,0.0,0.0123
15593,03/08/20 07:48:50 AM,19.64,0.0,0.0123
15594,03/08/20 07:49:00 AM,19.66,0.0,0.0123
15595,03/08/20 07:49:10 AM,19.64,0.0,0.0123
15596,03/08/20 07:49:20 AM,19.66,0.0,0.0123
15597,03/08/20 07:49:30 AM,19.64,0.0,0.0123
15598,03/08/20 07:49:40 AM,19.64,0.0,0.0123
15599,03/08/20 07:49:50 AM,19.64,0.0,0.0123
15600,03/08/20 07:50:00 AM,19.64,0.0,0.0123
15601,03/08/20 07:50:10 AM,19.64,0.0,0.0123
15602,03/08/20 07:50:20 AM,19.64,0.0,0.0123
15603,03/08/20 07:50:30 AM,19.64,0.0,0.0123
15604,03/08/20 07:50:40 AM,19.64,0.0,0.0123
15605,03/08/20 07:50:50 AM,19.64,0.0,0.0123
15606,03/08/20 07:51:00 AM,19.64,0.0,0.0123
15607,03/08/20 07:51:10 AM,19.63,0.0,0.0123
15608,03/08/20 07:51:20 AM,19.63,0.0,0.0123
15609,03/08/20 07:51:30 AM,19.63,0.0,0.0123
15610,03/08/20 07:51:40 AM,19.63,0.0,0.0123
15611,03/08/20 07:51:50 AM,19.63,0.0,0.0123
15612,03/08/20 07:52:00 AM,19.63,0.0,0.0123
15613,03/08/20 07:52:10 AM,19.63,0.0,0.0123
15614,03/08/20 07:52:20 AM,19.63,0.0,0.0123
15615,03/08/20 07:52:30 AM,19.63,0.0,0.0123
15616,03/08/20 07:52:40 AM,19.63,0.0,0.0123
15617,03/08/20 07:52:50 AM,19.63,0.0,0.0123
15618,03/08/20 07:53:00 AM,19.62,0.0,0.0123
15619,03/08/20 07:53:10 AM,19.62,0.0,0.0123
15620,03/08/20 07:53:20 AM,19.63,0.0,0.0123
15621,03/08/20 07:53:30 AM,19.63,0.0,0.0123
15622,03/08/20 07:53:40 AM,19.63,0.0,0.0123
15623,03/08/20 07:53:50 AM,19.63,0.0,0.0123
15624,03/08/20 07:54:00 AM,19.62,0.0,0.0123
15625,03/08/20 07:54:10 AM,19.62,0.0,0.0123
15626,03/08/20 07:54:20 AM,19.62,0.0,0.0123
15627,03/08/20 07:54:30 AM,19.62,0.0,0.0123
15628,03/08/20 07:54:40 AM,19.62,0.0,0.0123
15629,03/08/20 07:54:50 AM,19.62,0.0,0.0123
15630,03/08/20 07:55:00 AM,19.62,0.0,0.0123
15631,03/08/20 07:55:10 AM,19.62,0.0,0.0123
15632,03/08/20 07:55:20 AM,19.62,0.0,0.0123
15633,03/08/20 07:55:30 AM,19.62,0.0,0.0123
15634,03/08/20 07:55:40 AM,19.62,0.0,0.0123
15635,03/08/20 07:55:50 AM,19.62,0.0,0.0123
15636,03/08/20 07:56:00 AM,19.62,0.0,0.0123
15637,03/08/20 07:56:10 AM,19.62,0.0,0.0123
15638,03/08/20 07:56:20 AM,19.62,0.0,0.0123
15639,03/08/20 07:56:30 AM,19.62,0.0,0.0123
15640,03/08/20 07:56:40 AM,19.62,0.0,0.0123
15641,03/08/20 07:56:50 AM,19.62,0.0,0.0123
15642,03/08/20 07:57:00 AM,19.62,0.0,0.0123
15643,03/08/20 07:57:10 AM,19.61,0.0,0.0123
15644,03/08/20 07:57:20 AM,19.61,0.0,0.0123
15645,03/08/20 07:57:30 AM,19.61,0.0,0.0123
15646,03/08/20 07:57:40 AM,19.61,0.0,0.0123
15647,03/08/20 07:57:50 AM,19.62,0.0,0.0123
15648,03/08/20 07:58:00 AM,19.62,0.0,0.0123
15649,03/08/20 07:58:10 AM,19.61,0.0,0.0123
15650,03/08/20 07:58:20 AM,19.61,0.0,0.0123
15651,03/08/20 07:58:30 AM,19.61,0.0,0.0123
15652,03/08/20 07:58:40 AM,19.61,0.0,0.0123
15653,03/08/20 07:58:50 AM,19.61,0.0,0.0123
15654,03/08/20 07:59:00 AM,19.61,0.0,0.0123
15655,03/08/20 07:59:10 AM,19.61,0.0,0.0123
15656,03/08/20 07:59:20 AM,19.61,0.0,0.0123
15657,03/08/20 07:59:30 AM,19.61,0.0,0.0123
15658,03/08/20 07:59:40 AM,19.59,0.0,0.0123
15659,03/08/20 07:59:50 AM,19.61,0.0,0.0123
15660,03/08/20 08:00:00 AM,19.59,0.0,0.0123
15661,03/08/20 08:00:10 AM,19.59,0.0,0.0123
15662,03/08/20 08:00:20 AM,19.61,0.0,0.0123
15663,03/08/20 08:00:30 AM,19.59,0.0,0.0123
15664,03/08/20 08:00:40 AM,19.59,0.0,0.0123
15665,03/08/20 08:00:50 AM,19.59,0.0,0.0123
15666,03/08/20 08:01:00 AM,19.59,0.0,0.0123
15667,03/08/20 08:01:10 AM,19.59,0.0,0.0123
15668,03/08/20 08:01:20 AM,19.59,0.0,0.0123
15669,03/08/20 08:01:30 AM,19.59,0.0,0.0123
15670,03/08/20 08:01:40 AM,19.59,0.0,0.0123
15671,03/08/20 08:01:50 AM,19.59,0.0,0.0123
15672,03/08/20 08:02:00 AM,19.59,0.0,0.0123
15673,03/08/20 08:02:10 AM,19.59,0.0,0.0123
15674,03/08/20 08:02:20 AM,19.59,0.0,0.0123
15675,03/08/20 08:02:30 AM,19.59,0.0,0.0123
15676,03/08/20 08:02:40 AM,19.59,0.0,0.0123
15677,03/08/20 08:02:50 AM,19.58,0.0,0.0123
15678,03/08/20 08:03:00 AM,19.58,0.0,0.0123
15679,03/08/20 08:03:10 AM,19.58,0.0,0.0123
15680,03/08/20 08:03:20 AM,19.58,0.0,0.0123
15681,03/08/20 08:03:30 AM,19.58,0.0,0.0123
15682,03/08/20 08:03:40 AM,19.58,0.0,0.0123
15683,03/08/20 08:03:50 AM,19.58,0.0,0.0123
15684,03/08/20 08:04:00 AM,19.58,0.0,0.0123
15685,03/08/20 08:04:10 AM,19.58,0.0,0.0123
15686,03/08/20 08:04:20 AM,19.58,0.0,0.0123
15687,03/08/20 08:04:30 AM,19.58,0.0,0.0123
15688,03/08/20 08:04:40 AM,19.58,0.0,0.0123
15689,03/08/20 08:04:50 AM,19.58,0.0,0.0123
15690,03/08/20 08:05:00 AM,19.58,0.0,0.0123
15691,03/08/20 08:05:10 AM,19.58,0.0,0.0123
15692,03/08/20 08:05:20 AM,19.58,0.0,0.0123
15693,03/08/20 08:05:30 AM,19.58,0.0,0.0123
15694,03/08/20 08:05:40 AM,19.58,0.0,0.0123
15695,03/08/20 08:05:50 AM,19.58,0.0,0.0123
15696,03/08/20 08:06:00 AM,19.58,0.0,0.0123
15697,03/08/20 08:06:10 AM,19.58,0.0,0.0123
15698,03/08/20 08:06:20 AM,19.58,0.0,0.0123
15699,03/08/20 08:06:30 AM,19.58,0.0,0.0123
15700,03/08/20 08:06:40 AM,19.58,0.0,0.0123
15701,03/08/20 08:06:50 AM,19.57,0.0,0.0123
15702,03/08/20 08:07:00 AM,19.57,0.0,0.0123
15703,03/08/20 08:07:10 AM,19.57,0.0,0.0123
15704,03/08/20 08:07:20 AM,19.58,0.0,0.0123
15705,03/08/20 08:07:30 AM,19.57,0.0,0.0123
15706,03/08/20 08:07:40 AM,19.57,0.0,0.0123
15707,03/08/20 08:07:50 AM,19.58,0.0,0.0123
15708,03/08/20 08:08:00 AM,19.58,0.0,0.0123
15709,03/08/20 08:08:10 AM,19.58,0.0,0.0123
15710,03/08/20 08:08:20 AM,19.57,0.0,0.0123
15711,03/08/20 08:08:30 AM,19.58,0.0,0.0123
15712,03/08/20 08:08:40 AM,19.58,0.0,0.0123
15713,03/08/20 08:08:50 AM,19.57,0.0,0.0123
15714,03/08/20 08:09:00 AM,19.58,0.0,0.0123
15715,03/08/20 08:09:10 AM,19.57,0.0,0.0123
15716,03/08/20 08:09:20 AM,19.58,0.0,0.0123
15717,03/08/20 08:09:30 AM,19.57,0.0,0.0123
15718,03/08/20 08:09:40 AM,19.57,0.0,0.0123
15719,03/08/20 08:09:50 AM,19.57,0.0,0.0123
15720,03/08/20 08:10:00 AM,19.57,0.0,0.0123
15721,03/08/20 08:10:10 AM,19.57,0.0,0.0123
15722,03/08/20 08:10:20 AM,19.58,0.0,0.0123
15723,03/08/20 08:10:30 AM,19.57,0.0,0.0123
15724,03/08/20 08:10:40 AM,19.57,0.0,0.0123
15725,03/08/20 08:10:50 AM,19.57,0.0,0.0123
15726,03/08/20 08:11:00 AM,19.57,0.0,0.0123
15727,03/08/20 08:11:10 AM,19.57,0.0,0.0123
15728,03/08/20 08:11:20 AM,19.57,0.0,0.0123
15729,03/08/20 08:11:30 AM,19.57,0.0,0.0123
15730,03/08/20 08:11:40 AM,19.57,0.0,0.0123
15731,03/08/20 08:11:50 AM,19.57,0.0,0.0123
15732,03/08/20 08:12:00 AM,19.57,0.0,0.0123
15733,03/08/20 08:12:10 AM,19.57,0.0,0.0123
15734,03/08/20 08:12:20 AM,19.57,0.0,0.0123
15735,03/08/20 08:12:30 AM,19.58,0.0,0.0123
15736,03/08/20 08:12:40 AM,19.57,0.0,0.0123
15737,03/08/20 08:12:50 AM,19.57,0.0,0.0123
15738,03/08/20 08:13:00 AM,19.57,0.0,0.0123
15739,03/08/20 08:13:10 AM,19.57,0.0,0.0123
15740,03/08/20 08:13:20 AM,19.57,0.0,0.0123
15741,03/08/20 08:13:30 AM,19.57,0.0,0.0123
15742,03/08/20 08:13:40 AM,19.57,0.0,0.0123
15743,03/08/20 08:13:50 AM,19.57,0.0,0.0123
15744,03/08/20 08:14:00 AM,19.57,0.0,0.0123
15745,03/08/20 08:14:10 AM,19.57,0.0,0.0123
15746,03/08/20 08:14:20 AM,19.57,0.0,0.0123
15747,03/08/20 08:14:30 AM,19.57,0.0,0.0123
15748,03/08/20 08:14:40 AM,19.57,0.0,0.0123
15749,03/08/20 08:14:50 AM,19.57,0.0,0.0123
15750,03/08/20 08:15:00 AM,19.57,0.0,0.0123
15751,03/08/20 08:15:10 AM,19.57,0.0,0.0123
15752,03/08/20 08:15:20 AM,19.57,0.0,0.0123
15753,03/08/20 08:15:30 AM,19.57,0.0,0.0123
15754,03/08/20 08:15:40 AM,19.57,0.0,0.0123
15755,03/08/20 08:15:50 AM,19.57,0.0,0.0123
15756,03/08/20 08:16:00 AM,19.57,0.0,0.0123
15757,03/08/20 08:16:10 AM,19.57,0.0,0.0123
15758,03/08/20 08:16:20 AM,19.57,0.0,0.0123
15759,03/08/20 08:16:30 AM,19.57,0.0,0.0123
15760,03/08/20 08:16:40 AM,19.57,0.0,0.0123
15761,03/08/20 08:16:50 AM,19.57,0.0,0.0123
15762,03/08/20 08:17:00 AM,19.57,0.0,0.0123
15763,03/08/20 08:17:10 AM,19.57,0.0,0.0123
15764,03/08/20 08:17:20 AM,19.58,0.0,0.0123
15765,03/08/20 08:17:30 AM,19.57,0.0,0.0123
15766,03/08/20 08:17:40 AM,19.57,0.0,0.0123
15767,03/08/20 08:17:50 AM,19.57,0.0,0.0123
15768,03/08/20 08:18:00 AM,19.57,0.0,0.0123
15769,03/08/20 08:18:10 AM,19.57,0.0,0.0123
15770,03/08/20 08:18:20 AM,19.57,0.0,0.0123
15771,03/08/20 08:18:30 AM,19.57,0.0,0.0123
15772,03/08/20 08:18:40 AM,19.57,0.0,0.0123
15773,03/08/20 08:18:50 AM,19.58,0.0,0.0123
15774,03/08/20 08:19:00 AM,19.57,0.0,0.0123
15775,03/08/20 08:19:10 AM,19.57,0.0,0.0123
15776,03/08/20 08:19:20 AM,19.57,0.0,0.0123
15777,03/08/20 08:19:30 AM,19.57,0.0,0.0123
15778,03/08/20 08:19:40 AM,19.57,0.0,0.0123
15779,03/08/20 08:19:50 AM,19.57,0.0,0.0123
15780,03/08/20 08:20:00 AM,19.57,0.0,0.0123
15781,03/08/20 08:20:10 AM,19.57,0.0,0.0123
15782,03/08/20 08:20:20 AM,19.57,0.0,0.0123
15783,03/08/20 08:20:30 AM,19.57,0.0,0.0123
15784,03/08/20 08:20:40 AM,19.57,0.0,0.0123
15785,03/08/20 08:20:50 AM,19.57,0.0,0.0123
15786,03/08/20 08:21:00 AM,19.58,0.0,0.0123
15787,03/08/20 08:21:10 AM,19.57,0.0,0.0123
15788,03/08/20 08:21:20 AM,19.57,0.0,0.0123
15789,03/08/20 08:21:30 AM,19.57,0.0,0.0123
15790,03/08/20 08:21:40 AM,19.57,0.0,0.0123
15791,03/08/20 08:21:50 AM,19.57,0.0,0.0123
15792,03/08/20 08:22:00 AM,19.57,0.0,0.0123
15793,03/08/20 08:22:10 AM,19.57,0.0,0.0123
15794,03/08/20 08:22:20 AM,19.57,0.0,0.0123
15795,03/08/20 08:22:30 AM,19.57,0.0,0.0123
15796,03/08/20 08:22:40 AM,19.57,0.0,0.0123
15797,03/08/20 08:22:50 AM,19.57,0.0,0.0123
15798,03/08/20 08:23:00 AM,19.57,0.0,0.0123
15799,03/08/20 08:23:10 AM,19.57,0.0,0.0123
15800,03/08/20 08:23:20 AM,19.56,0.0,0.0123
15801,03/08/20 08:23:30 AM,19.57,0.0,0.0123
15802,03/08/20 08:23:40 AM,19.57,0.0,0.0123
15803,03/08/20 08:23:50 AM,19.56,0.0,0.0123
15804,03/08/20 08:24:00 AM,19.56,0.0,0.0123
15805,03/08/20 08:24:10 AM,19.56,0.0,0.0123
15806,03/08/20 08:24:20 AM,19.57,0.0,0.0123
15807,03/08/20 08:24:30 AM,19.57,0.0,0.0123
15808,03/08/20 08:24:40 AM,19.56,0.0,0.0123
15809,03/08/20 08:24:50 AM,19.56,0.0,0.0123
15810,03/08/20 08:25:00 AM,19.56,0.0,0.0123
15811,03/08/20 08:25:10 AM,19.56,0.0,0.0123
15812,03/08/20 08:25:20 AM,19.56,0.0,0.0123
15813,03/08/20 08:25:30 AM,19.56,0.0,0.0123
15814,03/08/20 08:25:40 AM,19.56,0.0,0.0123
15815,03/08/20 08:25:50 AM,19.56,0.0,0.0123
15816,03/08/20 08:26:00 AM,19.56,0.0,0.0123
15817,03/08/20 08:26:10 AM,19.56,0.0,0.0123
15818,03/08/20 08:26:20 AM,19.56,0.0,0.0123
15819,03/08/20 08:26:30 AM,19.57,0.0,0.0123
15820,03/08/20 08:26:40 AM,19.56,0.0,0.0123
15821,03/08/20 08:26:50 AM,19.56,0.0,0.0123
15822,03/08/20 08:27:00 AM,19.56,0.0,0.0123
15823,03/08/20 08:27:10 AM,19.56,0.0,0.0123
15824,03/08/20 08:27:20 AM,19.56,0.0,0.0123
15825,03/08/20 08:27:30 AM,19.56,0.0,0.0123
15826,03/08/20 08:27:40 AM,19.57,0.0,0.0123
15827,03/08/20 08:27:50 AM,19.56,0.0,0.0123
15828,03/08/20 08:28:00 AM,19.56,0.0,0.0123
15829,03/08/20 08:28:10 AM,19.56,0.0,0.0123
15830,03/08/20 08:28:20 AM,19.56,0.0,0.0123
15831,03/08/20 08:28:30 AM,19.56,0.0,0.0123
15832,03/08/20 08:28:40 AM,19.56,0.0,0.0123
15833,03/08/20 08:28:50 AM,19.57,0.0,0.0123
15834,03/08/20 08:29:00 AM,19.57,0.0,0.0123
15835,03/08/20 08:29:10 AM,19.57,0.0,0.0123
15836,03/08/20 08:29:20 AM,19.57,0.0,0.0123
15837,03/08/20 08:29:30 AM,19.57,0.0,0.0123
15838,03/08/20 08:29:40 AM,19.57,0.0,0.0123
15839,03/08/20 08:29:50 AM,19.57,0.0,0.0123
15840,03/08/20 08:30:00 AM,19.57,0.0,0.0123
15841,03/08/20 08:30:10 AM,19.58,0.0,0.0123
15842,03/08/20 08:30:20 AM,19.58,0.0,0.0123
15843,03/08/20 08:30:30 AM,19.57,0.0,0.0123
15844,03/08/20 08:30:40 AM,19.57,0.0,0.0123
15845,03/08/20 08:30:50 AM,19.58,0.0,0.0123
15846,03/08/20 08:31:00 AM,19.58,0.0,0.0123
15847,03/08/20 08:31:10 AM,19.58,0.0,0.0123
15848,03/08/20 08:31:20 AM,19.58,0.0,0.0123
15849,03/08/20 08:31:30 AM,19.57,0.0,0.0123
15850,03/08/20 08:31:40 AM,19.58,0.0,0.0123
15851,03/08/20 08:31:50 AM,19.58,0.0,0.0123
15852,03/08/20 08:32:00 AM,19.58,0.0,0.0123
15853,03/08/20 08:32:10 AM,19.58,0.0,0.0123
15854,03/08/20 08:32:20 AM,19.58,0.0,0.0123
15855,03/08/20 08:32:30 AM,19.58,0.0,0.0123
15856,03/08/20 08:32:40 AM,19.58,0.0,0.0123
15857,03/08/20 08:32:50 AM,19.58,0.0,0.0123
15858,03/08/20 08:33:00 AM,19.58,0.0,0.0123
15859,03/08/20 08:33:10 AM,19.58,0.0,0.0123
15860,03/08/20 08:33:20 AM,19.59,0.0,0.0123
15861,03/08/20 08:33:30 AM,19.58,0.0,0.0123
15862,03/08/20 08:33:40 AM,19.58,0.0,0.0123
15863,03/08/20 08:33:50 AM,19.58,0.0,0.0123
15864,03/08/20 08:34:00 AM,19.58,0.0,0.0123
15865,03/08/20 08:34:10 AM,19.59,0.0,0.0123
15866,03/08/20 08:34:20 AM,19.58,0.0,0.0123
15867,03/08/20 08:34:30 AM,19.59,0.0,0.0123
15868,03/08/20 08:34:40 AM,19.59,0.0,0.0123
15869,03/08/20 08:34:50 AM,19.59,0.0,0.0123
15870,03/08/20 08:35:00 AM,19.59,0.0,0.0123
15871,03/08/20 08:35:10 AM,19.59,0.0,0.0123
15872,03/08/20 08:35:20 AM,19.59,0.0,0.0123
15873,03/08/20 08:35:30 AM,19.59,0.0,0.0123
15874,03/08/20 08:35:40 AM,19.59,0.0,0.0123
15875,03/08/20 08:35:50 AM,19.59,0.0,0.0123
15876,03/08/20 08:36:00 AM,19.59,0.0,0.0123
15877,03/08/20 08:36:10 AM,19.59,0.0,0.0123
15878,03/08/20 08:36:20 AM,19.61,0.0,0.0123
15879,03/08/20 08:36:30 AM,19.59,0.0,0.0123
15880,03/08/20 08:36:40 AM,19.59,0.0,0.0123
15881,03/08/20 08:36:50 AM,19.59,0.0,0.0123
15882,03/08/20 08:37:00 AM,19.61,0.0,0.0123
15883,03/08/20 08:37:10 AM,19.61,0.0,0.0123
15884,03/08/20 08:37:20 AM,19.59,0.0,0.0123
15885,03/08/20 08:37:30 AM,19.61,0.0,0.0123
15886,03/08/20 08:37:40 AM,19.61,0.0,0.0123
15887,03/08/20 08:37:50 AM,19.61,0.0,0.0123
15888,03/08/20 08:38:00 AM,19.61,0.0,0.0123
15889,03/08/20 08:38:10 AM,19.61,0.0,0.0123
15890,03/08/20 08:38:20 AM,19.61,0.0,0.0123
15891,03/08/20 08:38:30 AM,19.61,0.0,0.0123
15892,03/08/20 08:38:40 AM,19.61,0.0,0.0123
15893,03/08/20 08:38:50 AM,19.61,0.0,0.0123
15894,03/08/20 08:39:00 AM,19.62,0.0,0.0123
15895,03/08/20 08:39:10 AM,19.62,0.0,0.0123
15896,03/08/20 08:39:20 AM,19.62,0.0,0.0123
15897,03/08/20 08:39:30 AM,19.62,0.0,0.0123
15898,03/08/20 08:39:40 AM,19.62,0.0,0.0123
15899,03/08/20 08:39:50 AM,19.62,0.0,0.0123
15900,03/08/20 08:40:00 AM,19.62,0.0,0.0123
15901,03/08/20 08:40:10 AM,19.62,0.0,0.0123
15902,03/08/20 08:40:20 AM,19.62,0.0,0.0123
15903,03/08/20 08:40:30 AM,19.62,0.0,0.0123
15904,03/08/20 08:40:40 AM,19.63,0.0,0.0123
15905,03/08/20 08:40:50 AM,19.63,0.0,0.0123
15906,03/08/20 08:41:00 AM,19.62,0.0,0.0123
15907,03/08/20 08:41:10 AM,19.62,0.0,0.0123
15908,03/08/20 08:41:20 AM,19.63,0.0,0.0123
15909,03/08/20 08:41:30 AM,19.63,0.0,0.0123
15910,03/08/20 08:41:40 AM,19.63,0.0,0.0123
15911,03/08/20 08:41:50 AM,19.63,0.0,0.0123
15912,03/08/20 08:42:00 AM,19.63,0.0,0.0123
15913,03/08/20 08:42:10 AM,19.63,0.0,0.0123
15914,03/08/20 08:42:20 AM,19.63,0.0,0.0123
15915,03/08/20 08:42:30 AM,19.63,0.0,0.0123
15916,03/08/20 08:42:40 AM,19.63,0.0,0.0123
15917,03/08/20 08:42:50 AM,19.63,0.0,0.0123
15918,03/08/20 08:43:00 AM,19.63,0.0,0.0123
15919,03/08/20 08:43:10 AM,19.63,0.0,0.0123
15920,03/08/20 08:43:20 AM,19.64,0.0,0.0123
15921,03/08/20 08:43:30 AM,19.64,0.0,0.0123
15922,03/08/20 08:43:40 AM,19.64,0.0,0.0123
15923,03/08/20 08:43:50 AM,19.64,0.0,0.0123
15924,03/08/20 08:44:00 AM,19.64,0.0,0.0123
15925,03/08/20 08:44:10 AM,19.64,0.0,0.0123
15926,03/08/20 08:44:20 AM,19.66,0.0,0.0123
15927,03/08/20 08:44:30 AM,19.66,0.0,0.0123
15928,03/08/20 08:44:40 AM,19.64,0.0,0.0123
15929,03/08/20 08:44:50 AM,19.66,0.0,0.0123
15930,03/08/20 08:45:00 AM,19.66,0.0,0.0123
15931,03/08/20 08:45:10 AM,19.66,0.0,0.0123
15932,03/08/20 08:45:20 AM,19.66,0.0,0.0123
15933,03/08/20 08:45:30 AM,19.66,0.0,0.0123
15934,03/08/20 08:45:40 AM,19.66,0.0,0.0123
15935,03/08/20 08:45:50 AM,19.66,0.0,0.0123
15936,03/08/20 08:46:00 AM,19.67,0.0,0.0123
15937,03/08/20 08:46:10 AM,19.66,0.0,0.0123
15938,03/08/20 08:46:20 AM,19.66,0.0,0.0123
15939,03/08/20 08:46:30 AM,19.67,0.0,0.0123
15940,03/08/20 08:46:40 AM,19.67,0.0,0.0123
15941,03/08/20 08:46:50 AM,19.67,0.0,0.0123
15942,03/08/20 08:47:00 AM,19.67,0.0,0.0123
15943,03/08/20 08:47:10 AM,19.67,0.0,0.0123
15944,03/08/20 08:47:20 AM,19.67,0.0,0.0123
15945,03/08/20 08:47:30 AM,19.67,0.0,0.0123
15946,03/08/20 08:47:40 AM,19.67,0.0,0.0123
15947,03/08/20 08:47:50 AM,19.67,0.0,0.0123
15948,03/08/20 08:48:00 AM,19.67,0.0,0.0123
15949,03/08/20 08:48:10 AM,19.68,0.0,0.0123
15950,03/08/20 08:48:20 AM,19.67,0.0,0.0123
15951,03/08/20 08:48:30 AM,19.67,0.0,0.0123
15952,03/08/20 08:48:40 AM,19.67,0.0,0.0123
15953,03/08/20 08:48:50 AM,19.68,0.0,0.0123
15954,03/08/20 08:49:00 AM,19.67,0.0,0.0123
15955,03/08/20 08:49:10 AM,19.67,0.0,0.0123
15956,03/08/20 08:49:20 AM,19.67,0.0,0.0123
15957,03/08/20 08:49:30 AM,19.67,0.0,0.0123
15958,03/08/20 08:49:40 AM,19.67,0.0,0.0123
15959,03/08/20 08:49:50 AM,19.67,0.0,0.0123
15960,03/08/20 08:50:00 AM,19.67,0.0,0.0123
15961,03/08/20 08:50:10 AM,19.66,0.0,0.0123
15962,03/08/20 08:50:20 AM,19.66,0.0,0.0123
15963,03/08/20 08:50:30 AM,19.66,0.0,0.0123
15964,03/08/20 08:50:40 AM,19.66,0.0,0.0123
15965,03/08/20 08:50:50 AM,19.67,0.0,0.0123
15966,03/08/20 08:51:00 AM,19.66,0.0,0.0123
15967,03/08/20 08:51:10 AM,19.66,0.0,0.0123
15968,03/08/20 08:51:20 AM,19.67,0.0,0.0123
15969,03/08/20 08:51:30 AM,19.66,0.0,0.0123
15970,03/08/20 08:51:40 AM,19.66,0.0,0.0123
15971,03/08/20 08:51:50 AM,19.66,0.0,0.0123
15972,03/08/20 08:52:00 AM,19.66,0.0,0.0123
15973,03/08/20 08:52:10 AM,19.66,0.0,0.0123
15974,03/08/20 08:52:20 AM,19.66,0.0,0.0123
15975,03/08/20 08:52:30 AM,19.66,0.0,0.0123
15976,03/08/20 08:52:40 AM,19.66,0.0,0.0123
15977,03/08/20 08:52:50 AM,19.66,0.0,0.0123
15978,03/08/20 08:53:00 AM,19.66,0.0,0.0123
15979,03/08/20 08:53:10 AM,19.66,0.0,0.0123
15980,03/08/20 08:53:20 AM,19.66,0.0,0.0123
15981,03/08/20 08:53:30 AM,19.66,0.0,0.0123
15982,03/08/20 08:53:40 AM,19.66,0.0,0.0123
15983,03/08/20 08:53:50 AM,19.66,0.0,0.0123
15984,03/08/20 08:54:00 AM,19.66,0.0,0.0123
15985,03/08/20 08:54:10 AM,19.66,0.0,0.0123
15986,03/08/20 08:54:20 AM,19.66,0.0,0.0123
15987,03/08/20 08:54:30 AM,19.66,0.0,0.0123
15988,03/08/20 08:54:40 AM,19.66,0.0,0.0123
15989,03/08/20 08:54:50 AM,19.66,0.0,0.0123
15990,03/08/20 08:55:00 AM,19.66,0.0,0.0123
15991,03/08/20 08:55:10 AM,19.66,0.0,0.0123
15992,03/08/20 08:55:20 AM,19.66,0.0,0.0123
15993,03/08/20 08:55:30 AM,19.66,0.0,0.0123
15994,03/08/20 08:55:40 AM,19.66,0.0,0.0123
15995,03/08/20 08:55:50 AM,19.66,0.0,0.0123
15996,03/08/20 08:56:00 AM,19.66,0.0,0.0123
15997,03/08/20 08:56:10 AM,19.66,0.0,0.0123
15998,03/08/20 08:56:20 AM,19.66,0.0,0.0123
15999,03/08/20 08:56:30 AM,19.66,0.0,0.0123
16000,03/08/20 08:56:40 AM,19.66,0.0,0.0123
16001,03/08/20 08:56:50 AM,19.66,0.0,0.0123
16002,03/08/20 08:57:00 AM,19.66,0.0,0.0123
16003,03/08/20 08:57:10 AM,19.66,0.0,0.0123
16004,03/08/20 08:57:20 AM,19.66,0.0,0.0123
16005,03/08/20 08:57:30 AM,19.66,0.0,0.0123
16006,03/08/20 08:57:40 AM,19.66,0.0,0.0123
16007,03/08/20 08:57:50 AM,19.67,0.0,0.0123
16008,03/08/20 08:58:00 AM,19.67,0.0,0.0123
16009,03/08/20 08:58:10 AM,19.67,0.0,0.0123
16010,03/08/20 08:58:20 AM,19.66,0.0,0.0123
16011,03/08/20 08:58:30 AM,19.67,0.0,0.0123
16012,03/08/20 08:58:40 AM,19.66,0.0,0.0123
16013,03/08/20 08:58:50 AM,19.66,0.0,0.0123
16014,03/08/20 08:59:00 AM,19.67,0.0,0.0123
16015,03/08/20 08:59:10 AM,19.67,0.0,0.0123
16016,03/08/20 08:59:20 AM,19.67,0.0,0.0123
16017,03/08/20 08:59:30 AM,19.67,0.0,0.0123
16018,03/08/20 08:59:40 AM,19.67,0.0,0.0123
16019,03/08/20 08:59:50 AM,19.67,0.0,0.0123
16020,03/08/20 09:00:00 AM,19.67,0.0,0.0123
16021,03/08/20 09:00:10 AM,19.67,0.0,0.0123
16022,03/08/20 09:00:20 AM,19.67,0.0,0.0123
16023,03/08/20 09:00:30 AM,19.67,0.0,0.0123
16024,03/08/20 09:00:40 AM,19.67,0.0,0.0123
16025,03/08/20 09:00:50 AM,19.67,0.0,0.0123
16026,03/08/20 09:01:00 AM,19.67,0.0,0.0123
16027,03/08/20 09:01:10 AM,19.67,0.0,0.0123
16028,03/08/20 09:01:20 AM,19.67,0.0,0.0123
16029,03/08/20 09:01:30 AM,19.67,0.0,0.0123
16030,03/08/20 09:01:40 AM,19.67,0.0,0.0123
16031,03/08/20 09:01:50 AM,19.68,0.0,0.0123
16032,03/08/20 09:02:00 AM,19.67,0.0,0.0123
16033,03/08/20 09:02:10 AM,19.67,0.0,0.0123
16034,03/08/20 09:02:20 AM,19.67,0.0,0.0123
16035,03/08/20 09:02:30 AM,19.67,0.0,0.0123
16036,03/08/20 09:02:40 AM,19.67,0.0,0.0123
16037,03/08/20 09:02:50 AM,19.67,0.0,0.0123
16038,03/08/20 09:03:00 AM,19.67,0.0,0.0123
16039,03/08/20 09:03:10 AM,19.68,0.0,0.0123
16040,03/08/20 09:03:20 AM,19.67,0.0,0.0123
16041,03/08/20 09:03:30 AM,19.68,0.0,0.0123
16042,03/08/20 09:03:40 AM,19.68,0.0,0.0123
16043,03/08/20 09:03:50 AM,19.67,0.0,0.0123
16044,03/08/20 09:04:00 AM,19.67,0.0,0.0123
16045,03/08/20 09:04:10 AM,19.68,0.0,0.0123
16046,03/08/20 09:04:20 AM,19.68,0.0,0.0123
16047,03/08/20 09:04:30 AM,19.68,0.0,0.0123
16048,03/08/20 09:04:40 AM,19.68,0.0,0.0123
16049,03/08/20 09:04:50 AM,19.68,0.0,0.0123
16050,03/08/20 09:05:00 AM,19.68,0.0,0.0123
16051,03/08/20 09:05:10 AM,19.68,0.0,0.0123
16052,03/08/20 09:05:20 AM,19.68,0.0,0.0123
16053,03/08/20 09:05:30 AM,19.68,0.0,0.0123
16054,03/08/20 09:05:40 AM,19.68,0.0,0.0123
16055,03/08/20 09:05:50 AM,19.68,0.0,0.0123
16056,03/08/20 09:06:00 AM,19.68,0.0,0.0123
16057,03/08/20 09:06:10 AM,19.68,0.0,0.0123
16058,03/08/20 09:06:20 AM,19.68,0.0,0.0123
16059,03/08/20 09:06:30 AM,19.68,0.0,0.0123
16060,03/08/20 09:06:40 AM,19.68,0.0,0.0123
16061,03/08/20 09:06:50 AM,19.68,0.0,0.0123
16062,03/08/20 09:07:00 AM,19.68,0.0,0.0123
16063,03/08/20 09:07:10 AM,19.68,0.0,0.0123
16064,03/08/20 09:07:20 AM,19.68,0.0,0.0123
16065,03/08/20 09:07:30 AM,19.68,0.0,0.0123
16066,03/08/20 09:07:40 AM,19.68,0.0,0.0123
16067,03/08/20 09:07:50 AM,19.68,0.0,0.0123
16068,03/08/20 09:08:00 AM,19.68,0.0,0.0123
16069,03/08/20 09:08:10 AM,19.68,0.0,0.0123
16070,03/08/20 09:08:20 AM,19.69,0.0,0.0123
16071,03/08/20 09:08:30 AM,19.68,0.0,0.0123
16072,03/08/20 09:08:40 AM,19.69,0.0,0.0123
16073,03/08/20 09:08:50 AM,19.69,0.0,0.0123
16074,03/08/20 09:09:00 AM,19.69,0.0,0.0123
16075,03/08/20 09:09:10 AM,19.69,0.0,0.0123
16076,03/08/20 09:09:20 AM,19.69,0.0,0.0123
16077,03/08/20 09:09:30 AM,19.69,0.0,0.0123
16078,03/08/20 09:09:40 AM,19.69,0.0,0.0123
16079,03/08/20 09:09:50 AM,19.69,0.0,0.0123
16080,03/08/20 09:10:00 AM,19.69,0.0,0.0123
16081,03/08/20 09:10:10 AM,19.69,0.0,0.0123
16082,03/08/20 09:10:20 AM,19.69,0.0,0.0123
16083,03/08/20 09:10:30 AM,19.71,0.0,0.0123
16084,03/08/20 09:10:40 AM,19.71,0.0,0.0123
16085,03/08/20 09:10:50 AM,19.69,0.0,0.0123
16086,03/08/20 09:11:00 AM,19.71,0.0,0.0123
16087,03/08/20 09:11:10 AM,19.71,0.0,0.0123
16088,03/08/20 09:11:20 AM,19.71,0.0,0.0123
16089,03/08/20 09:11:30 AM,19.71,0.0,0.0123
16090,03/08/20 09:11:40 AM,19.71,0.0,0.0123
16091,03/08/20 09:11:50 AM,19.71,0.0,0.0123
16092,03/08/20 09:12:00 AM,19.71,0.0,0.0123
16093,03/08/20 09:12:10 AM,19.71,0.0,0.0123
16094,03/08/20 09:12:20 AM,19.72,0.0,0.0123
16095,03/08/20 09:12:30 AM,19.71,0.0,0.0123
16096,03/08/20 09:12:40 AM,19.72,0.0,0.0123
16097,03/08/20 09:12:50 AM,19.72,0.0,0.0123
16098,03/08/20 09:13:00 AM,19.72,0.0,0.0123
16099,03/08/20 09:13:10 AM,19.72,0.0,0.0123
16100,03/08/20 09:13:20 AM,19.72,0.0,0.0123
16101,03/08/20 09:13:30 AM,19.72,0.0,0.0123
16102,03/08/20 09:13:40 AM,19.72,0.0,0.0123
16103,03/08/20 09:13:50 AM,19.72,0.0,0.0123
16104,03/08/20 09:14:00 AM,19.73,0.0,0.0123
16105,03/08/20 09:14:10 AM,19.73,0.0,0.0123
16106,03/08/20 09:14:20 AM,19.73,0.0,0.0123
16107,03/08/20 09:14:30 AM,19.73,0.0,0.0123
16108,03/08/20 09:14:40 AM,19.73,0.0,0.0123
16109,03/08/20 09:14:50 AM,19.73,0.0,0.0123
16110,03/08/20 09:15:00 AM,19.73,0.0,0.0123
16111,03/08/20 09:15:10 AM,19.73,0.0,0.0123
16112,03/08/20 09:15:20 AM,19.74,0.0,0.0123
16113,03/08/20 09:15:30 AM,19.74,0.0,0.0123
16114,03/08/20 09:15:40 AM,19.74,0.0,0.0123
16115,03/08/20 09:15:50 AM,19.75,0.0,0.0123
16116,03/08/20 09:16:00 AM,19.74,0.0,0.0123
16117,03/08/20 09:16:10 AM,19.74,0.0,0.0123
16118,03/08/20 09:16:20 AM,19.74,0.0,0.0123
16119,03/08/20 09:16:30 AM,19.74,0.0,0.0123
16120,03/08/20 09:16:40 AM,19.75,0.0,0.0123
16121,03/08/20 09:16:50 AM,19.74,0.0,0.0123
16122,03/08/20 09:17:00 AM,19.75,0.0,0.0123
16123,03/08/20 09:17:10 AM,19.75,0.0,0.0123
16124,03/08/20 09:17:20 AM,19.75,0.0,0.0123
16125,03/08/20 09:17:30 AM,19.75,0.0,0.0123
16126,03/08/20 09:17:40 AM,19.75,0.0,0.0123
16127,03/08/20 09:17:50 AM,19.77,0.0,0.0123
16128,03/08/20 09:18:00 AM,19.77,0.0,0.0123
16129,03/08/20 09:18:10 AM,19.77,0.0,0.0123
16130,03/08/20 09:18:20 AM,19.77,0.0,0.0123
16131,03/08/20 09:18:30 AM,19.77,0.0,0.0123
16132,03/08/20 09:18:40 AM,19.77,0.0,0.0123
16133,03/08/20 09:18:50 AM,19.77,0.0,0.0123
16134,03/08/20 09:19:00 AM,19.78,0.0,0.0123
16135,03/08/20 09:19:10 AM,19.78,0.0,0.0123
16136,03/08/20 09:19:20 AM,19.78,0.0,0.0123
16137,03/08/20 09:19:30 AM,19.78,0.0,0.0123
16138,03/08/20 09:19:40 AM,19.78,0.0,0.0123
16139,03/08/20 09:19:50 AM,19.79,0.0,0.0123
16140,03/08/20 09:20:00 AM,19.79,0.0,0.0123
16141,03/08/20 09:20:10 AM,19.78,0.0,0.0123
16142,03/08/20 09:20:20 AM,19.79,0.0,0.0123
16143,03/08/20 09:20:30 AM,19.79,0.0,0.0123
16144,03/08/20 09:20:40 AM,19.79,0.0,0.0123
16145,03/08/20 09:20:50 AM,19.80,0.0,0.0123
16146,03/08/20 09:21:00 AM,19.80,0.0,0.0123
16147,03/08/20 09:21:10 AM,19.80,0.0,0.0123
16148,03/08/20 09:21:20 AM,19.80,0.0,0.0123
16149,03/08/20 09:21:30 AM,19.80,0.0,0.0123
16150,03/08/20 09:21:40 AM,19.82,0.0,0.0123
16151,03/08/20 09:21:50 AM,19.82,0.0,0.0123
16152,03/08/20 09:22:00 AM,19.82,0.0,0.0123
16153,03/08/20 09:22:10 AM,19.82,0.0,0.0123
16154,03/08/20 09:22:20 AM,19.82,0.0,0.0123
16155,03/08/20 09:22:30 AM,19.82,0.0,0.0123
16156,03/08/20 09:22:40 AM,19.83,0.0,0.0123
16157,03/08/20 09:22:50 AM,19.83,0.0,0.0123
16158,03/08/20 09:23:00 AM,19.83,0.0,0.0123
16159,03/08/20 09:23:10 AM,19.83,0.0,0.0123
16160,03/08/20 09:23:20 AM,19.83,0.0,0.0123
16161,03/08/20 09:23:30 AM,19.83,0.0,0.0123
16162,03/08/20 09:23:40 AM,19.83,0.0,0.0123
16163,03/08/20 09:23:50 AM,19.84,0.0,0.0123
16164,03/08/20 09:24:00 AM,19.84,0.0,0.0123
16165,03/08/20 09:24:10 AM,19.84,0.0,0.0123
16166,03/08/20 09:24:20 AM,19.84,0.0,0.0123
16167,03/08/20 09:24:30 AM,19.85,0.0,0.0123
16168,03/08/20 09:24:40 AM,19.85,0.0,0.0123
16169,03/08/20 09:24:50 AM,19.85,0.0,0.0123
16170,03/08/20 09:25:00 AM,19.85,0.0,0.0123
16171,03/08/20 09:25:10 AM,19.85,0.0,0.0123
16172,03/08/20 09:25:20 AM,19.85,0.0,0.0123
16173,03/08/20 09:25:30 AM,19.86,0.0,0.0123
16174,03/08/20 09:25:40 AM,19.86,0.0,0.0123
16175,03/08/20 09:25:50 AM,19.86,0.0,0.0123
16176,03/08/20 09:26:00 AM,19.86,0.0,0.0123
16177,03/08/20 09:26:10 AM,19.88,0.0,0.0123
16178,03/08/20 09:26:20 AM,19.86,0.0,0.0123
16179,03/08/20 09:26:30 AM,19.88,0.0,0.0123
16180,03/08/20 09:26:40 AM,19.88,0.0,0.0123
16181,03/08/20 09:26:50 AM,19.88,0.0,0.0123
16182,03/08/20 09:27:00 AM,19.88,0.0,0.0123
16183,03/08/20 09:27:10 AM,19.89,0.0,0.0123
16184,03/08/20 09:27:20 AM,19.89,0.0,0.0123
16185,03/08/20 09:27:30 AM,19.89,0.0,0.0123
16186,03/08/20 09:27:40 AM,19.89,0.0,0.0123
16187,03/08/20 09:27:50 AM,19.90,0.0,0.0123
16188,03/08/20 09:28:00 AM,19.90,0.0,0.0123
16189,03/08/20 09:28:10 AM,19.90,0.0,0.0123
16190,03/08/20 09:28:20 AM,19.90,0.0,0.0123
16191,03/08/20 09:28:30 AM,19.91,0.0,0.0123
16192,03/08/20 09:28:40 AM,19.91,0.0,0.0123
16193,03/08/20 09:28:50 AM,19.91,0.0,0.0123
16194,03/08/20 09:29:00 AM,19.91,0.0,0.0123
16195,03/08/20 09:29:10 AM,19.93,0.0,0.0123
16196,03/08/20 09:29:20 AM,19.93,0.0,0.0123
16197,03/08/20 09:29:30 AM,19.93,0.0,0.0123
16198,03/08/20 09:29:40 AM,19.93,0.0,0.0123
16199,03/08/20 09:29:50 AM,19.94,0.0,0.0123
16200,03/08/20 09:30:00 AM,19.93,0.0,0.0123
16201,03/08/20 09:30:10 AM,19.94,0.0,0.0123
16202,03/08/20 09:30:20 AM,19.94,0.0,0.0123
16203,03/08/20 09:30:30 AM,19.94,0.0,0.0123
16204,03/08/20 09:30:40 AM,19.94,0.0,0.0123
16205,03/08/20 09:30:50 AM,19.95,0.0,0.0123
16206,03/08/20 09:31:00 AM,19.95,0.0,0.0123
16207,03/08/20 09:31:10 AM,19.95,0.0,0.0123
16208,03/08/20 09:31:20 AM,19.95,0.0,0.0123
16209,03/08/20 09:31:30 AM,19.95,0.0,0.0123
16210,03/08/20 09:31:40 AM,19.96,0.0,0.0123
16211,03/08/20 09:31:50 AM,19.96,0.0,0.0123
16212,03/08/20 09:32:00 AM,19.96,0.0,0.0123
16213,03/08/20 09:32:10 AM,19.96,0.0,0.0123
16214,03/08/20 09:32:20 AM,19.97,0.0,0.0123
16215,03/08/20 09:32:30 AM,19.97,0.0,0.0123
16216,03/08/20 09:32:40 AM,19.97,0.0,0.0123
16217,03/08/20 09:32:50 AM,19.97,0.0,0.0123
16218,03/08/20 09:33:00 AM,19.99,0.0,0.0123
16219,03/08/20 09:33:10 AM,19.99,0.0,0.0123
16220,03/08/20 09:33:20 AM,19.99,0.0,0.0123
16221,03/08/20 09:33:30 AM,19.99,0.0,0.0123
16222,03/08/20 09:33:40 AM,19.99,0.0,0.0123
16223,03/08/20 09:33:50 AM,19.99,0.0,0.0123
16224,03/08/20 09:34:00 AM,20.00,0.0,0.0123
16225,03/08/20 09:34:10 AM,20.00,0.0,0.0123
16226,03/08/20 09:34:20 AM,20.01,0.0,0.0123
16227,03/08/20 09:34:30 AM,20.00,0.0,0.0123
16228,03/08/20 09:34:40 AM,20.01,0.0,0.0123
16229,03/08/20 09:34:50 AM,20.01,0.0,0.0123
16230,03/08/20 09:35:00 AM,20.01,0.0,0.0123
16231,03/08/20 09:35:10 AM,20.01,0.0,0.0123
16232,03/08/20 09:35:20 AM,20.01,0.0,0.0123
16233,03/08/20 09:35:30 AM,20.02,0.0,0.0123
16234,03/08/20 09:35:40 AM,20.02,0.0,0.0123
16235,03/08/20 09:35:50 AM,20.02,0.0,0.0123
16236,03/08/20 09:36:00 AM,20.02,0.0,0.0123
16237,03/08/20 09:36:10 AM,20.04,0.0,0.0123
16238,03/08/20 09:36:20 AM,20.04,0.0,0.0123
16239,03/08/20 09:36:30 AM,20.04,0.0,0.0123
16240,03/08/20 09:36:40 AM,20.04,0.0,0.0123
16241,03/08/20 09:36:50 AM,20.04,0.0,0.0123
16242,03/08/20 09:37:00 AM,20.05,0.0,0.0123
16243,03/08/20 09:37:10 AM,20.05,0.0,0.0123
16244,03/08/20 09:37:20 AM,20.05,0.0,0.0123
16245,03/08/20 09:37:30 AM,20.05,0.0,0.0123
16246,03/08/20 09:37:40 AM,20.06,0.0,0.0123
16247,03/08/20 09:37:50 AM,20.06,0.0,0.0123
16248,03/08/20 09:38:00 AM,20.06,0.0,0.0123
16249,03/08/20 09:38:10 AM,20.07,0.0,0.0123
16250,03/08/20 09:38:20 AM,20.07,0.0,0.0123
16251,03/08/20 09:38:30 AM,20.07,0.0,0.0123
16252,03/08/20 09:38:40 AM,20.07,0.0,0.0123
16253,03/08/20 09:38:50 AM,20.07,0.0,0.0123
16254,03/08/20 09:39:00 AM,20.08,0.0,0.0123
16255,03/08/20 09:39:10 AM,20.08,0.0,0.0123
16256,03/08/20 09:39:20 AM,20.08,0.0,0.0123
16257,03/08/20 09:39:30 AM,20.08,0.0,0.0123
16258,03/08/20 09:39:40 AM,20.08,0.0,0.0123
16259,03/08/20 09:39:50 AM,20.10,0.0,0.0123
16260,03/08/20 09:40:00 AM,20.10,0.0,0.0123
16261,03/08/20 09:40:10 AM,20.10,0.0,0.0123
16262,03/08/20 09:40:20 AM,20.10,0.0,0.0123
16263,03/08/20 09:40:30 AM,20.10,0.0,0.0123
16264,03/08/20 09:40:40 AM,20.11,0.0,0.0123
16265,03/08/20 09:40:50 AM,20.11,0.0,0.0123
16266,03/08/20 09:41:00 AM,20.11,0.0,0.0123
16267,03/08/20 09:41:10 AM,20.11,0.0,0.0123
16268,03/08/20 09:41:20 AM,20.11,0.0,0.0123
16269,03/08/20 09:41:30 AM,20.12,0.0,0.0123
16270,03/08/20 09:41:40 AM,20.12,0.0,0.0123
16271,03/08/20 09:41:50 AM,20.12,0.0,0.0123
16272,03/08/20 09:42:00 AM,20.12,0.0,0.0123
16273,03/08/20 09:42:10 AM,20.12,0.0,0.0123
16274,03/08/20 09:42:20 AM,20.13,0.0,0.0123
16275,03/08/20 09:42:30 AM,20.13,0.0,0.0123
16276,03/08/20 09:42:40 AM,20.13,0.0,0.0123
16277,03/08/20 09:42:50 AM,20.13,0.0,0.0123
16278,03/08/20 09:43:00 AM,20.15,0.0,0.0123
16279,03/08/20 09:43:10 AM,20.15,0.0,0.0123
16280,03/08/20 09:43:20 AM,20.15,0.0,0.0123
16281,03/08/20 09:43:30 AM,20.15,0.0,0.0123
16282,03/08/20 09:43:40 AM,20.16,0.0,0.0123
16283,03/08/20 09:43:50 AM,20.16,0.0,0.0123
16284,03/08/20 09:44:00 AM,20.16,0.0,0.0123
16285,03/08/20 09:44:10 AM,20.16,0.0,0.0123
16286,03/08/20 09:44:20 AM,20.16,0.0,0.0123
16287,03/08/20 09:44:30 AM,20.17,0.0,0.0123
16288,03/08/20 09:44:40 AM,20.17,0.0,0.0123
16289,03/08/20 09:44:50 AM,20.17,0.0,0.0123
16290,03/08/20 09:45:00 AM,20.17,0.0,0.0123
16291,03/08/20 09:45:10 AM,20.17,0.0,0.0123
16292,03/08/20 09:45:20 AM,20.17,0.0,0.0123
16293,03/08/20 09:45:30 AM,20.17,0.0,0.0123
16294,03/08/20 09:45:40 AM,20.18,0.0,0.0123
16295,03/08/20 09:45:50 AM,20.18,0.0,0.0123
16296,03/08/20 09:46:00 AM,20.18,0.0,0.0123
16297,03/08/20 09:46:10 AM,20.18,0.0,0.0123
16298,03/08/20 09:46:20 AM,20.18,0.0,0.0123
16299,03/08/20 09:46:30 AM,20.18,0.0,0.0123
16300,03/08/20 09:46:40 AM,20.19,0.0,0.0123
16301,03/08/20 09:46:50 AM,20.19,0.0,0.0123
16302,03/08/20 09:47:00 AM,20.19,0.0,0.0123
16303,03/08/20 09:47:10 AM,20.19,0.0,0.0123
16304,03/08/20 09:47:20 AM,20.19,0.0,0.0123
16305,03/08/20 09:47:30 AM,20.19,0.0,0.0123
16306,03/08/20 09:47:40 AM,20.21,0.0,0.0123
16307,03/08/20 09:47:50 AM,20.21,0.0,0.0123
16308,03/08/20 09:48:00 AM,20.21,0.0,0.0123
16309,03/08/20 09:48:10 AM,20.21,0.0,0.0123
16310,03/08/20 09:48:20 AM,20.21,0.0,0.0123
16311,03/08/20 09:48:30 AM,20.21,0.0,0.0123
16312,03/08/20 09:48:40 AM,20.21,0.0,0.0123
16313,03/08/20 09:48:50 AM,20.22,0.0,0.0123
16314,03/08/20 09:49:00 AM,20.22,0.0,0.0123
16315,03/08/20 09:49:10 AM,20.22,0.0,0.0123
16316,03/08/20 09:49:20 AM,20.22,0.0,0.0123
16317,03/08/20 09:49:30 AM,20.23,0.0,0.0123
16318,03/08/20 09:49:40 AM,20.22,0.0,0.0123
16319,03/08/20 09:49:50 AM,20.23,0.0,0.0123
16320,03/08/20 09:50:00 AM,20.23,0.0,0.0123
16321,03/08/20 09:50:10 AM,20.23,0.0,0.0123
16322,03/08/20 09:50:20 AM,20.23,0.0,0.0123
16323,03/08/20 09:50:30 AM,20.24,0.0,0.0123
16324,03/08/20 09:50:40 AM,20.23,0.0,0.0123
16325,03/08/20 09:50:50 AM,20.24,0.0,0.0123
16326,03/08/20 09:51:00 AM,20.24,0.0,0.0123
16327,03/08/20 09:51:10 AM,20.24,0.0,0.0123
16328,03/08/20 09:51:20 AM,20.24,0.0,0.0123
16329,03/08/20 09:51:30 AM,20.24,0.0,0.0123
16330,03/08/20 09:51:40 AM,20.24,0.0,0.0123
16331,03/08/20 09:51:50 AM,20.26,0.0,0.0123
16332,03/08/20 09:52:00 AM,20.26,0.0,0.0123
16333,03/08/20 09:52:10 AM,20.26,0.0,0.0123
16334,03/08/20 09:52:20 AM,20.26,0.0,0.0123
16335,03/08/20 09:52:30 AM,20.26,0.0,0.0123
16336,03/08/20 09:52:40 AM,20.26,0.0,0.0123
16337,03/08/20 09:52:50 AM,20.26,0.0,0.0123
16338,03/08/20 09:53:00 AM,20.26,0.0,0.0123
16339,03/08/20 09:53:10 AM,20.27,0.0,0.0123
16340,03/08/20 09:53:20 AM,20.27,0.0,0.0123
16341,03/08/20 09:53:30 AM,20.27,0.0,0.0123
16342,03/08/20 09:53:40 AM,20.27,0.0,0.0123
16343,03/08/20 09:53:50 AM,20.27,0.0,0.0123
16344,03/08/20 09:54:00 AM,20.27,0.0,0.0123
16345,03/08/20 09:54:10 AM,20.27,0.0,0.0123
16346,03/08/20 09:54:20 AM,20.27,0.0,0.0123
16347,03/08/20 09:54:30 AM,20.28,0.0,0.0123
16348,03/08/20 09:54:40 AM,20.28,0.0,0.0123
16349,03/08/20 09:54:50 AM,20.28,0.0,0.0123
16350,03/08/20 09:55:00 AM,20.28,0.0,0.0123
16351,03/08/20 09:55:10 AM,20.28,0.0,0.0123
16352,03/08/20 09:55:20 AM,20.28,0.0,0.0123
16353,03/08/20 09:55:30 AM,20.28,0.0,0.0123
16354,03/08/20 09:55:40 AM,20.28,0.0,0.0123
16355,03/08/20 09:55:50 AM,20.28,0.0,0.0123
16356,03/08/20 09:56:00 AM,20.28,0.0,0.0123
16357,03/08/20 09:56:10 AM,20.29,0.0,0.0123
16358,03/08/20 09:56:20 AM,20.29,0.0,0.0123
16359,03/08/20 09:56:30 AM,20.29,0.0,0.0123
16360,03/08/20 09:56:40 AM,20.29,0.0,0.0123
16361,03/08/20 09:56:50 AM,20.29,0.0,0.0123
16362,03/08/20 09:57:00 AM,20.29,0.0,0.0123
16363,03/08/20 09:57:10 AM,20.30,0.0,0.0123
16364,03/08/20 09:57:20 AM,20.29,0.0,0.0123
16365,03/08/20 09:57:30 AM,20.30,0.0,0.0123
16366,03/08/20 09:57:40 AM,20.30,0.0,0.0123
16367,03/08/20 09:57:50 AM,20.30,0.0,0.0123
16368,03/08/20 09:58:00 AM,20.30,0.0,0.0123
16369,03/08/20 09:58:10 AM,20.30,0.0,0.0123
16370,03/08/20 09:58:20 AM,20.30,0.0,0.0123
16371,03/08/20 09:58:30 AM,20.30,0.0,0.0123
16372,03/08/20 09:58:40 AM,20.32,0.0,0.0123
16373,03/08/20 09:58:50 AM,20.32,0.0,0.0123
16374,03/08/20 09:59:00 AM,20.32,0.0,0.0123
16375,03/08/20 09:59:10 AM,20.32,0.0,0.0123
16376,03/08/20 09:59:20 AM,20.32,0.0,0.0123
16377,03/08/20 09:59:30 AM,20.32,0.0,0.0123
16378,03/08/20 09:59:40 AM,20.32,0.0,0.0123
16379,03/08/20 09:59:50 AM,20.32,0.0,0.0123
16380,03/08/20 10:00:00 AM,20.32,0.0,0.0123
16381,03/08/20 10:00:10 AM,20.32,0.0,0.0123
16382,03/08/20 10:00:20 AM,20.33,0.0,0.0123
16383,03/08/20 10:00:30 AM,20.33,0.0,0.0123
16384,03/08/20 10:00:40 AM,20.33,0.0,0.0123
16385,03/08/20 10:00:50 AM,20.33,0.0,0.0123
16386,03/08/20 10:01:00 AM,20.33,0.0,0.0123
16387,03/08/20 10:01:10 AM,20.33,0.0,0.0123
16388,03/08/20 10:01:20 AM,20.33,0.0,0.0123
16389,03/08/20 10:01:30 AM,20.34,0.0,0.0123
16390,03/08/20 10:01:40 AM,20.34,0.0,0.0123
16391,03/08/20 10:01:50 AM,20.34,0.0,0.0123
16392,03/08/20 10:02:00 AM,20.34,0.0,0.0123
16393,03/08/20 10:02:10 AM,20.34,0.0,0.0123
16394,03/08/20 10:02:20 AM,20.34,0.0,0.0123
16395,03/08/20 10:02:30 AM,20.34,0.0,0.0123
16396,03/08/20 10:02:40 AM,20.34,0.0,0.0123
16397,03/08/20 10:02:50 AM,20.34,0.0,0.0123
16398,03/08/20 10:03:00 AM,20.34,0.0,0.0123
16399,03/08/20 10:03:10 AM,20.35,0.0,0.0123
16400,03/08/20 10:03:20 AM,20.35,0.0,0.0123
16401,03/08/20 10:03:30 AM,20.35,0.0,0.0123
16402,03/08/20 10:03:40 AM,20.35,0.0,0.0123
16403,03/08/20 10:03:50 AM,20.37,0.0,0.0123
16404,03/08/20 10:04:00 AM,20.35,0.0,0.0123
16405,03/08/20 10:04:10 AM,20.37,0.0,0.0123
16406,03/08/20 10:04:20 AM,20.37,0.0,0.0123
16407,03/08/20 10:04:30 AM,20.37,0.0,0.0123
16408,03/08/20 10:04:40 AM,20.37,0.0,0.0123
16409,03/08/20 10:04:50 AM,20.37,0.0,0.0123
16410,03/08/20 10:05:00 AM,20.37,0.0,0.0123
16411,03/08/20 10:05:10 AM,20.37,0.0,0.0123
16412,03/08/20 10:05:20 AM,20.38,0.0,0.0123
16413,03/08/20 10:05:30 AM,20.37,0.0,0.0123
16414,03/08/20 10:05:40 AM,20.38,0.0,0.0123
16415,03/08/20 10:05:50 AM,20.37,0.0,0.0123
16416,03/08/20 10:06:00 AM,20.38,0.0,0.0123
16417,03/08/20 10:06:10 AM,20.38,0.0,0.0123
16418,03/08/20 10:06:20 AM,20.38,0.0,0.0123
16419,03/08/20 10:06:30 AM,20.39,0.0,0.0123
16420,03/08/20 10:06:40 AM,20.39,0.0,0.0123
16421,03/08/20 10:06:50 AM,20.39,0.0,0.0123
16422,03/08/20 10:07:00 AM,20.39,0.0,0.0123
16423,03/08/20 10:07:10 AM,20.39,0.0,0.0123
16424,03/08/20 10:07:20 AM,20.39,0.0,0.0123
16425,03/08/20 10:07:30 AM,20.39,0.0,0.0123
16426,03/08/20 10:07:40 AM,20.39,0.0,0.0123
16427,03/08/20 10:07:50 AM,20.39,0.0,0.0123
16428,03/08/20 10:08:00 AM,20.39,0.0,0.0123
16429,03/08/20 10:08:10 AM,20.40,0.0,0.0123
16430,03/08/20 10:08:20 AM,20.39,0.0,0.0123
16431,03/08/20 10:08:30 AM,20.40,0.0,0.0123
16432,03/08/20 10:08:40 AM,20.40,0.0,0.0123
16433,03/08/20 10:08:50 AM,20.40,0.0,0.0123
16434,03/08/20 10:09:00 AM,20.41,0.0,0.0123
16435,03/08/20 10:09:10 AM,20.40,0.0,0.0123
16436,03/08/20 10:09:20 AM,20.41,0.0,0.0123
16437,03/08/20 10:09:30 AM,20.41,0.0,0.0123
16438,03/08/20 10:09:40 AM,20.41,0.0,0.0123
16439,03/08/20 10:09:50 AM,20.41,0.0,0.0123
16440,03/08/20 10:10:00 AM,20.41,0.0,0.0123
16441,03/08/20 10:10:10 AM,20.41,0.0,0.0123
16442,03/08/20 10:10:20 AM,20.43,0.0,0.0123
16443,03/08/20 10:10:30 AM,20.43,0.0,0.0123
16444,03/08/20 10:10:40 AM,20.43,0.0,0.0123
16445,03/08/20 10:10:50 AM,20.43,0.0,0.0123
16446,03/08/20 10:11:00 AM,20.43,0.0,0.0123
16447,03/08/20 10:11:10 AM,20.43,0.0,0.0123
16448,03/08/20 10:11:20 AM,20.43,0.0,0.0123
16449,03/08/20 10:11:30 AM,20.43,0.0,0.0123
16450,03/08/20 10:11:40 AM,20.44,0.0,0.0123
16451,03/08/20 10:11:50 AM,20.44,0.0,0.0123
16452,03/08/20 10:12:00 AM,20.44,0.0,0.0123
16453,03/08/20 10:12:10 AM,20.44,0.0,0.0123
16454,03/08/20 10:12:20 AM,20.44,0.0,0.0123
16455,03/08/20 10:12:30 AM,20.44,0.0,0.0123
16456,03/08/20 10:12:40 AM,20.45,0.0,0.0123
16457,03/08/20 10:12:50 AM,20.45,0.0,0.0123
16458,03/08/20 10:13:00 AM,20.45,0.0,0.0123
16459,03/08/20 10:13:10 AM,20.45,0.0,0.0123
16460,03/08/20 10:13:20 AM,20.45,0.0,0.0123
16461,03/08/20 10:13:30 AM,20.45,0.0,0.0123
16462,03/08/20 10:13:40 AM,20.46,0.0,0.0123
16463,03/08/20 10:13:50 AM,20.46,0.0,0.0123
16464,03/08/20 10:14:00 AM,20.46,0.0,0.0123
16465,03/08/20 10:14:10 AM,20.48,0.0,0.0123
16466,03/08/20 10:14:20 AM,20.46,0.0,0.0123
16467,03/08/20 10:14:30 AM,20.46,0.0,0.0123
16468,03/08/20 10:14:40 AM,20.46,0.0,0.0123
16469,03/08/20 10:14:50 AM,20.48,0.0,0.0123
16470,03/08/20 10:15:00 AM,20.48,0.0,0.0123
16471,03/08/20 10:15:10 AM,20.48,0.0,0.0123
16472,03/08/20 10:15:20 AM,20.48,0.0,0.0123
16473,03/08/20 10:15:30 AM,20.48,0.0,0.0123
16474,03/08/20 10:15:40 AM,20.48,0.0,0.0123
16475,03/08/20 10:15:50 AM,20.48,0.0,0.0123
16476,03/08/20 10:16:00 AM,20.48,0.0,0.0123
16477,03/08/20 10:16:10 AM,20.49,0.0,0.0123
16478,03/08/20 10:16:20 AM,20.49,0.0,0.0123
16479,03/08/20 10:16:30 AM,20.49,0.0,0.0123
16480,03/08/20 10:16:40 AM,20.49,0.0,0.0123
16481,03/08/20 10:16:50 AM,20.49,0.0,0.0123
16482,03/08/20 10:17:00 AM,20.50,0.0,0.0123
16483,03/08/20 10:17:10 AM,20.50,0.0,0.0123
16484,03/08/20 10:17:20 AM,20.50,0.0,0.0123
16485,03/08/20 10:17:30 AM,20.50,0.0,0.0123
16486,03/08/20 10:17:40 AM,20.50,0.0,0.0123
16487,03/08/20 10:17:50 AM,20.51,0.0,0.0123
16488,03/08/20 10:18:00 AM,20.51,0.0,0.0123
16489,03/08/20 10:18:10 AM,20.51,0.0,0.0123
16490,03/08/20 10:18:20 AM,20.51,0.0,0.0123
16491,03/08/20 10:18:30 AM,20.51,0.0,0.0123
16492,03/08/20 10:18:40 AM,20.51,0.0,0.0123
16493,03/08/20 10:18:50 AM,20.51,0.0,0.0123
16494,03/08/20 10:19:00 AM,20.51,0.0,0.0123
16495,03/08/20 10:19:10 AM,20.53,0.0,0.0123
16496,03/08/20 10:19:20 AM,20.53,0.0,0.0123
16497,03/08/20 10:19:30 AM,20.53,0.0,0.0123
16498,03/08/20 10:19:40 AM,20.53,0.0,0.0123
16499,03/08/20 10:19:50 AM,20.53,0.0,0.0123
16500,03/08/20 10:20:00 AM,20.54,0.0,0.0123
16501,03/08/20 10:20:10 AM,20.54,0.0,0.0123
16502,03/08/20 10:20:20 AM,20.54,0.0,0.0123
16503,03/08/20 10:20:30 AM,20.54,0.0,0.0123
16504,03/08/20 10:20:40 AM,20.54,0.0,0.0123
16505,03/08/20 10:20:50 AM,20.54,0.0,0.0123
16506,03/08/20 10:21:00 AM,20.54,0.0,0.0123
16507,03/08/20 10:21:10 AM,20.55,0.0,0.0123
16508,03/08/20 10:21:20 AM,20.54,0.0,0.0123
16509,03/08/20 10:21:30 AM,20.55,0.0,0.0123
16510,03/08/20 10:21:40 AM,20.55,0.0,0.0123
16511,03/08/20 10:21:50 AM,20.55,0.0,0.0123
16512,03/08/20 10:22:00 AM,20.56,0.0,0.0123
16513,03/08/20 10:22:10 AM,20.56,0.0,0.0123
16514,03/08/20 10:22:20 AM,20.56,0.0,0.0123
16515,03/08/20 10:22:30 AM,20.56,0.0,0.0123
16516,03/08/20 10:22:40 AM,20.56,0.0,0.0123
16517,03/08/20 10:22:50 AM,20.56,0.0,0.0123
16518,03/08/20 10:23:00 AM,20.56,0.0,0.0123
16519,03/08/20 10:23:10 AM,20.57,0.0,0.0123
16520,03/08/20 10:23:20 AM,20.56,0.0,0.0123
16521,03/08/20 10:23:30 AM,20.56,0.0,0.0123
16522,03/08/20 10:23:40 AM,20.57,0.0,0.0123
16523,03/08/20 10:23:50 AM,20.57,0.0,0.0123
16524,03/08/20 10:24:00 AM,20.57,0.0,0.0123
16525,03/08/20 10:24:10 AM,20.57,0.0,0.0123
16526,03/08/20 10:24:20 AM,20.57,0.0,0.0123
16527,03/08/20 10:24:30 AM,20.57,0.0,0.0123
16528,03/08/20 10:24:40 AM,20.59,0.0,0.0123
16529,03/08/20 10:24:50 AM,20.57,0.0,0.0123
16530,03/08/20 10:25:00 AM,20.59,0.0,0.0123
16531,03/08/20 10:25:10 AM,20.59,0.0,0.0123
16532,03/08/20 10:25:20 AM,20.59,0.0,0.0123
16533,03/08/20 10:25:30 AM,20.60,0.0,0.0123
16534,03/08/20 10:25:40 AM,20.59,0.0,0.0123
16535,03/08/20 10:25:50 AM,20.59,0.0,0.0123
16536,03/08/20 10:26:00 AM,20.60,0.0,0.0123
16537,03/08/20 10:26:10 AM,20.60,0.0,0.0123
16538,03/08/20 10:26:20 AM,20.60,0.0,0.0123
16539,03/08/20 10:26:30 AM,20.60,0.0,0.0123
16540,03/08/20 10:26:40 AM,20.60,0.0,0.0123
16541,03/08/20 10:26:50 AM,20.60,0.0,0.0123
16542,03/08/20 10:27:00 AM,20.60,0.0,0.0123
16543,03/08/20 10:27:10 AM,20.61,0.0,0.0123
16544,03/08/20 10:27:20 AM,20.61,0.0,0.0123
16545,03/08/20 10:27:30 AM,20.61,0.0,0.0123
16546,03/08/20 10:27:40 AM,20.61,0.0,0.0123
16547,03/08/20 10:27:50 AM,20.61,0.0,0.0123
16548,03/08/20 10:28:00 AM,20.61,0.0,0.0123
16549,03/08/20 10:28:10 AM,20.61,0.0,0.0123
16550,03/08/20 10:28:20 AM,20.61,0.0,0.0123
16551,03/08/20 10:28:30 AM,20.62,0.0,0.0123
16552,03/08/20 10:28:40 AM,20.62,0.0,0.0123
16553,03/08/20 10:28:50 AM,20.62,0.0,0.0123
16554,03/08/20 10:29:00 AM,20.62,0.0,0.0123
16555,03/08/20 10:29:10 AM,20.62,0.0,0.0123
16556,03/08/20 10:29:20 AM,20.62,0.0,0.0123
16557,03/08/20 10:29:30 AM,20.62,0.0,0.0123
16558,03/08/20 10:29:40 AM,20.62,0.0,0.0123
16559,03/08/20 10:29:50 AM,20.62,0.0,0.0123
16560,03/08/20 10:30:00 AM,20.64,0.0,0.0123
16561,03/08/20 10:30:10 AM,20.64,0.0,0.0123
16562,03/08/20 10:30:20 AM,20.64,0.0,0.0123
16563,03/08/20 10:30:30 AM,20.64,0.0,0.0123
16564,03/08/20 10:30:40 AM,20.64,0.0,0.0123
16565,03/08/20 10:30:50 AM,20.64,0.0,0.0123
16566,03/08/20 10:31:00 AM,20.64,0.0,0.0123
16567,03/08/20 10:31:10 AM,20.64,0.0,0.0123
16568,03/08/20 10:31:20 AM,20.65,0.0,0.0123
16569,03/08/20 10:31:30 AM,20.65,0.0,0.0123
16570,03/08/20 10:31:40 AM,20.65,0.0,0.0123
16571,03/08/20 10:31:50 AM,20.65,0.0,0.0123
16572,03/08/20 10:32:00 AM,20.65,0.0,0.0123
16573,03/08/20 10:32:10 AM,20.65,0.0,0.0123
16574,03/08/20 10:32:20 AM,20.65,0.0,0.0123
16575,03/08/20 10:32:30 AM,20.65,0.0,0.0123
16576,03/08/20 10:32:40 AM,20.65,0.0,0.0123
16577,03/08/20 10:32:50 AM,20.66,0.0,0.0123
16578,03/08/20 10:33:00 AM,20.65,0.0,0.0123
16579,03/08/20 10:33:10 AM,20.66,0.0,0.0123
16580,03/08/20 10:33:20 AM,20.66,0.0,0.0123
16581,03/08/20 10:33:30 AM,20.66,0.0,0.0123
16582,03/08/20 10:33:40 AM,20.66,0.0,0.0123
16583,03/08/20 10:33:50 AM,20.66,0.0,0.0123
16584,03/08/20 10:34:00 AM,20.67,0.0,0.0123
16585,03/08/20 10:34:10 AM,20.66,0.0,0.0123
16586,03/08/20 10:34:20 AM,20.67,0.0,0.0123
16587,03/08/20 10:34:30 AM,20.67,0.0,0.0123
16588,03/08/20 10:34:40 AM,20.67,0.0,0.0123
16589,03/08/20 10:34:50 AM,20.67,0.0,0.0123
16590,03/08/20 10:35:00 AM,20.67,0.0,0.0123
16591,03/08/20 10:35:10 AM,20.67,0.0,0.0123
16592,03/08/20 10:35:20 AM,20.67,0.0,0.0123
16593,03/08/20 10:35:30 AM,20.67,0.0,0.0123
16594,03/08/20 10:35:40 AM,20.67,0.0,0.0123
16595,03/08/20 10:35:50 AM,20.67,0.0,0.0123
16596,03/08/20 10:36:00 AM,20.67,0.0,0.0123
16597,03/08/20 10:36:10 AM,20.67,0.0,0.0123
16598,03/08/20 10:36:20 AM,20.68,0.0,0.0123
16599,03/08/20 10:36:30 AM,20.67,0.0,0.0123
16600,03/08/20 10:36:40 AM,20.68,0.0,0.0123
16601,03/08/20 10:36:50 AM,20.67,0.0,0.0123
16602,03/08/20 10:37:00 AM,20.68,0.0,0.0123
16603,03/08/20 10:37:10 AM,20.67,0.0,0.0123
16604,03/08/20 10:37:20 AM,20.68,0.0,0.0123
16605,03/08/20 10:37:30 AM,20.68,0.0,0.0123
16606,03/08/20 10:37:40 AM,20.68,0.0,0.0123
16607,03/08/20 10:37:50 AM,20.68,0.0,0.0123
16608,03/08/20 10:38:00 AM,20.68,0.0,0.0123
16609,03/08/20 10:38:10 AM,20.68,0.0,0.0123
16610,03/08/20 10:38:20 AM,20.67,0.0,0.0123
16611,03/08/20 10:38:30 AM,20.68,0.0,0.0123
16612,03/08/20 10:38:40 AM,20.68,0.0,0.0123
16613,03/08/20 10:38:50 AM,20.68,0.0,0.0123
16614,03/08/20 10:39:00 AM,20.68,0.0,0.0123
16615,03/08/20 10:39:10 AM,20.68,0.0,0.0123
16616,03/08/20 10:39:20 AM,20.68,0.0,0.0123
16617,03/08/20 10:39:30 AM,20.68,0.0,0.0123
16618,03/08/20 10:39:40 AM,20.68,0.0,0.0123
16619,03/08/20 10:39:50 AM,20.68,0.0,0.0123
16620,03/08/20 10:40:00 AM,20.68,0.0,0.0123
16621,03/08/20 10:40:10 AM,20.68,0.0,0.0123
16622,03/08/20 10:40:20 AM,20.68,0.0,0.0123
16623,03/08/20 10:40:30 AM,20.68,0.0,0.0123
16624,03/08/20 10:40:40 AM,20.68,0.0,0.0123
16625,03/08/20 10:40:50 AM,20.68,0.0,0.0123
16626,03/08/20 10:41:00 AM,20.68,0.0,0.0123
16627,03/08/20 10:41:10 AM,20.68,0.0,0.0123
16628,03/08/20 10:41:20 AM,20.68,0.0,0.0123
16629,03/08/20 10:41:30 AM,20.68,0.0,0.0123
16630,03/08/20 10:41:40 AM,20.68,0.0,0.0123
16631,03/08/20 10:41:50 AM,20.68,0.0,0.0123
16632,03/08/20 10:42:00 AM,20.70,0.0,0.0123
16633,03/08/20 10:42:10 AM,20.68,0.0,0.0123
16634,03/08/20 10:42:20 AM,20.70,0.0,0.0123
16635,03/08/20 10:42:30 AM,20.70,0.0,0.0123
16636,03/08/20 10:42:40 AM,20.70,0.0,0.0123
16637,03/08/20 10:42:50 AM,20.70,0.0,0.0123
16638,03/08/20 10:43:00 AM,20.70,0.0,0.0123
16639,03/08/20 10:43:10 AM,20.70,0.0,0.0123
16640,03/08/20 10:43:20 AM,20.70,0.0,0.0123
16641,03/08/20 10:43:30 AM,20.70,0.0,0.0123
16642,03/08/20 10:43:40 AM,20.70,0.0,0.0123
16643,03/08/20 10:43:50 AM,20.70,0.0,0.0123
16644,03/08/20 10:44:00 AM,20.70,0.0,0.0123
16645,03/08/20 10:44:10 AM,20.71,0.0,0.0123
16646,03/08/20 10:44:20 AM,20.71,0.0,0.0123
16647,03/08/20 10:44:30 AM,20.70,0.0,0.0123
16648,03/08/20 10:44:40 AM,20.71,0.0,0.0123
16649,03/08/20 10:44:50 AM,20.71,0.0,0.0123
16650,03/08/20 10:45:00 AM,20.71,0.0,0.0123
16651,03/08/20 10:45:10 AM,20.71,0.0,0.0123
16652,03/08/20 10:45:20 AM,20.71,0.0,0.0123
16653,03/08/20 10:45:30 AM,20.71,0.0,0.0123
16654,03/08/20 10:45:40 AM,20.72,0.0,0.0123
16655,03/08/20 10:45:50 AM,20.72,0.0,0.0123
16656,03/08/20 10:46:00 AM,20.71,0.0,0.0123
16657,03/08/20 10:46:10 AM,20.71,0.0,0.0123
16658,03/08/20 10:46:20 AM,20.72,0.0,0.0123
16659,03/08/20 10:46:30 AM,20.72,0.0,0.0123
16660,03/08/20 10:46:40 AM,20.72,0.0,0.0123
16661,03/08/20 10:46:50 AM,20.72,0.0,0.0123
16662,03/08/20 10:47:00 AM,20.73,0.0,0.0123
16663,03/08/20 10:47:10 AM,20.73,0.0,0.0123
16664,03/08/20 10:47:20 AM,20.73,0.0,0.0123
16665,03/08/20 10:47:30 AM,20.73,0.0,0.0123
16666,03/08/20 10:47:40 AM,20.73,0.0,0.0123
16667,03/08/20 10:47:50 AM,20.73,0.0,0.0123
16668,03/08/20 10:48:00 AM,20.73,0.0,0.0123
16669,03/08/20 10:48:10 AM,20.73,0.0,0.0123
16670,03/08/20 10:48:20 AM,20.73,0.0,0.0123
16671,03/08/20 10:48:30 AM,20.73,0.0,0.0123
16672,03/08/20 10:48:40 AM,20.73,0.0,0.0123
16673,03/08/20 10:48:50 AM,20.73,0.0,0.0123
16674,03/08/20 10:49:00 AM,20.75,0.0,0.0123
16675,03/08/20 10:49:10 AM,20.73,0.0,0.0123
16676,03/08/20 10:49:20 AM,20.73,0.0,0.0123
16677,03/08/20 10:49:30 AM,20.75,0.0,0.0123
16678,03/08/20 10:49:40 AM,20.75,0.0,0.0123
16679,03/08/20 10:49:50 AM,20.75,0.0,0.0123
16680,03/08/20 10:50:00 AM,20.75,0.0,0.0123
16681,03/08/20 10:50:10 AM,20.76,0.0,0.0123
16682,03/08/20 10:50:20 AM,20.76,0.0,0.0123
16683,03/08/20 10:50:30 AM,20.76,0.0,0.0123
16684,03/08/20 10:50:40 AM,20.75,0.0,0.0123
16685,03/08/20 10:50:50 AM,20.76,0.0,0.0123
16686,03/08/20 10:51:00 AM,20.76,0.0,0.0123
16687,03/08/20 10:51:10 AM,20.76,0.0,0.0123
16688,03/08/20 10:51:20 AM,20.76,0.0,0.0123
16689,03/08/20 10:51:30 AM,20.76,0.0,0.0123
16690,03/08/20 10:51:40 AM,20.77,0.0,0.0123
16691,03/08/20 10:51:50 AM,20.77,0.0,0.0123
16692,03/08/20 10:52:00 AM,20.76,0.0,0.0123
16693,03/08/20 10:52:10 AM,20.77,0.0,0.0123
16694,03/08/20 10:52:20 AM,20.77,0.0,0.0123
16695,03/08/20 10:52:30 AM,20.77,0.0,0.0123
16696,03/08/20 10:52:40 AM,20.77,0.0,0.0123
16697,03/08/20 10:52:50 AM,20.78,0.0,0.0123
16698,03/08/20 10:53:00 AM,20.78,0.0,0.0123
16699,03/08/20 10:53:10 AM,20.78,0.0,0.0123
16700,03/08/20 10:53:20 AM,20.78,0.0,0.0123
16701,03/08/20 10:53:30 AM,20.78,0.0,0.0123
16702,03/08/20 10:53:40 AM,20.78,0.0,0.0123
16703,03/08/20 10:53:50 AM,20.78,0.0,0.0123
16704,03/08/20 10:54:00 AM,20.79,0.0,0.0123
16705,03/08/20 10:54:10 AM,20.79,0.0,0.0123
16706,03/08/20 10:54:20 AM,20.79,0.0,0.0123
16707,03/08/20 10:54:30 AM,20.79,0.0,0.0123
16708,03/08/20 10:54:40 AM,20.79,0.0,0.0123
16709,03/08/20 10:54:50 AM,20.79,0.0,0.0123
16710,03/08/20 10:55:00 AM,20.79,0.0,0.0123
16711,03/08/20 10:55:10 AM,20.79,0.0,0.0123
16712,03/08/20 10:55:20 AM,20.81,0.0,0.0123
16713,03/08/20 10:55:30 AM,20.81,0.0,0.0123
16714,03/08/20 10:55:40 AM,20.81,0.0,0.0123
16715,03/08/20 10:55:50 AM,20.81,0.0,0.0123
16716,03/08/20 10:56:00 AM,20.81,0.0,0.0123
16717,03/08/20 10:56:10 AM,20.81,0.0,0.0123
16718,03/08/20 10:56:20 AM,20.82,0.0,0.0123
16719,03/08/20 10:56:30 AM,20.82,0.0,0.0123
16720,03/08/20 10:56:40 AM,20.82,0.0,0.0123
16721,03/08/20 10:56:50 AM,20.82,0.0,0.0123
16722,03/08/20 10:57:00 AM,20.82,0.0,0.0123
16723,03/08/20 10:57:10 AM,20.83,0.0,0.0123
16724,03/08/20 10:57:20 AM,20.82,0.0,0.0123
16725,03/08/20 10:57:30 AM,20.83,0.0,0.0123
16726,03/08/20 10:57:40 AM,20.83,0.0,0.0123
16727,03/08/20 10:57:50 AM,20.83,0.0,0.0123
16728,03/08/20 10:58:00 AM,20.83,0.0,0.0123
16729,03/08/20 10:58:10 AM,20.83,0.0,0.0123
16730,03/08/20 10:58:20 AM,20.83,0.0,0.0123
16731,03/08/20 10:58:30 AM,20.84,0.0,0.0123
16732,03/08/20 10:58:40 AM,20.84,0.0,0.0123
16733,03/08/20 10:58:50 AM,20.84,0.0,0.0123
16734,03/08/20 10:59:00 AM,20.84,0.0,0.0123
16735,03/08/20 10:59:10 AM,20.84,0.0,0.0123
16736,03/08/20 10:59:20 AM,20.84,0.0,0.0123
16737,03/08/20 10:59:30 AM,20.86,0.0,0.0123
16738,03/08/20 10:59:40 AM,20.86,0.0,0.0123
16739,03/08/20 10:59:50 AM,20.86,0.0,0.0123
16740,03/08/20 11:00:00 AM,20.86,0.0,0.0123
16741,03/08/20 11:00:10 AM,20.86,0.0,0.0123
16742,03/08/20 11:00:20 AM,20.86,0.0,0.0123
16743,03/08/20 11:00:30 AM,20.87,0.0,0.0123
16744,03/08/20 11:00:40 AM,20.87,0.0,0.0123
16745,03/08/20 11:00:50 AM,20.87,0.0,0.0123
16746,03/08/20 11:01:00 AM,20.87,0.0,0.0123
16747,03/08/20 11:01:10 AM,20.87,0.0,0.0123
16748,03/08/20 11:01:20 AM,20.88,0.0,0.0123
16749,03/08/20 11:01:30 AM,20.88,0.0,0.0123
16750,03/08/20 11:01:40 AM,20.88,0.0,0.0123
16751,03/08/20 11:01:50 AM,20.88,0.0,0.0123
16752,03/08/20 11:02:00 AM,20.88,0.0,0.0123
16753,03/08/20 11:02:10 AM,20.88,0.0,0.0123
16754,03/08/20 11:02:20 AM,20.88,0.0,0.0123
16755,03/08/20 11:02:30 AM,20.88,0.0,0.0123
16756,03/08/20 11:02:40 AM,20.89,0.0,0.0123
16757,03/08/20 11:02:50 AM,20.89,0.0,0.0123
16758,03/08/20 11:03:00 AM,20.89,0.0,0.0123
16759,03/08/20 11:03:10 AM,20.89,0.0,0.0123
16760,03/08/20 11:03:20 AM,20.90,0.0,0.0123
16761,03/08/20 11:03:30 AM,20.89,0.0,0.0123
16762,03/08/20 11:03:40 AM,20.90,0.0,0.0123
16763,03/08/20 11:03:50 AM,20.90,0.0,0.0123
16764,03/08/20 11:04:00 AM,20.90,0.0,0.0123
16765,03/08/20 11:04:10 AM,20.90,0.0,0.0123
16766,03/08/20 11:04:20 AM,20.90,0.0,0.0123
16767,03/08/20 11:04:30 AM,20.90,0.0,0.0123
16768,03/08/20 11:04:40 AM,20.92,0.0,0.0123
16769,03/08/20 11:04:50 AM,20.92,0.0,0.0123
16770,03/08/20 11:05:00 AM,20.92,0.0,0.0123
16771,03/08/20 11:05:10 AM,20.92,0.0,0.0123
16772,03/08/20 11:05:20 AM,20.92,0.0,0.0123
16773,03/08/20 11:05:30 AM,20.92,0.0,0.0123
16774,03/08/20 11:05:40 AM,20.92,0.0,0.0123
16775,03/08/20 11:05:50 AM,20.92,0.0,0.0123
16776,03/08/20 11:06:00 AM,20.92,0.0,0.0123
16777,03/08/20 11:06:10 AM,20.92,0.0,0.0123
16778,03/08/20 11:06:20 AM,20.92,0.0,0.0123
16779,03/08/20 11:06:30 AM,20.93,0.0,0.0123
16780,03/08/20 11:06:40 AM,20.93,0.0,0.0123
16781,03/08/20 11:06:50 AM,20.93,0.0,0.0123
16782,03/08/20 11:07:00 AM,20.93,0.0,0.0123
16783,03/08/20 11:07:10 AM,20.93,0.0,0.0123
16784,03/08/20 11:07:20 AM,20.93,0.0,0.0123
16785,03/08/20 11:07:30 AM,20.93,0.0,0.0123
16786,03/08/20 11:07:40 AM,20.93,0.0,0.0123
16787,03/08/20 11:07:50 AM,20.93,0.0,0.0123
16788,03/08/20 11:08:00 AM,20.94,0.0,0.0123
16789,03/08/20 11:08:10 AM,20.93,0.0,0.0123
16790,03/08/20 11:08:20 AM,20.94,0.0,0.0123
16791,03/08/20 11:08:30 AM,20.93,0.0,0.0123
16792,03/08/20 11:08:40 AM,20.93,0.0,0.0123
16793,03/08/20 11:08:50 AM,20.93,0.0,0.0123
16794,03/08/20 11:09:00 AM,20.94,0.0,0.0123
16795,03/08/20 11:09:10 AM,20.94,0.0,0.0123
16796,03/08/20 11:09:20 AM,20.94,0.0,0.0123
16797,03/08/20 11:09:30 AM,20.94,0.0,0.0123
16798,03/08/20 11:09:40 AM,20.94,0.0,0.0123
16799,03/08/20 11:09:50 AM,20.94,0.0,0.0123
16800,03/08/20 11:10:00 AM,20.94,0.0,0.0123
16801,03/08/20 11:10:10 AM,20.94,0.0,0.0123
16802,03/08/20 11:10:20 AM,20.94,0.0,0.0123
16803,03/08/20 11:10:30 AM,20.94,0.0,0.0123
16804,03/08/20 11:10:40 AM,20.94,0.0,0.0123
16805,03/08/20 11:10:50 AM,20.94,0.0,0.0123
16806,03/08/20 11:11:00 AM,20.95,0.0,0.0123
16807,03/08/20 11:11:10 AM,20.94,0.0,0.0123
16808,03/08/20 11:11:20 AM,20.95,0.0,0.0123
16809,03/08/20 11:11:30 AM,20.95,0.0,0.0123
16810,03/08/20 11:11:40 AM,20.94,0.0,0.0123
16811,03/08/20 11:11:50 AM,20.95,0.0,0.0123
16812,03/08/20 11:12:00 AM,20.95,0.0,0.0123
16813,03/08/20 11:12:10 AM,20.95,0.0,0.0123
16814,03/08/20 11:12:20 AM,20.95,0.0,0.0123
16815,03/08/20 11:12:30 AM,20.95,0.0,0.0123
16816,03/08/20 11:12:40 AM,20.95,0.0,0.0123
16817,03/08/20 11:12:50 AM,20.95,0.0,0.0123
16818,03/08/20 11:13:00 AM,20.95,0.0,0.0123
16819,03/08/20 11:13:10 AM,20.95,0.0,0.0123
16820,03/08/20 11:13:20 AM,20.95,0.0,0.0123
16821,03/08/20 11:13:30 AM,20.95,0.0,0.0123
16822,03/08/20 11:13:40 AM,20.97,0.0,0.0123
16823,03/08/20 11:13:50 AM,20.97,0.0,0.0123
16824,03/08/20 11:14:00 AM,20.97,0.0,0.0123
16825,03/08/20 11:14:10 AM,20.97,0.0,0.0123
16826,03/08/20 11:14:20 AM,20.97,0.0,0.0123
16827,03/08/20 11:14:30 AM,20.97,0.0,0.0123
16828,03/08/20 11:14:40 AM,20.97,0.0,0.0123
16829,03/08/20 11:14:50 AM,20.97,0.0,0.0123
16830,03/08/20 11:15:00 AM,20.97,0.0,0.0123
16831,03/08/20 11:15:10 AM,20.97,0.0,0.0123
16832,03/08/20 11:15:20 AM,20.98,0.0,0.0123
16833,03/08/20 11:15:30 AM,20.98,0.0,0.0123
16834,03/08/20 11:15:40 AM,20.98,0.0,0.0123
16835,03/08/20 11:15:50 AM,20.98,0.0,0.0123
16836,03/08/20 11:16:00 AM,20.98,0.0,0.0123
16837,03/08/20 11:16:10 AM,20.98,0.0,0.0123
16838,03/08/20 11:16:20 AM,20.98,0.0,0.0123
16839,03/08/20 11:16:30 AM,20.99,0.0,0.0123
16840,03/08/20 11:16:40 AM,20.98,0.0,0.0123
16841,03/08/20 11:16:50 AM,20.98,0.0,0.0123
16842,03/08/20 11:17:00 AM,20.99,0.0,0.0123
16843,03/08/20 11:17:10 AM,20.99,0.0,0.0123
16844,03/08/20 11:17:20 AM,20.99,0.0,0.0123
16845,03/08/20 11:17:30 AM,20.99,0.0,0.0123
16846,03/08/20 11:17:40 AM,20.99,0.0,0.0123
16847,03/08/20 11:17:50 AM,20.99,0.0,0.0123
16848,03/08/20 11:18:00 AM,20.99,0.0,0.0123
16849,03/08/20 11:18:10 AM,20.99,0.0,0.0123
16850,03/08/20 11:18:20 AM,21.00,0.0,0.0123
16851,03/08/20 11:18:30 AM,20.99,0.0,0.0123
16852,03/08/20 11:18:40 AM,20.99,0.0,0.0123
16853,03/08/20 11:18:50 AM,20.99,0.0,0.0123
16854,03/08/20 11:19:00 AM,21.00,0.0,0.0123
16855,03/08/20 11:19:10 AM,21.00,0.0,0.0123
16856,03/08/20 11:19:20 AM,21.00,0.0,0.0123
16857,03/08/20 11:19:30 AM,21.00,0.0,0.0123
16858,03/08/20 11:19:40 AM,21.00,0.0,0.0123
16859,03/08/20 11:19:50 AM,21.00,0.0,0.0123
16860,03/08/20 11:20:00 AM,21.00,0.0,0.0123
16861,03/08/20 11:20:10 AM,21.00,0.0,0.0123
16862,03/08/20 11:20:20 AM,21.01,0.0,0.0123
16863,03/08/20 11:20:30 AM,21.00,0.0,0.0123
16864,03/08/20 11:20:40 AM,21.01,0.0,0.0123
16865,03/08/20 11:20:50 AM,21.01,0.0,0.0123
16866,03/08/20 11:21:00 AM,21.01,0.0,0.0123
16867,03/08/20 11:21:10 AM,21.01,0.0,0.0123
16868,03/08/20 11:21:20 AM,21.01,0.0,0.0123
16869,03/08/20 11:21:30 AM,21.01,0.0,0.0123
16870,03/08/20 11:21:40 AM,21.01,0.0,0.0123
16871,03/08/20 11:21:50 AM,21.01,0.0,0.0123
16872,03/08/20 11:22:00 AM,21.01,0.0,0.0123
16873,03/08/20 11:22:10 AM,21.03,0.0,0.0123
16874,03/08/20 11:22:20 AM,21.03,0.0,0.0123
16875,03/08/20 11:22:30 AM,21.03,0.0,0.0123
16876,03/08/20 11:22:40 AM,21.03,0.0,0.0123
16877,03/08/20 11:22:50 AM,21.03,0.0,0.0123
16878,03/08/20 11:23:00 AM,21.03,0.0,0.0123
16879,03/08/20 11:23:10 AM,21.03,0.0,0.0123
16880,03/08/20 11:23:20 AM,21.03,0.0,0.0123
16881,03/08/20 11:23:30 AM,21.03,0.0,0.0123
16882,03/08/20 11:23:40 AM,21.03,0.0,0.0123
16883,03/08/20 11:23:50 AM,21.03,0.0,0.0123
16884,03/08/20 11:24:00 AM,21.03,0.0,0.0123
16885,03/08/20 11:24:10 AM,21.03,0.0,0.0123
16886,03/08/20 11:24:20 AM,21.03,0.0,0.0123
16887,03/08/20 11:24:30 AM,21.03,0.0,0.0123
16888,03/08/20 11:24:40 AM,21.03,0.0,0.0123
16889,03/08/20 11:24:50 AM,21.04,0.0,0.0123
16890,03/08/20 11:25:00 AM,21.03,0.0,0.0123
16891,03/08/20 11:25:10 AM,21.03,0.0,0.0123
16892,03/08/20 11:25:20 AM,21.03,0.0,0.0123
16893,03/08/20 11:25:30 AM,21.03,0.0,0.0123
16894,03/08/20 11:25:40 AM,21.03,0.0,0.0123
16895,03/08/20 11:25:50 AM,21.03,0.0,0.0123
16896,03/08/20 11:26:00 AM,21.03,0.0,0.0123
16897,03/08/20 11:26:10 AM,21.03,0.0,0.0123
16898,03/08/20 11:26:20 AM,21.03,0.0,0.0123
16899,03/08/20 11:26:30 AM,21.01,0.0,0.0123
16900,03/08/20 11:26:40 AM,21.03,0.0,0.0123
16901,03/08/20 11:26:50 AM,21.03,0.0,0.0123
16902,03/08/20 11:27:00 AM,21.03,0.0,0.0123
16903,03/08/20 11:27:10 AM,21.03,0.0,0.0123
16904,03/08/20 11:27:20 AM,21.03,0.0,0.0123
16905,03/08/20 11:27:30 AM,21.03,0.0,0.0123
16906,03/08/20 11:27:40 AM,21.03,0.0,0.0123
16907,03/08/20 11:27:50 AM,21.03,0.0,0.0123
16908,03/08/20 11:28:00 AM,21.03,0.0,0.0123
16909,03/08/20 11:28:10 AM,21.03,0.0,0.0123
16910,03/08/20 11:28:20 AM,21.03,0.0,0.0123
16911,03/08/20 11:28:30 AM,21.04,0.0,0.0123
16912,03/08/20 11:28:40 AM,21.03,0.0,0.0123
16913,03/08/20 11:28:50 AM,21.03,0.0,0.0123
16914,03/08/20 11:29:00 AM,21.04,0.0,0.0123
16915,03/08/20 11:29:10 AM,21.04,0.0,0.0123
16916,03/08/20 11:29:20 AM,21.04,0.0,0.0123
16917,03/08/20 11:29:30 AM,21.04,0.0,0.0123
16918,03/08/20 11:29:40 AM,21.03,0.0,0.0123
16919,03/08/20 11:29:50 AM,21.04,0.0,0.0123
16920,03/08/20 11:30:00 AM,21.03,0.0,0.0123
16921,03/08/20 11:30:10 AM,21.03,0.0,0.0123
16922,03/08/20 11:30:20 AM,21.03,0.0,0.0123
16923,03/08/20 11:30:30 AM,21.03,0.0,0.0123
16924,03/08/20 11:30:40 AM,21.03,0.0,0.0123
16925,03/08/20 11:30:50 AM,21.03,0.0,0.0123
16926,03/08/20 11:31:00 AM,21.03,0.0,0.0123
16927,03/08/20 11:31:10 AM,21.03,0.0,0.0123
16928,03/08/20 11:31:20 AM,21.03,0.0,0.0123
16929,03/08/20 11:31:30 AM,21.01,0.0,0.0123
16930,03/08/20 11:31:40 AM,21.01,0.0,0.0123
16931,03/08/20 11:31:50 AM,21.01,0.0,0.0123
16932,03/08/20 11:32:00 AM,21.01,0.0,0.0123
16933,03/08/20 11:32:10 AM,21.01,0.0,0.0123
16934,03/08/20 11:32:20 AM,21.01,0.0,0.0123
16935,03/08/20 11:32:30 AM,21.01,0.0,0.0123
16936,03/08/20 11:32:40 AM,21.01,0.0,0.0123
16937,03/08/20 11:32:50 AM,21.01,0.0,0.0123
16938,03/08/20 11:33:00 AM,21.01,0.0,0.0123
16939,03/08/20 11:33:10 AM,21.01,0.0,0.0123
16940,03/08/20 11:33:20 AM,21.01,0.0,0.0123
16941,03/08/20 11:33:30 AM,21.01,0.0,0.0123
16942,03/08/20 11:33:40 AM,21.01,0.0,0.0123
16943,03/08/20 11:33:50 AM,21.01,0.0,0.0123
16944,03/08/20 11:34:00 AM,21.00,0.0,0.0123
16945,03/08/20 11:34:10 AM,21.01,0.0,0.0123
16946,03/08/20 11:34:20 AM,21.01,0.0,0.0123
16947,03/08/20 11:34:30 AM,21.01,0.0,0.0123
16948,03/08/20 11:34:40 AM,21.00,0.0,0.0123
16949,03/08/20 11:34:50 AM,21.00,0.0,0.0123
16950,03/08/20 11:35:00 AM,21.00,0.0,0.0123
16951,03/08/20 11:35:10 AM,21.00,0.0,0.0123
16952,03/08/20 11:35:20 AM,21.00,0.0,0.0123
16953,03/08/20 11:35:30 AM,21.05,0.0,0.0123
16954,03/08/20 11:35:40 AM,21.06,0.0,0.0123
16955,03/08/20 11:35:50 AM,21.09,0.0,0.0123
16956,03/08/20 11:36:00 AM,21.09,0.0,0.0123
16957,03/08/20 11:36:10 AM,21.17,0.0,0.0123
16958,03/08/20 11:36:20 AM,21.22,0.0,0.0123
16959,03/08/20 11:36:30 AM,21.19,0.0,0.0123
16960,03/08/20 11:36:40 AM,21.19,0.0,0.0123
16961,03/08/20 11:36:50 AM,21.17,0.0,0.0123
16962,03/08/20 11:37:00 AM,21.19,0.0,0.0123
16963,03/08/20 11:37:10 AM,21.20,0.0,0.0123
16964,03/08/20 11:37:20 AM,21.21,0.0,0.0123
16965,03/08/20 11:37:30 AM,21.24,0.0,0.0123
16966,03/08/20 11:37:40 AM,21.26,0.0,0.0123
16967,03/08/20 11:37:50 AM,21.26,0.0,0.0123
16968,03/08/20 11:38:00 AM,21.27,0.0,0.0123
16969,03/08/20 11:38:10 AM,21.30,0.0,0.0123
16970,03/08/20 11:38:20 AM,21.31,0.0,0.0123
16971,03/08/20 11:38:30 AM,21.32,0.0,0.0123
16972,03/08/20 11:38:40 AM,21.33,0.0,0.0123
16973,03/08/20 11:38:50 AM,21.35,0.0,0.0123
16974,03/08/20 11:39:00 AM,21.35,0.0,0.0123
16975,03/08/20 11:39:10 AM,21.37,0.0,0.0123
16976,03/08/20 11:39:20 AM,21.37,0.0,0.0123
16977,03/08/20 11:39:30 AM,21.38,0.0,0.0123
16978,03/08/20 11:39:40 AM,21.39,0.0,0.0123
16979,03/08/20 11:39:50 AM,21.39,0.0,0.0123
16980,03/08/20 11:40:00 AM,21.41,0.0,0.0123
16981,03/08/20 11:40:10 AM,21.46,0.0,0.0123
16982,03/08/20 11:40:20 AM,21.50,0.0,0.0123
16983,03/08/20 11:40:30 AM,21.49,0.0,0.0123
16984,03/08/20 11:40:40 AM,21.48,0.0,0.0123
16985,03/08/20 11:40:50 AM,21.48,0.0,0.0123
16986,03/08/20 11:41:00 AM,21.49,0.0,0.0123
16987,03/08/20 11:41:10 AM,21.49,0.0,0.0123
16988,03/08/20 11:41:20 AM,21.50,0.0,0.0123
16989,03/08/20 11:41:30 AM,21.52,0.0,0.0123
16990,03/08/20 11:41:40 AM,21.52,0.0,0.0123
16991,03/08/20 11:41:50 AM,21.53,0.0,0.0123
16992,03/08/20 11:42:00 AM,21.54,0.0,0.0123
16993,03/08/20 11:42:10 AM,21.54,0.0,0.0123
16994,03/08/20 11:42:20 AM,21.55,0.0,0.0123
