date,TempInSitu,mV,pH,Serial
2020-10-28T16:25:00Z,25,-92.6,8.23,196
2020-10-28T16:25:01Z,25,-92.6,8.23,196
2020-10-28T16:25:02Z,25,-92.61,8.23,196
2020-10-28T16:25:03Z,25,-92.61,8.23,196
2020-10-28T16:25:04Z,25,-92.6,8.23,196
2020-10-28T16:25:05Z,25,-92.61,8.23,196
2020-10-28T16:25:06Z,25,-92.61,8.23,196
2020-10-28T16:25:07Z,25,-92.61,8.23,196
2020-10-28T16:25:08Z,25,-92.61,8.23,196
2020-10-28T16:25:09Z,25,-92.61,8.23,196
2020-10-28T16:25:10Z,25,-92.61,8.23,196
2020-10-28T16:25:11Z,25,-92.61,8.23,196
2020-10-28T16:25:12Z,25,-92.61,8.23,196
2020-10-28T16:25:13Z,25,-92.61,8.23,196
2020-10-28T16:25:14Z,25,-92.61,8.23,196
2020-10-28T16:25:15Z,25,-92.61,8.23,196
2020-10-28T16:25:16Z,25,-92.61,8.23,196
2020-10-28T16:25:17Z,25,-92.61,8.23,196
2020-10-28T16:25:18Z,25,-92.61,8.23,196
2020-10-28T16:25:19Z,25,-92.61,8.23,196
2020-10-28T16:25:20Z,25,-92.61,8.23,196
2020-10-28T16:25:21Z,25,-92.61,8.23,196
2020-10-28T16:25:22Z,25,-92.61,8.23,196
2020-10-28T16:25:23Z,25,-92.61,8.23,196
2020-10-28T16:25:24Z,25,-92.61,8.23,196
2020-10-28T16:25:25Z,25,-92.61,8.23,196
2020-10-28T16:25:26Z,25,-92.61,8.23,196
2020-10-28T16:25:27Z,25,-92.61,8.23,196
2020-10-28T16:25:28Z,25,-92.63,8.23,196
2020-10-28T16:25:29Z,25,-92.35,8.23,196
2020-10-28T16:25:30Z,25,-92.64,8.23,196
2020-10-28T16:25:31Z,25,-92.64,8.23,196
2020-10-28T16:25:32Z,25,-92.61,8.23,196
2020-10-28T16:25:33Z,25,-92.63,8.23,196
2020-10-28T16:25:34Z,25,-92.61,8.23,196
2020-10-28T16:25:35Z,25.03,-92.61,8.23,196
2020-10-28T16:25:36Z,25.03,-93.21,8.24,196
2020-10-28T16:25:37Z,25.03,-92.77,8.24,196
2020-10-28T16:25:38Z,25.03,-92.69,8.23,196
2020-10-28T16:25:39Z,25.03,-92.66,8.23,196
2020-10-28T16:25:40Z,25.03,-92.64,8.23,196
2020-10-28T16:25:41Z,25.03,-92.63,8.23,196
2020-10-28T16:25:42Z,25.03,-92.63,8.23,196
2020-10-28T16:25:43Z,25.03,-92.61,8.23,196
2020-10-28T16:25:44Z,25.03,-92.64,8.23,196
2020-10-28T16:25:45Z,25.03,-92.63,8.23,196
2020-10-28T16:25:46Z,25.03,-92.58,8.23,196
2020-10-28T16:25:47Z,25.03,-92.61,8.23,196
2020-10-28T16:25:48Z,25.03,-92.63,8.23,196
2020-10-28T16:25:49Z,25.03,-92.49,8.23,196
2020-10-28T16:25:50Z,25.03,-92.74,8.24,196
2020-10-28T16:25:51Z,25.03,-92.64,8.23,196
2020-10-28T16:25:52Z,25.03,-92.64,8.23,196
2020-10-28T16:25:53Z,25.03,-92.6,8.23,196
2020-10-28T16:25:54Z,25.03,-92.6,8.23,196
2020-10-28T16:25:55Z,25.03,-92.58,8.23,196
2020-10-28T16:25:56Z,25.03,-92.6,8.23,196
2020-10-28T16:25:57Z,25.03,-92.6,8.23,196
2020-10-28T16:25:58Z,25.03,-92.8,8.24,196
2020-10-28T16:25:59Z,25.03,-92.49,8.23,196
2020-10-28T16:26:00Z,25.03,-92.61,8.23,196
2020-10-28T16:26:01Z,25.03,-92.61,8.23,196
2020-10-28T16:26:02Z,25.03,-92.61,8.23,196
2020-10-28T16:26:03Z,25.03,-92.63,8.23,196
2020-10-28T16:26:04Z,25.03,-92.63,8.23,196
2020-10-28T16:26:05Z,25.03,-92.63,8.23,196
2020-10-28T16:26:06Z,25.05,-92.63,8.23,196
2020-10-28T16:26:07Z,25.05,-92.63,8.23,196
2020-10-28T16:26:08Z,25.05,-92.63,8.23,196
2020-10-28T16:26:09Z,25.05,-92.63,8.23,196
2020-10-28T16:26:10Z,25.05,-92.63,8.23,196
2020-10-28T16:26:11Z,25.05,-92.63,8.23,196
2020-10-28T16:26:12Z,25.05,-92.63,8.23,196
2020-10-28T16:26:13Z,25.05,-92.63,8.23,196
2020-10-28T16:26:14Z,25.05,-92.63,8.23,196
2020-10-28T16:26:15Z,25.05,-92.63,8.23,196
2020-10-28T16:26:16Z,25.05,-92.64,8.23,196
2020-10-28T16:26:17Z,25.05,-92.63,8.23,196
2020-10-28T16:26:18Z,25.05,-92.63,8.23,196
2020-10-28T16:26:19Z,25.05,-92.64,8.23,196
2020-10-28T16:26:20Z,25.05,-92.64,8.23,196
2020-10-28T16:26:21Z,25.05,-92.63,8.23,196
2020-10-28T16:26:22Z,25.05,-92.64,8.23,196
2020-10-28T16:26:23Z,25.05,-92.64,8.23,196
2020-10-28T16:26:24Z,25.05,-92.63,8.23,196
2020-10-28T16:26:25Z,25.05,-92.64,8.23,196
2020-10-28T16:26:26Z,25.05,-92.64,8.23,196
2020-10-28T16:26:27Z,25.05,-92.63,8.23,196
2020-10-28T16:26:28Z,25.05,-92.64,8.23,196
2020-10-28T16:26:29Z,25.05,-92.63,8.23,196
2020-10-28T16:26:30Z,25.05,-92.64,8.23,196
2020-10-28T16:26:31Z,25.05,-92.64,8.23,196
2020-10-28T16:26:32Z,25.05,-92.64,8.23,196
2020-10-28T16:26:33Z,25.05,-92.64,8.23,196
2020-10-28T16:26:34Z,25.05,-92.64,8.23,196
2020-10-28T16:26:35Z,25.05,-92.64,8.23,196
2020-10-28T16:26:36Z,25.05,-92.64,8.23,196
2020-10-28T16:26:37Z,25.05,-92.64,8.23,196
2020-10-28T16:26:38Z,25.05,-92.69,8.23,196
2020-10-28T16:26:39Z,25.05,-92.67,8.23,196
2020-10-28T16:26:40Z,25.05,-92.67,8.23,196
2020-10-28T16:26:41Z,25.05,-92.66,8.23,196
2020-10-28T16:26:42Z,25.05,-92.66,8.23,196
2020-10-28T16:26:43Z,25.05,-92.52,8.23,196
2020-10-28T16:26:44Z,25.05,-92.61,8.23,196
2020-10-28T16:26:45Z,25.05,-92.67,8.23,196
2020-10-28T16:26:46Z,25.05,-92.71,8.23,196
2020-10-28T16:26:47Z,25.05,-92.74,8.23,196
2020-10-28T16:26:48Z,25.05,-92.67,8.23,196
2020-10-28T16:26:49Z,25.05,-92.39,8.23,196
2020-10-28T16:26:50Z,25.05,-92.67,8.23,196
2020-10-28T16:26:51Z,25.05,-92.66,8.23,196
2020-10-28T16:26:52Z,25.05,-92.66,8.23,196
2020-10-28T16:26:53Z,25.05,-92.78,8.24,196
2020-10-28T16:26:54Z,25.05,-92.67,8.23,196
2020-10-28T16:26:55Z,25.05,-92.67,8.23,196
2020-10-28T16:26:56Z,25.05,-92.67,8.23,196
2020-10-28T16:26:57Z,25.05,-92.66,8.23,196
2020-10-28T16:26:58Z,25.08,-92.67,8.23,196
2020-10-28T16:26:59Z,25.08,-92.66,8.23,196
2020-10-28T16:27:00Z,25.08,-92.66,8.23,196
2020-10-28T16:27:01Z,25.08,-92.66,8.23,196
2020-10-28T16:27:02Z,25.08,-92.66,8.23,196
2020-10-28T16:27:03Z,25.08,-92.66,8.23,196
2020-10-28T16:27:04Z,25.08,-92.66,8.23,196
2020-10-28T16:27:05Z,25.08,-92.66,8.23,196
2020-10-28T16:27:06Z,25.08,-92.66,8.23,196
2020-10-28T16:27:07Z,25.08,-92.72,8.23,196
2020-10-28T16:27:08Z,25.08,-92.67,8.23,196
2020-10-28T16:27:09Z,25.08,-92.67,8.23,196
2020-10-28T16:27:10Z,25.08,-92.67,8.23,196
2020-10-28T16:27:11Z,25.08,-92.66,8.23,196
2020-10-28T16:27:12Z,25.08,-92.67,8.23,196
2020-10-28T16:27:13Z,25.08,-92.67,8.23,196
2020-10-28T16:27:14Z,25.08,-92.66,8.23,196
2020-10-28T16:27:15Z,25.08,-92.66,8.23,196
2020-10-28T16:27:16Z,25.08,-92.66,8.23,196
2020-10-28T16:27:17Z,25.08,-92.66,8.23,196
2020-10-28T16:27:18Z,25.08,-92.66,8.23,196
2020-10-28T16:27:19Z,25.08,-92.66,8.23,196
2020-10-28T16:27:20Z,25.08,-92.66,8.23,196
2020-10-28T16:27:21Z,25.08,-92.66,8.23,196
2020-10-28T16:27:22Z,25.08,-92.66,8.23,196
2020-10-28T16:27:23Z,25.08,-92.67,8.23,196
2020-10-28T16:27:24Z,25.08,-92.67,8.23,196
2020-10-28T16:27:25Z,25.08,-92.66,8.23,196
2020-10-28T16:27:26Z,25.08,-92.66,8.23,196
2020-10-28T16:27:27Z,25.08,-92.66,8.23,196
2020-10-28T16:27:28Z,25.08,-92.67,8.23,196
2020-10-28T16:27:29Z,25.08,-92.67,8.23,196
2020-10-28T16:27:30Z,25.08,-92.66,8.23,196
2020-10-28T16:27:31Z,25.08,-92.67,8.23,196
2020-10-28T16:27:32Z,25.08,-92.67,8.23,196
2020-10-28T16:27:33Z,25.08,-92.67,8.23,196
2020-10-28T16:27:34Z,25.08,-92.67,8.23,196
2020-10-28T16:27:35Z,25.08,-92.67,8.23,196
2020-10-28T16:27:36Z,25.08,-92.67,8.23,196
2020-10-28T16:27:37Z,25.08,-92.67,8.23,196
2020-10-28T16:27:38Z,25.08,-92.67,8.23,196
2020-10-28T16:27:39Z,25.08,-92.67,8.23,196
2020-10-28T16:27:40Z,25.08,-92.67,8.23,196
2020-10-28T16:27:41Z,25.08,-92.67,8.23,196
2020-10-28T16:27:42Z,25.08,-92.67,8.23,196
2020-10-28T16:27:43Z,25.08,-92.67,8.23,196
2020-10-28T16:27:44Z,25.08,-92.67,8.23,196
2020-10-28T16:27:45Z,25.08,-92.67,8.23,196
2020-10-28T16:27:46Z,25.08,-92.67,8.23,196
2020-10-28T16:27:47Z,25.08,-92.67,8.23,196
2020-10-28T16:27:48Z,25.08,-92.67,8.23,196
2020-10-28T16:27:49Z,25.08,-92.67,8.23,196
2020-10-28T16:27:50Z,25.08,-92.67,8.23,196
2020-10-28T16:27:51Z,25.08,-92.67,8.23,196
2020-10-28T16:27:52Z,25.08,-92.67,8.23,196
2020-10-28T16:27:53Z,25.08,-92.67,8.23,196
2020-10-28T16:27:54Z,25.08,-92.67,8.23,196
2020-10-28T16:27:55Z,25.08,-92.67,8.23,196
2020-10-28T16:27:56Z,25.08,-92.69,8.23,196
2020-10-28T16:27:57Z,25.08,-92.66,8.23,196
2020-10-28T16:27:58Z,25.08,-92.28,8.23,196
2020-10-28T16:27:59Z,25.08,-92.74,8.23,196
2020-10-28T16:28:00Z,25.08,-92.72,8.23,196
2020-10-28T16:28:01Z,25.08,-92.72,8.23,196
2020-10-28T16:28:02Z,25.08,-92.71,8.23,196
2020-10-28T16:28:03Z,25.08,-92.71,8.23,196
2020-10-28T16:28:04Z,25.1,-92.69,8.23,196
2020-10-28T16:28:05Z,25.1,-92.71,8.23,196
2020-10-28T16:28:06Z,25.1,-92.71,8.23,196
2020-10-28T16:28:07Z,25.1,-92.69,8.23,196
2020-10-28T16:28:08Z,25.1,-92.71,8.23,196
2020-10-28T16:28:09Z,25.1,-92.71,8.23,196
2020-10-28T16:28:10Z,25.1,-92.69,8.23,196
2020-10-28T16:28:11Z,25.1,-92.69,8.23,196
2020-10-28T16:28:12Z,25.1,-92.69,8.23,196
2020-10-28T16:28:13Z,25.1,-92.69,8.23,196
2020-10-28T16:28:14Z,25.1,-92.69,8.23,196
2020-10-28T16:28:15Z,25.1,-92.71,8.23,196
2020-10-28T16:28:16Z,25.1,-92.74,8.23,196
2020-10-28T16:28:17Z,25.1,-92.71,8.23,196
2020-10-28T16:28:18Z,25.1,-92.69,8.23,196
2020-10-28T16:28:19Z,25.1,-92.69,8.23,196
2020-10-28T16:28:20Z,25.1,-92.71,8.23,196
2020-10-28T16:28:21Z,25.1,-92.71,8.23,196
2020-10-28T16:28:22Z,25.1,-92.69,8.23,196
2020-10-28T16:28:23Z,25.1,-92.69,8.23,196
2020-10-28T16:28:24Z,25.1,-92.69,8.23,196
2020-10-28T16:28:25Z,25.1,-92.71,8.23,196
2020-10-28T16:28:26Z,25.1,-92.71,8.23,196
2020-10-28T16:28:27Z,25.1,-92.71,8.23,196
2020-10-28T16:28:28Z,25.1,-92.71,8.23,196
2020-10-28T16:28:29Z,25.1,-92.71,8.23,196
2020-10-28T16:28:30Z,25.1,-92.71,8.23,196
2020-10-28T16:28:31Z,25.1,-92.71,8.23,196
2020-10-28T16:28:32Z,25.1,-92.71,8.23,196
2020-10-28T16:28:33Z,25.1,-92.71,8.23,196
2020-10-28T16:28:34Z,25.1,-92.71,8.23,196
2020-10-28T16:28:35Z,25.1,-92.69,8.23,196
2020-10-28T16:28:36Z,25.1,-92.69,8.23,196
2020-10-28T16:28:37Z,25.1,-92.71,8.23,196
2020-10-28T16:28:38Z,25.1,-92.71,8.23,196
2020-10-28T16:28:39Z,25.1,-92.71,8.23,196
2020-10-28T16:28:40Z,25.1,-92.71,8.23,196
2020-10-28T16:28:41Z,25.1,-92.71,8.23,196
2020-10-28T16:28:42Z,25.1,-92.71,8.23,196
2020-10-28T16:28:43Z,25.1,-92.71,8.23,196
2020-10-28T16:28:44Z,25.1,-92.71,8.23,196
2020-10-28T16:28:45Z,25.1,-92.71,8.23,196
2020-10-28T16:28:46Z,25.1,-92.71,8.23,196
2020-10-28T16:28:47Z,25.1,-92.71,8.23,196
2020-10-28T16:28:48Z,25.1,-92.71,8.23,196
2020-10-28T16:28:49Z,25.1,-92.71,8.23,196
2020-10-28T16:28:50Z,25.1,-92.71,8.23,196
2020-10-28T16:28:51Z,25.1,-92.72,8.23,196
2020-10-28T16:28:52Z,25.1,-92.71,8.23,196
2020-10-28T16:28:53Z,25.1,-92.71,8.23,196
2020-10-28T16:28:54Z,25.1,-92.71,8.23,196
2020-10-28T16:28:55Z,25.1,-92.72,8.23,196
2020-10-28T16:28:56Z,25.1,-92.72,8.23,196
2020-10-28T16:28:57Z,25.1,-92.72,8.23,196
2020-10-28T16:28:58Z,25.1,-92.72,8.23,196
2020-10-28T16:28:59Z,25.1,-92.72,8.23,196
2020-10-28T16:29:00Z,25.1,-92.72,8.23,196
2020-10-28T16:29:01Z,25.1,-92.72,8.23,196
2020-10-28T16:29:02Z,25.1,-92.72,8.23,196
2020-10-28T16:29:03Z,25.1,-92.72,8.23,196
2020-10-28T16:29:04Z,25.1,-92.72,8.23,196
2020-10-28T16:29:05Z,25.1,-92.72,8.23,196
2020-10-28T16:29:06Z,25.1,-92.72,8.23,196
2020-10-28T16:29:07Z,25.1,-92.72,8.23,196
2020-10-28T16:29:08Z,25.1,-92.72,8.23,196
2020-10-28T16:29:09Z,25.1,-92.72,8.23,196
2020-10-28T16:29:10Z,25.1,-92.72,8.23,196
2020-10-28T16:29:11Z,25.1,-92.72,8.23,196
2020-10-28T16:29:12Z,25.1,-92.71,8.23,196
2020-10-28T16:29:13Z,25.1,-92.72,8.23,196
2020-10-28T16:29:14Z,25.1,-92.72,8.23,196
2020-10-28T16:29:15Z,25.1,-92.72,8.23,196
2020-10-28T16:29:16Z,25.1,-92.72,8.23,196
2020-10-28T16:29:17Z,25.1,-92.72,8.23,196
2020-10-28T16:29:18Z,25.1,-92.72,8.23,196
2020-10-28T16:29:19Z,25.1,-92.72,8.23,196
2020-10-28T16:29:20Z,25.1,-92.72,8.23,196
2020-10-28T16:29:21Z,25.1,-92.72,8.23,196
2020-10-28T16:29:22Z,25.1,-92.72,8.23,196
2020-10-28T16:29:23Z,25.1,-92.72,8.23,196
2020-10-28T16:29:24Z,25.1,-92.72,8.23,196
2020-10-28T16:29:25Z,25.1,-92.72,8.23,196
2020-10-28T16:29:26Z,25.1,-92.72,8.23,196
2020-10-28T16:29:27Z,25.1,-92.72,8.23,196
2020-10-28T16:29:28Z,25.1,-92.72,8.23,196
2020-10-28T16:29:29Z,25.1,-92.72,8.23,196
2020-10-28T16:29:30Z,25.1,-92.72,8.23,196
2020-10-28T16:29:31Z,25.1,-92.72,8.23,196
2020-10-28T16:29:32Z,25.1,-92.72,8.23,196
2020-10-28T16:29:33Z,25.1,-92.74,8.23,196
2020-10-28T16:29:34Z,25.1,-92.72,8.23,196
2020-10-28T16:29:35Z,25.1,-92.72,8.23,196
2020-10-28T16:29:36Z,25.1,-92.72,8.23,196
2020-10-28T16:29:37Z,25.1,-92.72,8.23,196
2020-10-28T16:29:38Z,25.1,-92.72,8.23,196
2020-10-28T16:29:39Z,25.1,-92.72,8.23,196
2020-10-28T16:29:40Z,25.1,-92.74,8.23,196
2020-10-28T16:29:41Z,25.1,-92.72,8.23,196
2020-10-28T16:29:42Z,25.1,-92.72,8.23,196
2020-10-28T16:29:43Z,25.1,-92.74,8.23,196
2020-10-28T16:29:44Z,25.1,-92.74,8.23,196
2020-10-28T16:29:45Z,25.1,-92.74,8.23,196
2020-10-28T16:29:46Z,25.1,-92.74,8.23,196
2020-10-28T16:29:47Z,25.1,-92.74,8.23,196
2020-10-28T16:29:48Z,25.1,-92.74,8.23,196
2020-10-28T16:29:49Z,25.1,-92.74,8.23,196
2020-10-28T16:29:50Z,25.1,-92.74,8.23,196
2020-10-28T16:29:51Z,25.1,-92.74,8.23,196
2020-10-28T16:29:52Z,25.1,-92.74,8.23,196
2020-10-28T16:29:53Z,25.1,-92.74,8.23,196
2020-10-28T16:29:54Z,25.1,-92.74,8.23,196
2020-10-28T16:29:55Z,25.1,-92.74,8.23,196
2020-10-28T16:29:56Z,25.1,-92.74,8.23,196
2020-10-28T16:29:57Z,25.1,-92.74,8.23,196
2020-10-28T16:29:58Z,25.1,-92.74,8.23,196
2020-10-28T16:29:59Z,25.1,-92.75,8.23,196
2020-10-28T16:30:00Z,25.1,-92.74,8.23,196
2020-10-28T16:30:01Z,25.1,-92.74,8.23,196
2020-10-28T16:30:02Z,25.1,-92.75,8.23,196
2020-10-28T16:30:03Z,25.1,-92.74,8.23,196
2020-10-28T16:30:04Z,25.1,-92.74,8.23,196
2020-10-28T16:30:05Z,25.1,-92.74,8.23,196
2020-10-28T16:30:06Z,25.1,-92.74,8.23,196
2020-10-28T16:30:07Z,25.1,-92.75,8.23,196
2020-10-28T16:30:08Z,25.1,-92.75,8.23,196
2020-10-28T16:30:09Z,25.1,-92.75,8.23,196
2020-10-28T16:30:10Z,25.1,-92.75,8.23,196
2020-10-28T16:30:11Z,25.1,-92.75,8.23,196
2020-10-28T16:30:12Z,25.1,-92.75,8.23,196
2020-10-28T16:30:13Z,25.1,-92.75,8.23,196
2020-10-28T16:30:14Z,25.1,-92.75,8.23,196
2020-10-28T16:30:15Z,25.1,-92.75,8.23,196
2020-10-28T16:30:16Z,25.1,-92.77,8.24,196
2020-10-28T16:30:17Z,25.1,-92.77,8.24,196
2020-10-28T16:30:18Z,25.1,-92.77,8.24,196
2020-10-28T16:30:19Z,25.1,-92.77,8.24,196
2020-10-28T16:30:20Z,25.1,-92.77,8.24,196
2020-10-28T16:30:21Z,25.1,-92.75,8.23,196
2020-10-28T16:30:22Z,25.1,-92.75,8.23,196
2020-10-28T16:30:23Z,25.1,-92.75,8.23,196
2020-10-28T16:30:24Z,25.1,-92.75,8.23,196
2020-10-28T16:30:25Z,25.1,-92.75,8.23,196
2020-10-28T16:30:26Z,25.1,-92.77,8.24,196
2020-10-28T16:30:27Z,25.1,-92.75,8.23,196
2020-10-28T16:30:28Z,25.1,-92.75,8.23,196
2020-10-28T16:30:29Z,25.1,-92.75,8.23,196
2020-10-28T16:30:30Z,25.1,-92.75,8.23,196
2020-10-28T16:30:31Z,25.1,-92.75,8.23,196
2020-10-28T16:30:32Z,25.1,-92.75,8.23,196
2020-10-28T16:30:33Z,25.1,-92.75,8.23,196
2020-10-28T16:30:34Z,25.1,-92.75,8.23,196
2020-10-28T16:30:35Z,25.1,-92.75,8.23,196
2020-10-28T16:30:36Z,25.1,-92.77,8.24,196
2020-10-28T16:30:37Z,25.1,-92.77,8.24,196
2020-10-28T16:30:38Z,25.1,-92.77,8.24,196
2020-10-28T16:30:39Z,25.1,-92.77,8.24,196
2020-10-28T16:30:40Z,25.1,-92.77,8.24,196
2020-10-28T16:30:41Z,25.1,-92.77,8.24,196
2020-10-28T16:30:42Z,25.1,-92.75,8.23,196
2020-10-28T16:30:43Z,25.1,-92.77,8.24,196
2020-10-28T16:30:44Z,25.1,-92.77,8.24,196
2020-10-28T16:30:45Z,25.1,-92.75,8.23,196
2020-10-28T16:30:46Z,25.1,-92.75,8.23,196
2020-10-28T16:30:47Z,25.1,-92.75,8.23,196
2020-10-28T16:30:48Z,25.1,-92.75,8.23,196
2020-10-28T16:30:49Z,25.1,-92.75,8.23,196
2020-10-28T16:30:50Z,25.1,-92.75,8.23,196
2020-10-28T16:30:51Z,25.1,-92.77,8.24,196
2020-10-28T16:30:52Z,25.1,-92.75,8.23,196
2020-10-28T16:30:53Z,25.1,-92.77,8.24,196
2020-10-28T16:30:54Z,25.1,-92.77,8.24,196
2020-10-28T16:30:55Z,25.1,-92.77,8.24,196
2020-10-28T16:30:56Z,25.1,-92.77,8.24,196
2020-10-28T16:30:57Z,25.1,-92.77,8.24,196
2020-10-28T16:30:58Z,25.1,-92.77,8.24,196
2020-10-28T16:30:59Z,25.1,-92.77,8.24,196
2020-10-28T16:31:00Z,25.1,-92.77,8.24,196
2020-10-28T16:31:01Z,25.1,-92.75,8.23,196
2020-10-28T16:31:02Z,25.1,-92.77,8.24,196
2020-10-28T16:31:03Z,25.1,-92.78,8.24,196
2020-10-28T16:31:04Z,25.1,-92.72,8.23,196
2020-10-28T16:31:05Z,25.1,-92.77,8.24,196
2020-10-28T16:31:06Z,25.1,-92.75,8.23,196
2020-10-28T16:31:07Z,25.1,-92.75,8.23,196
2020-10-28T16:31:08Z,25.1,-92.77,8.24,196
2020-10-28T16:31:09Z,25.1,-92.75,8.23,196
2020-10-28T16:31:10Z,25.1,-92.75,8.23,196
2020-10-28T16:31:11Z,25.1,-92.77,8.24,196
2020-10-28T16:31:12Z,25.1,-92.77,8.24,196
2020-10-28T16:31:13Z,25.1,-92.75,8.23,196
2020-10-28T16:31:14Z,25.1,-92.75,8.23,196
2020-10-28T16:31:15Z,25.1,-92.77,8.24,196
2020-10-28T16:31:16Z,25.1,-92.77,8.24,196
2020-10-28T16:31:17Z,25.1,-92.77,8.24,196
2020-10-28T16:31:18Z,25.1,-92.77,8.24,196
2020-10-28T16:31:19Z,25.1,-92.77,8.24,196
2020-10-28T16:31:20Z,25.1,-92.74,8.23,196
2020-10-28T16:31:21Z,25.1,-92.78,8.24,196
2020-10-28T16:31:22Z,25.1,-92.78,8.24,196
2020-10-28T16:31:23Z,25.1,-92.77,8.24,196
2020-10-28T16:31:24Z,25.1,-92.77,8.24,196
2020-10-28T16:31:25Z,25.1,-92.78,8.24,196
2020-10-28T16:31:26Z,25.1,-92.77,8.24,196
2020-10-28T16:31:27Z,25.1,-92.77,8.24,196
2020-10-28T16:31:28Z,25.1,-92.78,8.24,196
2020-10-28T16:31:29Z,25.1,-92.78,8.24,196
2020-10-28T16:31:30Z,25.1,-92.78,8.24,196
2020-10-28T16:31:31Z,25.1,-92.78,8.24,196
2020-10-28T16:31:32Z,25.1,-92.77,8.24,196
2020-10-28T16:31:33Z,25.1,-92.78,8.24,196
2020-10-28T16:31:34Z,25.1,-92.78,8.24,196
2020-10-28T16:31:35Z,25.1,-92.78,8.24,196
2020-10-28T16:31:36Z,25.1,-92.77,8.24,196
2020-10-28T16:31:37Z,25.1,-92.78,8.24,196
2020-10-28T16:31:38Z,25.1,-92.77,8.24,196
2020-10-28T16:31:39Z,25.1,-92.78,8.24,196
2020-10-28T16:31:40Z,25.1,-92.78,8.24,196
2020-10-28T16:31:41Z,25.1,-92.78,8.24,196
2020-10-28T16:31:42Z,25.1,-92.78,8.24,196
2020-10-28T16:31:43Z,25.1,-92.78,8.24,196
2020-10-28T16:31:44Z,25.1,-92.78,8.24,196
2020-10-28T16:31:45Z,25.1,-92.78,8.24,196
2020-10-28T16:31:46Z,25.1,-92.77,8.24,196
2020-10-28T16:31:47Z,25.1,-92.78,8.24,196
2020-10-28T16:31:48Z,25.1,-92.78,8.24,196
2020-10-28T16:31:49Z,25.1,-92.78,8.24,196
2020-10-28T16:31:50Z,25.1,-92.78,8.24,196
2020-10-28T16:31:51Z,25.1,-92.78,8.24,196
2020-10-28T16:31:52Z,25.1,-92.78,8.24,196
2020-10-28T16:31:53Z,25.1,-92.78,8.24,196
2020-10-28T16:31:54Z,25.1,-92.78,8.24,196
2020-10-28T16:31:55Z,25.1,-92.78,8.24,196
2020-10-28T16:31:56Z,25.1,-92.78,8.24,196
2020-10-28T16:31:57Z,25.1,-92.78,8.24,196
2020-10-28T16:31:58Z,25.1,-92.78,8.24,196
2020-10-28T16:31:59Z,25.1,-92.78,8.24,196
2020-10-28T16:32:00Z,25.1,-92.78,8.24,196
2020-10-28T16:32:01Z,25.1,-92.78,8.24,196
2020-10-28T16:32:02Z,25.1,-92.78,8.24,196
2020-10-28T16:32:03Z,25.1,-92.78,8.24,196
2020-10-28T16:32:04Z,25.1,-92.8,8.24,196
2020-10-28T16:32:05Z,25.1,-92.78,8.24,196
2020-10-28T16:32:06Z,25.1,-92.78,8.24,196
2020-10-28T16:32:07Z,25.1,-92.8,8.24,196
2020-10-28T16:32:08Z,25.1,-92.78,8.24,196
2020-10-28T16:32:09Z,25.1,-92.8,8.24,196
2020-10-28T16:32:10Z,25.1,-92.8,8.24,196
2020-10-28T16:32:11Z,25.1,-92.8,8.24,196
2020-10-28T16:32:12Z,25.1,-92.78,8.24,196
2020-10-28T16:32:13Z,25.1,-92.78,8.24,196
2020-10-28T16:32:14Z,25.1,-92.8,8.24,196
2020-10-28T16:32:15Z,25.1,-92.8,8.24,196
2020-10-28T16:32:16Z,25.1,-92.78,8.24,196
2020-10-28T16:32:17Z,25.1,-92.8,8.24,196
2020-10-28T16:32:18Z,25.1,-92.8,8.24,196
2020-10-28T16:32:19Z,25.1,-92.78,8.24,196
2020-10-28T16:32:20Z,25.1,-92.8,8.24,196
2020-10-28T16:32:21Z,25.1,-92.8,8.24,196
2020-10-28T16:32:22Z,25.1,-92.8,8.24,196
2020-10-28T16:32:23Z,25.1,-92.8,8.24,196
2020-10-28T16:32:24Z,25.1,-92.78,8.24,196
2020-10-28T16:32:25Z,25.1,-92.8,8.24,196
2020-10-28T16:32:26Z,25.1,-92.8,8.24,196
2020-10-28T16:32:27Z,25.1,-92.8,8.24,196
2020-10-28T16:32:28Z,25.1,-92.8,8.24,196
2020-10-28T16:32:29Z,25.1,-92.8,8.24,196
2020-10-28T16:32:30Z,25.1,-92.8,8.24,196
2020-10-28T16:32:31Z,25.1,-92.8,8.24,196
2020-10-28T16:32:32Z,25.1,-92.8,8.24,196
2020-10-28T16:32:33Z,25.1,-92.8,8.24,196
2020-10-28T16:32:34Z,25.1,-92.8,8.24,196
2020-10-28T16:32:35Z,25.1,-92.8,8.24,196
2020-10-28T16:32:36Z,25.1,-92.8,8.24,196
2020-10-28T16:32:37Z,25.1,-92.8,8.24,196
2020-10-28T16:32:38Z,25.1,-92.8,8.24,196
2020-10-28T16:32:39Z,25.1,-92.8,8.24,196
2020-10-28T16:32:40Z,25.1,-92.8,8.24,196
2020-10-28T16:32:41Z,25.1,-92.82,8.24,196
2020-10-28T16:32:42Z,25.1,-92.8,8.24,196
2020-10-28T16:32:43Z,25.1,-92.8,8.24,196
2020-10-28T16:32:44Z,25.1,-92.8,8.24,196
2020-10-28T16:32:45Z,25.1,-92.8,8.24,196
2020-10-28T16:32:46Z,25.1,-92.8,8.24,196
2020-10-28T16:32:47Z,25.1,-92.8,8.24,196
2020-10-28T16:32:48Z,25.1,-92.8,8.24,196
2020-10-28T16:32:49Z,25.1,-92.8,8.24,196
2020-10-28T16:32:50Z,25.1,-92.88,8.24,196
2020-10-28T16:32:51Z,25.1,-92.83,8.24,196
2020-10-28T16:32:52Z,25.1,-92.82,8.24,196
2020-10-28T16:32:53Z,25.1,-92.82,8.24,196
2020-10-28T16:32:54Z,25.1,-92.8,8.24,196
2020-10-28T16:32:55Z,25.1,-92.82,8.24,196
2020-10-28T16:32:56Z,25.1,-92.8,8.24,196
2020-10-28T16:32:57Z,25.1,-92.82,8.24,196
2020-10-28T16:32:58Z,25.1,-92.78,8.24,196
2020-10-28T16:32:59Z,25.1,-94.32,8.26,196
2020-10-28T16:33:00Z,25.1,-93.03,8.24,196
2020-10-28T16:33:01Z,25.1,-92.88,8.24,196
2020-10-28T16:33:02Z,25.1,-92.85,8.24,196
2020-10-28T16:33:03Z,25.1,-92.83,8.24,196
2020-10-28T16:33:04Z,25.1,-92.78,8.24,196
2020-10-28T16:33:05Z,25.1,-92.8,8.24,196
2020-10-28T16:33:06Z,25.1,-92.82,8.24,196
2020-10-28T16:33:07Z,25.1,-92.8,8.24,196
2020-10-28T16:33:08Z,25.1,-92.82,8.24,196
2020-10-28T16:33:09Z,25.1,-92.82,8.24,196
2020-10-28T16:33:10Z,25.1,-94,8.26,196
2020-10-28T16:33:11Z,25.1,-93,8.24,196
2020-10-28T16:33:12Z,25.1,-92.89,8.24,196
2020-10-28T16:33:13Z,25.1,-92.89,8.24,196
2020-10-28T16:33:14Z,25.1,-92.86,8.24,196
2020-10-28T16:33:15Z,25.1,-94.47,8.26,196
2020-10-28T16:33:16Z,25.1,-93.32,8.24,196
2020-10-28T16:33:17Z,25.1,-92.97,8.24,196
2020-10-28T16:33:18Z,25.1,-92.89,8.24,196
2020-10-28T16:33:19Z,25.1,-92.86,8.24,196
2020-10-28T16:33:20Z,25.1,-92.85,8.24,196
2020-10-28T16:33:21Z,25.1,-92.83,8.24,196
2020-10-28T16:33:22Z,25.1,-92.83,8.24,196
2020-10-28T16:33:23Z,25.1,-92.82,8.24,196
2020-10-28T16:33:24Z,25.1,-92.85,8.24,196
2020-10-28T16:33:25Z,25.1,-92.89,8.24,196
2020-10-28T16:33:26Z,25.1,-94.24,8.26,196
2020-10-28T16:33:27Z,25.1,-93.05,8.24,196
2020-10-28T16:33:28Z,25.1,-92.91,8.24,196
2020-10-28T16:33:29Z,25.1,-92.88,8.24,196
2020-10-28T16:33:30Z,25.1,-92.86,8.24,196
2020-10-28T16:33:31Z,25.1,-94.49,8.26,196
2020-10-28T16:33:32Z,25.1,-93.25,8.24,196
2020-10-28T16:33:33Z,25.1,-92.96,8.24,196
2020-10-28T16:33:34Z,25.1,-92.88,8.24,196
2020-10-28T16:33:35Z,25.1,-92.86,8.24,196
2020-10-28T16:33:36Z,25.1,-92.85,8.24,196
2020-10-28T16:33:37Z,25.1,-93.41,8.25,196
2020-10-28T16:33:38Z,25.1,-92.99,8.24,196
2020-10-28T16:33:39Z,25.1,-92.89,8.24,196
2020-10-28T16:33:40Z,25.1,-92.88,8.24,196
2020-10-28T16:33:41Z,25.1,-92.86,8.24,196
2020-10-28T16:33:42Z,25.1,-94.6,8.27,196
2020-10-28T16:33:43Z,25.1,-93.08,8.24,196
2020-10-28T16:33:44Z,25.1,-92.92,8.24,196
2020-10-28T16:33:45Z,25.1,-92.88,8.24,196
2020-10-28T16:33:46Z,25.1,-92.86,8.24,196
2020-10-28T16:33:47Z,25.1,-92.85,8.24,196
2020-10-28T16:33:48Z,25.1,-92.83,8.24,196
2020-10-28T16:33:49Z,25.1,-92.85,8.24,196
2020-10-28T16:33:50Z,25.1,-92.83,8.24,196
2020-10-28T16:33:51Z,25.1,-92.83,8.24,196
2020-10-28T16:33:52Z,25.1,-92.83,8.24,196
2020-10-28T16:33:53Z,25.1,-93.61,8.25,196
2020-10-28T16:33:54Z,25.1,-93,8.24,196
2020-10-28T16:33:55Z,25.1,-92.94,8.24,196
2020-10-28T16:33:56Z,25.1,-92.88,8.24,196
2020-10-28T16:33:57Z,25.1,-92.86,8.24,196
2020-10-28T16:33:58Z,25.1,-94.6,8.27,196
2020-10-28T16:33:59Z,25.1,-93.08,8.24,196
2020-10-28T16:34:00Z,25.1,-92.92,8.24,196
2020-10-28T16:34:01Z,25.1,-92.88,8.24,196
2020-10-28T16:34:02Z,25.1,-92.86,8.24,196
2020-10-28T16:34:03Z,25.1,-92.85,8.24,196
2020-10-28T16:34:04Z,25.1,-92.92,8.24,196
2020-10-28T16:34:05Z,25.1,-92.86,8.24,196
2020-10-28T16:34:06Z,25.1,-92.85,8.24,196
2020-10-28T16:34:07Z,25.1,-92.85,8.24,196
2020-10-28T16:34:08Z,25.1,-92.85,8.24,196
2020-10-28T16:34:09Z,25.1,-93.71,8.25,196
2020-10-28T16:34:10Z,25.1,-93.02,8.24,196
2020-10-28T16:34:11Z,25.1,-92.92,8.24,196
2020-10-28T16:34:12Z,25.1,-92.88,8.24,196
2020-10-28T16:34:13Z,25.1,-92.86,8.24,196
2020-10-28T16:34:14Z,25.1,-94.47,8.26,196
2020-10-28T16:34:15Z,25.1,-93.3,8.24,196
2020-10-28T16:34:16Z,25.1,-92.97,8.24,196
2020-10-28T16:34:17Z,25.1,-92.91,8.24,196
2020-10-28T16:34:18Z,25.1,-92.88,8.24,196
2020-10-28T16:34:19Z,25.1,-92.86,8.24,196
2020-10-28T16:34:20Z,25.1,-92.85,8.24,196
2020-10-28T16:34:21Z,25.1,-92.85,8.24,196
2020-10-28T16:34:22Z,25.1,-92.86,8.24,196
2020-10-28T16:34:23Z,25.1,-92.85,8.24,196
2020-10-28T16:34:24Z,25.1,-92.85,8.24,196
2020-10-28T16:34:25Z,25.1,-94.53,8.27,196
2020-10-28T16:34:26Z,25.1,-93.16,8.24,196
2020-10-28T16:34:27Z,25.1,-92.94,8.24,196
2020-10-28T16:34:28Z,25.1,-92.89,8.24,196
2020-10-28T16:34:29Z,25.1,-92.86,8.24,196
2020-10-28T16:34:30Z,25.1,-92.85,8.24,196
2020-10-28T16:34:31Z,25.1,-93.66,8.25,196
2020-10-28T16:34:32Z,25.1,-93.07,8.24,196
2020-10-28T16:34:33Z,25.1,-92.96,8.24,196
2020-10-28T16:34:34Z,25.1,-92.91,8.24,196
2020-10-28T16:34:35Z,25.1,-92.89,8.24,196
2020-10-28T16:34:36Z,25.1,-94.58,8.27,196
2020-10-28T16:34:37Z,25.1,-93.13,8.24,196
2020-10-28T16:34:38Z,25.1,-92.96,8.24,196
2020-10-28T16:34:39Z,25.1,-92.91,8.24,196
2020-10-28T16:34:40Z,25.1,-92.85,8.24,196
2020-10-28T16:34:41Z,25.1,-92.85,8.24,196
2020-10-28T16:34:42Z,25.1,-92.85,8.24,196
2020-10-28T16:34:43Z,25.1,-92.85,8.24,196
2020-10-28T16:34:44Z,25.1,-92.85,8.24,196
2020-10-28T16:34:45Z,25.1,-92.85,8.24,196
2020-10-28T16:34:46Z,25.1,-92.85,8.24,196
2020-10-28T16:34:47Z,25.1,-93.88,8.25,196
2020-10-28T16:34:48Z,25.1,-93.03,8.24,196
2020-10-28T16:34:49Z,25.1,-92.92,8.24,196
2020-10-28T16:34:50Z,25.1,-92.89,8.24,196
2020-10-28T16:34:51Z,25.1,-92.86,8.24,196
2020-10-28T16:34:52Z,25.1,-92.86,8.24,196
2020-10-28T16:34:53Z,25.1,-92.86,8.24,196
2020-10-28T16:34:54Z,25.1,-92.85,8.24,196
2020-10-28T16:34:55Z,25.1,-92.85,8.24,196
2020-10-28T16:34:56Z,25.1,-92.85,8.24,196
2020-10-28T16:34:57Z,25.1,-92.85,8.24,196
2020-10-28T16:34:58Z,25.1,-92.85,8.24,196
2020-10-28T16:34:59Z,25.1,-92.85,8.24,196
2020-10-28T16:35:00Z,25.1,-92.85,8.24,196
2020-10-28T16:35:01Z,25.1,-92.85,8.24,196
2020-10-28T16:35:02Z,25.1,-92.85,8.24,196
2020-10-28T16:35:03Z,25.1,-92.85,8.24,196
2020-10-28T16:35:04Z,25.1,-92.85,8.24,196
2020-10-28T16:35:05Z,25.1,-92.85,8.24,196
2020-10-28T16:35:06Z,25.1,-92.85,8.24,196
2020-10-28T16:35:07Z,25.1,-92.85,8.24,196
2020-10-28T16:35:08Z,25.1,-92.85,8.24,196
2020-10-28T16:35:09Z,25.1,-92.85,8.24,196
2020-10-28T16:35:10Z,25.1,-92.85,8.24,196
2020-10-28T16:35:11Z,25.1,-92.85,8.24,196
2020-10-28T16:35:12Z,25.1,-92.85,8.24,196
2020-10-28T16:35:13Z,25.1,-92.85,8.24,196
2020-10-28T16:35:14Z,25.1,-92.85,8.24,196
2020-10-28T16:35:15Z,25.1,-92.85,8.24,196
2020-10-28T16:35:16Z,25.1,-92.85,8.24,196
2020-10-28T16:35:17Z,25.1,-92.85,8.24,196
2020-10-28T16:35:18Z,25.1,-92.85,8.24,196
2020-10-28T16:35:19Z,25.1,-92.85,8.24,196
2020-10-28T16:35:20Z,25.1,-92.85,8.24,196
2020-10-28T16:35:21Z,25.1,-92.85,8.24,196
2020-10-28T16:35:22Z,25.1,-92.85,8.24,196
2020-10-28T16:35:23Z,25.1,-92.85,8.24,196
2020-10-28T16:35:24Z,25.1,-92.85,8.24,196
2020-10-28T16:35:25Z,25.1,-92.85,8.24,196
2020-10-28T16:35:26Z,25.1,-92.85,8.24,196
2020-10-28T16:35:27Z,25.1,-92.85,8.24,196
2020-10-28T16:35:28Z,25.1,-92.85,8.24,196
2020-10-28T16:35:29Z,25.1,-92.86,8.24,196
2020-10-28T16:35:30Z,25.1,-92.85,8.24,196
2020-10-28T16:35:31Z,25.1,-92.85,8.24,196
2020-10-28T16:35:32Z,25.1,-92.86,8.24,196
2020-10-28T16:35:33Z,25.1,-92.85,8.24,196
2020-10-28T16:35:34Z,25.1,-92.85,8.24,196
2020-10-28T16:35:35Z,25.1,-92.86,8.24,196
2020-10-28T16:35:36Z,25.1,-92.86,8.24,196
2020-10-28T16:35:37Z,25.1,-92.85,8.24,196
2020-10-28T16:35:38Z,25.1,-92.85,8.24,196
2020-10-28T16:35:39Z,25.1,-92.85,8.24,196
2020-10-28T16:35:40Z,25.1,-92.85,8.24,196
2020-10-28T16:35:41Z,25.1,-92.86,8.24,196
2020-10-28T16:35:42Z,25.1,-92.86,8.24,196
2020-10-28T16:35:43Z,25.1,-92.86,8.24,196
2020-10-28T16:35:44Z,25.1,-92.86,8.24,196
2020-10-28T16:35:45Z,25.1,-92.85,8.24,196
2020-10-28T16:35:46Z,25.1,-92.85,8.24,196
2020-10-28T16:35:47Z,25.1,-92.85,8.24,196
2020-10-28T16:35:48Z,25.1,-92.86,8.24,196
2020-10-28T16:35:49Z,25.1,-92.85,8.24,196
2020-10-28T16:35:50Z,25.1,-92.86,8.24,196
2020-10-28T16:35:51Z,25.1,-92.85,8.24,196
2020-10-28T16:35:52Z,25.1,-92.86,8.24,196
2020-10-28T16:35:53Z,25.1,-92.85,8.24,196
2020-10-28T16:35:54Z,25.1,-92.85,8.24,196
2020-10-28T16:35:55Z,25.1,-92.85,8.24,196
2020-10-28T16:35:56Z,25.1,-92.85,8.24,196
2020-10-28T16:35:57Z,25.1,-92.86,8.24,196
2020-10-28T16:35:58Z,25.1,-92.86,8.24,196
2020-10-28T16:35:59Z,25.1,-92.85,8.24,196
2020-10-28T16:36:00Z,25.1,-92.86,8.24,196
2020-10-28T16:36:01Z,25.13,-92.86,8.24,196
2020-10-28T16:36:02Z,25.13,-92.85,8.24,196
2020-10-28T16:36:03Z,25.13,-92.85,8.24,196
2020-10-28T16:36:04Z,25.13,-92.86,8.24,196
2020-10-28T16:36:05Z,25.13,-92.86,8.24,196
2020-10-28T16:36:06Z,25.13,-92.86,8.24,196
2020-10-28T16:36:07Z,25.13,-92.85,8.24,196
2020-10-28T16:36:08Z,25.13,-92.85,8.24,196
2020-10-28T16:36:09Z,25.13,-92.86,8.24,196
2020-10-28T16:36:10Z,25.13,-92.86,8.24,196
2020-10-28T16:36:11Z,25.13,-92.86,8.24,196
2020-10-28T16:36:12Z,25.13,-92.85,8.24,196
2020-10-28T16:36:13Z,25.13,-92.85,8.24,196
2020-10-28T16:36:14Z,25.13,-92.86,8.24,196
2020-10-28T16:36:15Z,25.13,-92.85,8.24,196
2020-10-28T16:36:16Z,25.13,-92.85,8.24,196
2020-10-28T16:36:17Z,25.13,-92.85,8.24,196
2020-10-28T16:36:18Z,25.13,-92.85,8.24,196
2020-10-28T16:36:19Z,25.13,-92.86,8.24,196
2020-10-28T16:36:20Z,25.13,-92.86,8.24,196
2020-10-28T16:36:21Z,25.13,-92.86,8.24,196
2020-10-28T16:36:22Z,25.15,-92.85,8.24,196
2020-10-28T16:36:23Z,25.15,-92.85,8.24,196
2020-10-28T16:36:24Z,25.15,-92.86,8.24,196
2020-10-28T16:36:25Z,25.15,-92.86,8.24,196
2020-10-28T16:36:26Z,25.15,-92.86,8.24,196
2020-10-28T16:36:27Z,25.15,-92.85,8.24,196
2020-10-28T16:36:28Z,25.15,-92.85,8.24,196
2020-10-28T16:36:29Z,25.15,-92.86,8.24,196
2020-10-28T16:36:30Z,25.15,-92.86,8.24,196
2020-10-28T16:36:31Z,25.15,-92.86,8.24,196
2020-10-28T16:36:32Z,25.15,-92.86,8.24,196
2020-10-28T16:36:33Z,25.15,-92.85,8.24,196
2020-10-28T16:36:34Z,25.15,-92.86,8.24,196
2020-10-28T16:36:35Z,25.15,-92.85,8.24,196
2020-10-28T16:36:36Z,25.15,-92.86,8.24,196
2020-10-28T16:36:37Z,25.15,-92.86,8.24,196
2020-10-28T16:36:38Z,25.15,-92.86,8.24,196
2020-10-28T16:36:39Z,25.15,-92.85,8.24,196
2020-10-28T16:36:40Z,25.17,-92.86,8.24,196
2020-10-28T16:36:41Z,25.17,-92.86,8.24,196
2020-10-28T16:36:42Z,25.17,-92.86,8.24,196
2020-10-28T16:36:43Z,25.17,-92.86,8.24,196
2020-10-28T16:36:44Z,25.17,-92.88,8.24,196
2020-10-28T16:36:45Z,25.17,-92.86,8.24,196
2020-10-28T16:36:46Z,25.17,-92.86,8.24,196
2020-10-28T16:36:47Z,25.17,-92.86,8.24,196
2020-10-28T16:36:48Z,25.17,-92.86,8.24,196
2020-10-28T16:36:49Z,25.17,-92.86,8.24,196
2020-10-28T16:36:50Z,25.17,-92.85,8.24,196
2020-10-28T16:36:51Z,25.17,-92.85,8.24,196
2020-10-28T16:36:52Z,25.17,-92.85,8.24,196
2020-10-28T16:36:53Z,25.17,-92.85,8.24,196
2020-10-28T16:36:54Z,25.17,-92.83,8.24,196
2020-10-28T16:36:55Z,25.17,-92.83,8.24,196
2020-10-28T16:36:56Z,25.17,-92.83,8.24,196
2020-10-28T16:36:57Z,25.17,-92.83,8.24,196
2020-10-28T16:36:58Z,25.17,-92.83,8.24,196
2020-10-28T16:36:59Z,25.17,-92.83,8.24,196
2020-10-28T16:37:00Z,25.17,-92.83,8.24,196
2020-10-28T16:37:01Z,25.17,-92.83,8.24,196
2020-10-28T16:37:02Z,25.17,-92.82,8.24,196
2020-10-28T16:37:03Z,25.17,-92.82,8.24,196
2020-10-28T16:37:04Z,25.17,-92.82,8.24,196
2020-10-28T16:37:05Z,25.17,-92.82,8.24,196
2020-10-28T16:37:06Z,25.17,-92.8,8.24,196
2020-10-28T16:37:07Z,25.17,-92.8,8.24,196
2020-10-28T16:37:08Z,25.17,-92.8,8.24,196
2020-10-28T16:37:09Z,25.17,-92.78,8.24,196
2020-10-28T16:37:10Z,25.17,-92.78,8.24,196
2020-10-28T16:37:11Z,25.2,-92.78,8.24,196
2020-10-28T16:37:12Z,25.2,-92.78,8.24,196
2020-10-28T16:37:13Z,25.2,-92.78,8.24,196
2020-10-28T16:37:14Z,25.2,-92.78,8.24,196
2020-10-28T16:37:15Z,25.2,-92.77,8.23,196
2020-10-28T16:37:16Z,25.2,-92.77,8.23,196
2020-10-28T16:37:17Z,25.2,-92.77,8.23,196
2020-10-28T16:37:18Z,25.2,-92.77,8.23,196
2020-10-28T16:37:19Z,25.2,-92.75,8.23,196
2020-10-28T16:37:20Z,25.2,-92.75,8.23,196
2020-10-28T16:37:21Z,25.2,-92.75,8.23,196
2020-10-28T16:37:22Z,25.2,-92.75,8.23,196
2020-10-28T16:37:23Z,25.2,-92.74,8.23,196
2020-10-28T16:37:24Z,25.2,-92.75,8.23,196
2020-10-28T16:37:25Z,25.2,-92.74,8.23,196
2020-10-28T16:37:26Z,25.2,-92.74,8.23,196
2020-10-28T16:37:27Z,25.2,-92.74,8.23,196
2020-10-28T16:37:28Z,25.2,-92.74,8.23,196
2020-10-28T16:37:29Z,25.2,-92.74,8.23,196
2020-10-28T16:37:30Z,25.2,-92.74,8.23,196
2020-10-28T16:37:31Z,25.2,-92.72,8.23,196
2020-10-28T16:37:32Z,25.2,-92.72,8.23,196
2020-10-28T16:37:33Z,25.2,-92.72,8.23,196
2020-10-28T16:37:34Z,25.2,-92.72,8.23,196
2020-10-28T16:37:35Z,25.2,-92.72,8.23,196
2020-10-28T16:37:36Z,25.2,-92.71,8.23,196
2020-10-28T16:37:37Z,25.2,-92.72,8.23,196
2020-10-28T16:37:38Z,25.2,-92.71,8.23,196
2020-10-28T16:37:39Z,25.2,-92.71,8.23,196
2020-10-28T16:37:40Z,25.2,-92.71,8.23,196
2020-10-28T16:37:41Z,25.2,-92.71,8.23,196
2020-10-28T16:37:42Z,25.2,-92.71,8.23,196
2020-10-28T16:37:43Z,25.2,-92.71,8.23,196
2020-10-28T16:37:44Z,25.2,-92.71,8.23,196
2020-10-28T16:37:45Z,25.2,-92.71,8.23,196
2020-10-28T16:37:46Z,25.2,-92.71,8.23,196
2020-10-28T16:37:47Z,25.2,-92.71,8.23,196
2020-10-28T16:37:48Z,25.2,-92.71,8.23,196
2020-10-28T16:37:49Z,25.2,-92.71,8.23,196
2020-10-28T16:37:50Z,25.2,-92.69,8.23,196
2020-10-28T16:37:51Z,25.2,-92.69,8.23,196
2020-10-28T16:37:52Z,25.2,-92.69,8.23,196
2020-10-28T16:37:53Z,25.2,-92.71,8.23,196
2020-10-28T16:37:54Z,25.2,-92.69,8.23,196
2020-10-28T16:37:55Z,25.2,-92.69,8.23,196
2020-10-28T16:37:56Z,25.2,-92.69,8.23,196
2020-10-28T16:37:57Z,25.2,-92.69,8.23,196
2020-10-28T16:37:58Z,25.2,-92.69,8.23,196
2020-10-28T16:37:59Z,25.22,-92.67,8.23,196
2020-10-28T16:38:00Z,25.22,-92.69,8.23,196
2020-10-28T16:38:01Z,25.22,-92.67,8.23,196
2020-10-28T16:38:02Z,25.22,-92.67,8.23,196
2020-10-28T16:38:03Z,25.22,-92.67,8.23,196
2020-10-28T16:38:04Z,25.22,-92.67,8.23,196
2020-10-28T16:38:05Z,25.22,-92.67,8.23,196
2020-10-28T16:38:06Z,25.22,-92.67,8.23,196
2020-10-28T16:38:07Z,25.22,-92.66,8.23,196
2020-10-28T16:38:08Z,25.22,-92.66,8.23,196
2020-10-28T16:38:09Z,25.22,-92.67,8.23,196
2020-10-28T16:38:10Z,25.22,-92.66,8.23,196
2020-10-28T16:38:11Z,25.22,-92.66,8.23,196
2020-10-28T16:38:12Z,25.22,-92.66,8.23,196
2020-10-28T16:38:13Z,25.22,-92.66,8.23,196
2020-10-28T16:38:14Z,25.22,-92.66,8.23,196
2020-10-28T16:38:15Z,25.22,-92.66,8.23,196
2020-10-28T16:38:16Z,25.22,-92.66,8.23,196
2020-10-28T16:38:17Z,25.22,-92.66,8.23,196
2020-10-28T16:38:18Z,25.22,-92.66,8.23,196
2020-10-28T16:38:19Z,25.22,-92.66,8.23,196
2020-10-28T16:38:20Z,25.22,-92.64,8.23,196
2020-10-28T16:38:21Z,25.22,-92.64,8.23,196
2020-10-28T16:38:22Z,25.22,-92.64,8.23,196
2020-10-28T16:38:23Z,25.22,-92.64,8.23,196
2020-10-28T16:38:24Z,25.25,-92.64,8.23,196
2020-10-28T16:38:25Z,25.25,-92.64,8.23,196
2020-10-28T16:38:26Z,25.25,-92.64,8.23,196
2020-10-28T16:38:27Z,25.25,-92.64,8.23,196
2020-10-28T16:38:28Z,25.25,-92.64,8.23,196
2020-10-28T16:38:29Z,25.25,-92.64,8.23,196
2020-10-28T16:38:30Z,25.25,-92.64,8.23,196
2020-10-28T16:38:31Z,25.25,-92.64,8.23,196
2020-10-28T16:38:32Z,25.25,-92.64,8.23,196
2020-10-28T16:38:33Z,25.25,-92.64,8.23,196
2020-10-28T16:38:34Z,25.25,-92.64,8.23,196
2020-10-28T16:38:35Z,25.25,-92.64,8.23,196
2020-10-28T16:38:36Z,25.25,-92.64,8.23,196
2020-10-28T16:38:37Z,25.25,-92.64,8.23,196
2020-10-28T16:38:38Z,25.25,-92.64,8.23,196
2020-10-28T16:38:39Z,25.25,-92.64,8.23,196
2020-10-28T16:38:40Z,25.27,-92.63,8.23,196
2020-10-28T16:38:41Z,25.27,-92.63,8.23,196
2020-10-28T16:38:42Z,25.27,-92.63,8.23,196
2020-10-28T16:38:43Z,25.27,-92.63,8.23,196
2020-10-28T16:38:44Z,25.27,-92.63,8.23,196
2020-10-28T16:38:45Z,25.27,-92.63,8.23,196
2020-10-28T16:38:46Z,25.27,-92.63,8.23,196
2020-10-28T16:38:47Z,25.27,-92.63,8.23,196
2020-10-28T16:38:48Z,25.27,-92.63,8.23,196
2020-10-28T16:38:49Z,25.27,-92.63,8.23,196
2020-10-28T16:38:50Z,25.27,-92.63,8.23,196
2020-10-28T16:38:51Z,25.27,-92.63,8.23,196
2020-10-28T16:38:52Z,25.27,-92.63,8.23,196
2020-10-28T16:38:53Z,25.27,-92.63,8.23,196
2020-10-28T16:38:54Z,25.27,-92.63,8.23,196
2020-10-28T16:38:55Z,25.27,-92.63,8.23,196
2020-10-28T16:38:56Z,25.29,-92.63,8.23,196
2020-10-28T16:38:57Z,25.29,-92.63,8.23,196
2020-10-28T16:38:58Z,25.29,-92.63,8.23,196
2020-10-28T16:38:59Z,25.29,-92.63,8.23,196
2020-10-28T16:39:00Z,25.29,-92.63,8.23,196
2020-10-28T16:39:01Z,25.29,-92.63,8.23,196
2020-10-28T16:39:02Z,25.29,-92.63,8.23,196
2020-10-28T16:39:03Z,25.29,-92.63,8.23,196
2020-10-28T16:39:04Z,25.29,-92.63,8.23,196
2020-10-28T16:39:05Z,25.29,-92.63,8.23,196
2020-10-28T16:39:06Z,25.29,-92.63,8.23,196
2020-10-28T16:39:07Z,25.29,-92.63,8.23,196
2020-10-28T16:39:08Z,25.29,-92.63,8.23,196
2020-10-28T16:39:09Z,25.29,-92.63,8.23,196
2020-10-28T16:39:10Z,25.29,-92.63,8.23,196
2020-10-28T16:39:11Z,25.29,-92.63,8.23,196
2020-10-28T16:39:12Z,25.32,-92.63,8.23,196
2020-10-28T16:39:13Z,25.32,-92.63,8.23,196
2020-10-28T16:39:14Z,25.32,-92.63,8.23,196
2020-10-28T16:39:15Z,25.32,-92.63,8.23,196
2020-10-28T16:39:16Z,25.32,-92.63,8.23,196
2020-10-28T16:39:17Z,25.32,-92.63,8.23,196
2020-10-28T16:39:18Z,25.32,-92.63,8.23,196
2020-10-28T16:39:19Z,25.32,-92.63,8.23,196
2020-10-28T16:39:20Z,25.32,-92.63,8.23,196
2020-10-28T16:39:21Z,25.32,-92.63,8.23,196
2020-10-28T16:39:22Z,25.32,-92.63,8.23,196
2020-10-28T16:39:23Z,25.32,-92.63,8.23,196
2020-10-28T16:39:24Z,25.32,-92.63,8.23,196
2020-10-28T16:39:25Z,25.32,-92.63,8.23,196
2020-10-28T16:39:26Z,25.32,-92.63,8.23,196
2020-10-28T16:39:27Z,25.32,-92.63,8.23,196
2020-10-28T16:39:28Z,25.32,-92.63,8.23,196
2020-10-28T16:39:29Z,25.34,-92.63,8.23,196
2020-10-28T16:39:30Z,25.34,-92.61,8.23,196
2020-10-28T16:39:31Z,25.34,-92.61,8.23,196
2020-10-28T16:39:32Z,25.34,-92.61,8.23,196
2020-10-28T16:39:33Z,25.34,-92.61,8.23,196
2020-10-28T16:39:34Z,25.34,-92.63,8.23,196
2020-10-28T16:39:35Z,25.34,-92.63,8.23,196
2020-10-28T16:39:36Z,25.34,-92.63,8.23,196
2020-10-28T16:39:37Z,25.34,-92.63,8.23,196
2020-10-28T16:39:38Z,25.34,-92.63,8.23,196
2020-10-28T16:39:39Z,25.34,-92.63,8.23,196
2020-10-28T16:39:40Z,25.34,-92.61,8.23,196
2020-10-28T16:39:41Z,25.34,-92.63,8.23,196
2020-10-28T16:39:42Z,25.34,-92.61,8.23,196
2020-10-28T16:39:43Z,25.34,-92.63,8.23,196
2020-10-28T16:39:44Z,25.34,-92.61,8.23,196
2020-10-28T16:39:45Z,25.34,-92.61,8.23,196
2020-10-28T16:39:46Z,25.37,-92.63,8.23,196
2020-10-28T16:39:47Z,25.37,-92.61,8.23,196
2020-10-28T16:39:48Z,25.37,-92.61,8.23,196
2020-10-28T16:39:49Z,25.37,-92.61,8.23,196
2020-10-28T16:39:50Z,25.37,-92.61,8.23,196
2020-10-28T16:39:51Z,25.37,-92.61,8.23,196
2020-10-28T16:39:52Z,25.37,-92.61,8.23,196
2020-10-28T16:39:53Z,25.37,-92.61,8.23,196
2020-10-28T16:39:54Z,25.37,-92.61,8.23,196
2020-10-28T16:39:55Z,25.37,-92.61,8.23,196
2020-10-28T16:39:56Z,25.37,-92.61,8.23,196
2020-10-28T16:39:57Z,25.37,-92.61,8.23,196
2020-10-28T16:39:58Z,25.37,-92.61,8.23,196
2020-10-28T16:39:59Z,25.37,-92.61,8.23,196
2020-10-28T16:40:00Z,25.37,-92.61,8.23,196
2020-10-28T16:40:01Z,25.37,-92.61,8.23,196
2020-10-28T16:40:02Z,25.37,-92.61,8.23,196
2020-10-28T16:40:03Z,25.39,-92.61,8.23,196
2020-10-28T16:40:04Z,25.39,-92.61,8.23,196
2020-10-28T16:40:05Z,25.39,-92.61,8.23,196
2020-10-28T16:40:06Z,25.39,-92.61,8.23,196
2020-10-28T16:40:07Z,25.39,-92.61,8.23,196
2020-10-28T16:40:08Z,25.39,-92.6,8.23,196
2020-10-28T16:40:09Z,25.39,-92.61,8.23,196
2020-10-28T16:40:10Z,25.39,-92.61,8.23,196
2020-10-28T16:40:11Z,25.39,-92.61,8.23,196
2020-10-28T16:40:12Z,25.39,-92.61,8.23,196
2020-10-28T16:40:13Z,25.39,-92.61,8.23,196
2020-10-28T16:40:14Z,25.39,-92.6,8.23,196
2020-10-28T16:40:15Z,25.39,-92.6,8.23,196
2020-10-28T16:40:16Z,25.39,-92.61,8.23,196
2020-10-28T16:40:17Z,25.39,-92.61,8.23,196
2020-10-28T16:40:18Z,25.39,-92.6,8.23,196
2020-10-28T16:40:19Z,25.39,-92.6,8.23,196
2020-10-28T16:40:20Z,25.42,-92.61,8.23,196
2020-10-28T16:40:21Z,25.42,-92.61,8.23,196
2020-10-28T16:40:22Z,25.42,-92.61,8.23,196
2020-10-28T16:40:23Z,25.42,-92.61,8.23,196
2020-10-28T16:40:24Z,25.42,-92.6,8.23,196
2020-10-28T16:40:25Z,25.42,-92.6,8.23,196
2020-10-28T16:40:26Z,25.42,-92.67,8.23,196
2020-10-28T16:40:27Z,25.42,-92.63,8.23,196
2020-10-28T16:40:28Z,25.42,-92.61,8.23,196
2020-10-28T16:40:29Z,25.42,-92.61,8.23,196
2020-10-28T16:40:30Z,25.42,-92.61,8.23,196
2020-10-28T16:40:31Z,25.42,-92.61,8.23,196
2020-10-28T16:40:32Z,25.42,-92.6,8.23,196
2020-10-28T16:40:33Z,25.42,-92.6,8.23,196
2020-10-28T16:40:34Z,25.42,-92.6,8.23,196
2020-10-28T16:40:35Z,25.42,-92.6,8.23,196
2020-10-28T16:40:36Z,25.42,-93.17,8.24,196
2020-10-28T16:40:37Z,25.44,-92.75,8.23,196
2020-10-28T16:40:38Z,25.44,-92.67,8.23,196
2020-10-28T16:40:39Z,25.44,-92.64,8.23,196
2020-10-28T16:40:40Z,25.44,-92.63,8.23,196
2020-10-28T16:40:41Z,25.44,-92.63,8.23,196
2020-10-28T16:40:42Z,25.44,-92.61,8.23,196
2020-10-28T16:40:43Z,25.44,-92.61,8.23,196
2020-10-28T16:40:44Z,25.44,-92.61,8.23,196
2020-10-28T16:40:45Z,25.44,-92.61,8.23,196
2020-10-28T16:40:46Z,25.44,-92.61,8.23,196
2020-10-28T16:40:47Z,25.44,-92.6,8.23,196
2020-10-28T16:40:48Z,25.44,-92.6,8.23,196
2020-10-28T16:40:49Z,25.44,-92.6,8.23,196
2020-10-28T16:40:50Z,25.44,-92.6,8.23,196
2020-10-28T16:40:51Z,25.44,-92.6,8.23,196
2020-10-28T16:40:52Z,25.44,-92.6,8.23,196
2020-10-28T16:40:53Z,25.44,-92.6,8.23,196
2020-10-28T16:40:54Z,25.46,-92.6,8.23,196
2020-10-28T16:40:55Z,25.46,-92.6,8.23,196
2020-10-28T16:40:56Z,25.46,-92.6,8.23,196
2020-10-28T16:40:57Z,25.46,-92.6,8.23,196
2020-10-28T16:40:58Z,25.46,-92.6,8.23,196
2020-10-28T16:40:59Z,25.46,-92.6,8.23,196
2020-10-28T16:41:00Z,25.46,-92.6,8.23,196
2020-10-28T16:41:01Z,25.46,-92.6,8.23,196
2020-10-28T16:41:02Z,25.46,-92.6,8.23,196
2020-10-28T16:41:03Z,25.46,-92.6,8.23,196
2020-10-28T16:41:04Z,25.46,-92.6,8.23,196
2020-10-28T16:41:05Z,25.46,-92.6,8.23,196
2020-10-28T16:41:06Z,25.46,-92.6,8.23,196
2020-10-28T16:41:07Z,25.46,-92.6,8.23,196
2020-10-28T16:41:08Z,25.46,-92.6,8.23,196
2020-10-28T16:41:09Z,25.46,-92.6,8.23,196
2020-10-28T16:41:10Z,25.46,-92.6,8.23,196
2020-10-28T16:41:11Z,25.46,-92.6,8.23,196
2020-10-28T16:41:12Z,25.46,-92.6,8.23,196
2020-10-28T16:41:13Z,25.49,-92.58,8.23,196
2020-10-28T16:41:14Z,25.49,-92.6,8.23,196
2020-10-28T16:41:15Z,25.49,-92.6,8.23,196
2020-10-28T16:41:16Z,25.49,-92.6,8.23,196
2020-10-28T16:41:17Z,25.49,-92.6,8.23,196
2020-10-28T16:41:18Z,25.49,-92.6,8.23,196
2020-10-28T16:41:19Z,25.49,-92.58,8.23,196
2020-10-28T16:41:20Z,25.49,-92.58,8.23,196
2020-10-28T16:41:21Z,25.49,-92.6,8.23,196
2020-10-28T16:41:22Z,25.49,-92.58,8.23,196
2020-10-28T16:41:23Z,25.49,-92.58,8.23,196
2020-10-28T16:41:24Z,25.49,-92.6,8.23,196
2020-10-28T16:41:25Z,25.49,-92.6,8.23,196
2020-10-28T16:41:26Z,25.49,-92.58,8.23,196
2020-10-28T16:41:27Z,25.49,-92.58,8.23,196
2020-10-28T16:41:28Z,25.49,-92.6,8.23,196
2020-10-28T16:41:29Z,25.49,-92.58,8.23,196
2020-10-28T16:41:30Z,25.49,-92.58,8.23,196
2020-10-28T16:41:31Z,25.49,-92.58,8.23,196
2020-10-28T16:41:32Z,25.51,-92.58,8.23,196
2020-10-28T16:41:33Z,25.51,-92.58,8.23,196
2020-10-28T16:41:34Z,25.51,-92.58,8.23,196
2020-10-28T16:41:35Z,25.51,-92.58,8.23,196
2020-10-28T16:41:36Z,25.51,-92.58,8.23,196
2020-10-28T16:41:37Z,25.51,-92.58,8.23,196
2020-10-28T16:41:38Z,25.51,-92.58,8.23,196
2020-10-28T16:41:39Z,25.51,-92.58,8.23,196
2020-10-28T16:41:40Z,25.51,-92.58,8.23,196
2020-10-28T16:41:41Z,25.51,-92.58,8.23,196
2020-10-28T16:41:42Z,25.51,-92.58,8.23,196
2020-10-28T16:41:43Z,25.51,-92.58,8.23,196
2020-10-28T16:41:44Z,25.51,-92.58,8.23,196
2020-10-28T16:41:45Z,25.51,-92.58,8.23,196
2020-10-28T16:41:46Z,25.51,-92.58,8.23,196
2020-10-28T16:41:47Z,25.51,-92.58,8.23,196
2020-10-28T16:41:48Z,25.51,-92.57,8.23,196
2020-10-28T16:41:49Z,25.51,-92.58,8.23,196
2020-10-28T16:41:50Z,25.51,-92.57,8.23,196
2020-10-28T16:41:51Z,25.51,-92.57,8.23,196
2020-10-28T16:41:52Z,25.51,-92.58,8.23,196
2020-10-28T16:41:53Z,25.54,-92.57,8.23,196
2020-10-28T16:41:54Z,25.54,-92.58,8.23,196
2020-10-28T16:41:55Z,25.54,-92.57,8.23,196
2020-10-28T16:41:56Z,25.54,-92.58,8.23,196
2020-10-28T16:41:57Z,25.54,-92.57,8.23,196
2020-10-28T16:41:58Z,25.54,-92.57,8.23,196
2020-10-28T16:41:59Z,25.54,-92.57,8.23,196
2020-10-28T16:42:00Z,25.54,-92.57,8.23,196
2020-10-28T16:42:01Z,25.54,-92.57,8.23,196
2020-10-28T16:42:02Z,25.54,-92.57,8.23,196
2020-10-28T16:42:03Z,25.54,-92.57,8.23,196
2020-10-28T16:42:04Z,25.54,-92.57,8.23,196
2020-10-28T16:42:05Z,25.54,-92.57,8.23,196
2020-10-28T16:42:06Z,25.54,-92.57,8.23,196
2020-10-28T16:42:07Z,25.54,-92.57,8.23,196
2020-10-28T16:42:08Z,25.54,-92.57,8.23,196
2020-10-28T16:42:09Z,25.54,-92.57,8.23,196
2020-10-28T16:42:10Z,25.54,-92.57,8.23,196
2020-10-28T16:42:11Z,25.54,-92.57,8.23,196
2020-10-28T16:42:12Z,25.54,-92.57,8.23,196
2020-10-28T16:42:13Z,25.54,-92.57,8.23,196
2020-10-28T16:42:14Z,25.54,-92.57,8.23,196
2020-10-28T16:42:15Z,25.54,-92.57,8.23,196
2020-10-28T16:42:16Z,25.56,-92.57,8.23,196
2020-10-28T16:42:17Z,25.56,-92.57,8.23,196
2020-10-28T16:42:18Z,25.56,-92.57,8.23,196
2020-10-28T16:42:19Z,25.56,-92.57,8.23,196
2020-10-28T16:42:20Z,25.56,-92.57,8.23,196
2020-10-28T16:42:21Z,25.56,-92.57,8.23,196
2020-10-28T16:42:22Z,25.56,-92.55,8.23,196
2020-10-28T16:42:23Z,25.56,-92.55,8.23,196
2020-10-28T16:42:24Z,25.56,-92.55,8.23,196
2020-10-28T16:42:25Z,25.56,-92.55,8.23,196
2020-10-28T16:42:26Z,25.56,-92.55,8.23,196
2020-10-28T16:42:27Z,25.56,-92.55,8.23,196
2020-10-28T16:42:28Z,25.56,-92.55,8.23,196
2020-10-28T16:42:29Z,25.56,-92.55,8.23,196
2020-10-28T16:42:30Z,25.56,-92.55,8.23,196
2020-10-28T16:42:31Z,25.56,-92.55,8.23,196
2020-10-28T16:42:32Z,25.56,-92.55,8.23,196
2020-10-28T16:42:33Z,25.56,-92.57,8.23,196
2020-10-28T16:42:34Z,25.56,-92.55,8.23,196
2020-10-28T16:42:35Z,25.56,-92.57,8.23,196
2020-10-28T16:42:36Z,25.56,-92.55,8.23,196
2020-10-28T16:42:37Z,25.56,-92.55,8.23,196
2020-10-28T16:42:38Z,25.56,-92.55,8.23,196
2020-10-28T16:42:39Z,25.56,-92.55,8.23,196
2020-10-28T16:42:40Z,25.56,-92.55,8.23,196
2020-10-28T16:42:41Z,25.56,-92.55,8.23,196
2020-10-28T16:42:42Z,25.59,-92.55,8.23,196
2020-10-28T16:42:43Z,25.59,-92.55,8.23,196
2020-10-28T16:42:44Z,25.59,-92.55,8.23,196
2020-10-28T16:42:45Z,25.59,-92.53,8.23,196
2020-10-28T16:42:46Z,25.59,-92.55,8.23,196
2020-10-28T16:42:47Z,25.59,-92.55,8.23,196
2020-10-28T16:42:48Z,25.59,-92.53,8.23,196
2020-10-28T16:42:49Z,25.59,-92.53,8.23,196
2020-10-28T16:42:50Z,25.59,-92.55,8.23,196
2020-10-28T16:42:51Z,25.59,-92.53,8.23,196
2020-10-28T16:42:52Z,25.59,-92.55,8.23,196
2020-10-28T16:42:53Z,25.59,-92.53,8.23,196
2020-10-28T16:42:54Z,25.59,-92.55,8.23,196
2020-10-28T16:42:55Z,25.59,-92.53,8.23,196
2020-10-28T16:42:56Z,25.59,-92.53,8.23,196
2020-10-28T16:42:57Z,25.59,-92.53,8.23,196
2020-10-28T16:42:58Z,25.59,-92.53,8.23,196
2020-10-28T16:42:59Z,25.59,-92.53,8.23,196
2020-10-28T16:43:00Z,25.59,-92.53,8.23,196
2020-10-28T16:43:01Z,25.59,-92.53,8.23,196
2020-10-28T16:43:02Z,25.59,-92.53,8.23,196
2020-10-28T16:43:03Z,25.59,-92.53,8.23,196
2020-10-28T16:43:04Z,25.59,-92.53,8.23,196
2020-10-28T16:43:05Z,25.59,-92.53,8.23,196
2020-10-28T16:43:06Z,25.59,-92.53,8.23,196
2020-10-28T16:43:07Z,25.59,-92.53,8.23,196
2020-10-28T16:43:08Z,25.59,-92.53,8.23,196
2020-10-28T16:43:09Z,25.59,-92.53,8.23,196
2020-10-28T16:43:10Z,25.59,-92.53,8.23,196
2020-10-28T16:43:11Z,25.61,-92.53,8.23,196
2020-10-28T16:43:12Z,25.61,-92.53,8.23,196
2020-10-28T16:43:13Z,25.61,-92.52,8.23,196
2020-10-28T16:43:14Z,25.61,-92.53,8.23,196
2020-10-28T16:43:15Z,25.61,-92.53,8.23,196
2020-10-28T16:43:16Z,25.61,-92.52,8.23,196
2020-10-28T16:43:17Z,25.61,-92.53,8.23,196
2020-10-28T16:43:18Z,25.61,-92.52,8.23,196
2020-10-28T16:43:19Z,25.61,-92.52,8.23,196
2020-10-28T16:43:20Z,25.61,-92.53,8.23,196
2020-10-28T16:43:21Z,25.61,-92.53,8.23,196
2020-10-28T16:43:22Z,25.61,-92.52,8.23,196
2020-10-28T16:43:23Z,25.61,-92.52,8.23,196
2020-10-28T16:43:24Z,25.61,-92.53,8.23,196
2020-10-28T16:43:25Z,25.61,-92.53,8.23,196
2020-10-28T16:43:26Z,25.61,-92.52,8.23,196
2020-10-28T16:43:27Z,25.61,-92.52,8.23,196
2020-10-28T16:43:28Z,25.61,-92.52,8.23,196
2020-10-28T16:43:29Z,25.61,-92.52,8.23,196
2020-10-28T16:43:30Z,25.61,-92.52,8.23,196
2020-10-28T16:43:31Z,25.61,-92.52,8.23,196
2020-10-28T16:43:32Z,25.61,-92.52,8.23,196
2020-10-28T16:43:33Z,25.61,-92.52,8.23,196
2020-10-28T16:43:34Z,25.61,-92.52,8.23,196
2020-10-28T16:43:35Z,25.61,-92.52,8.23,196
2020-10-28T16:43:36Z,25.61,-92.52,8.23,196
2020-10-28T16:43:37Z,25.61,-92.52,8.23,196
2020-10-28T16:43:38Z,25.61,-92.52,8.23,196
2020-10-28T16:43:39Z,25.61,-92.52,8.23,196
2020-10-28T16:43:40Z,25.61,-92.52,8.23,196
2020-10-28T16:43:41Z,25.61,-92.52,8.23,196
2020-10-28T16:43:42Z,25.63,-92.52,8.23,196
2020-10-28T16:43:43Z,25.63,-92.52,8.23,196
2020-10-28T16:43:44Z,25.63,-92.52,8.23,196
2020-10-28T16:43:45Z,25.63,-92.52,8.23,196
2020-10-28T16:43:46Z,25.63,-92.52,8.23,196
2020-10-28T16:43:47Z,25.63,-92.52,8.23,196
2020-10-28T16:43:48Z,25.63,-92.52,8.23,196
2020-10-28T16:43:49Z,25.63,-92.5,8.23,196
2020-10-28T16:43:50Z,25.63,-92.5,8.23,196
2020-10-28T16:43:51Z,25.63,-92.5,8.23,196
2020-10-28T16:43:52Z,25.63,-92.5,8.23,196
2020-10-28T16:43:53Z,25.63,-92.5,8.23,196
2020-10-28T16:43:54Z,25.63,-92.5,8.23,196
2020-10-28T16:43:55Z,25.63,-92.5,8.23,196
2020-10-28T16:43:56Z,25.63,-92.5,8.23,196
2020-10-28T16:43:57Z,25.63,-92.5,8.23,196
2020-10-28T16:43:58Z,25.63,-92.5,8.23,196
2020-10-28T16:43:59Z,25.63,-92.5,8.23,196
2020-10-28T16:44:00Z,25.63,-92.5,8.23,196
2020-10-28T16:44:01Z,25.63,-92.5,8.23,196
2020-10-28T16:44:02Z,25.63,-92.5,8.23,196
2020-10-28T16:44:03Z,25.63,-92.5,8.23,196
2020-10-28T16:44:04Z,25.63,-92.5,8.23,196
2020-10-28T16:44:05Z,25.63,-92.5,8.23,196
2020-10-28T16:44:06Z,25.63,-92.5,8.23,196
2020-10-28T16:44:07Z,25.63,-92.5,8.23,196
2020-10-28T16:44:08Z,25.63,-92.5,8.23,196
2020-10-28T16:44:09Z,25.63,-92.5,8.23,196
2020-10-28T16:44:10Z,25.63,-92.49,8.23,196
2020-10-28T16:44:11Z,25.63,-92.5,8.23,196
2020-10-28T16:44:12Z,25.63,-92.5,8.23,196
2020-10-28T16:44:13Z,25.63,-92.5,8.23,196
2020-10-28T16:44:14Z,25.63,-92.5,8.23,196
2020-10-28T16:44:15Z,25.63,-92.5,8.23,196
2020-10-28T16:44:16Z,25.63,-92.49,8.23,196
2020-10-28T16:44:17Z,25.63,-92.5,8.23,196
2020-10-28T16:44:18Z,25.66,-92.49,8.23,196
2020-10-28T16:44:19Z,25.66,-92.49,8.23,196
2020-10-28T16:44:20Z,25.66,-92.49,8.23,196
2020-10-28T16:44:21Z,25.66,-92.49,8.23,196
2020-10-28T16:44:22Z,25.66,-92.49,8.23,196
2020-10-28T16:44:23Z,25.66,-92.49,8.23,196
2020-10-28T16:44:24Z,25.66,-92.49,8.23,196
2020-10-28T16:44:25Z,25.66,-92.49,8.23,196
2020-10-28T16:44:26Z,25.66,-92.49,8.23,196
2020-10-28T16:44:27Z,25.66,-92.49,8.23,196
2020-10-28T16:44:28Z,25.66,-92.49,8.23,196
2020-10-28T16:44:29Z,25.66,-92.49,8.23,196
2020-10-28T16:44:30Z,25.66,-92.49,8.23,196
2020-10-28T16:44:31Z,25.66,-92.49,8.23,196
2020-10-28T16:44:32Z,25.66,-92.49,8.23,196
2020-10-28T16:44:33Z,25.66,-92.49,8.23,196
2020-10-28T16:44:34Z,25.66,-92.49,8.23,196
2020-10-28T16:44:35Z,25.66,-92.49,8.23,196
2020-10-28T16:44:36Z,25.66,-92.49,8.23,196
2020-10-28T16:44:37Z,25.66,-92.49,8.23,196
2020-10-28T16:44:38Z,25.66,-92.49,8.23,196
2020-10-28T16:44:39Z,25.66,-92.49,8.23,196
2020-10-28T16:44:40Z,25.66,-92.49,8.23,196
2020-10-28T16:44:41Z,25.66,-92.49,8.23,196
2020-10-28T16:44:42Z,25.66,-92.47,8.23,196
2020-10-28T16:44:43Z,25.66,-92.47,8.23,196
2020-10-28T16:44:44Z,25.66,-92.49,8.23,196
2020-10-28T16:44:45Z,25.66,-92.49,8.23,196
2020-10-28T16:44:46Z,25.66,-92.49,8.23,196
2020-10-28T16:44:47Z,25.66,-92.49,8.23,196
2020-10-28T16:44:48Z,25.66,-92.49,8.23,196
2020-10-28T16:44:49Z,25.66,-92.46,8.23,196
2020-10-28T16:44:50Z,25.66,-92.46,8.23,196
2020-10-28T16:44:51Z,25.66,-92.52,8.23,196
2020-10-28T16:44:52Z,25.66,-92.49,8.23,196
2020-10-28T16:44:53Z,25.66,-92.47,8.23,196
2020-10-28T16:44:54Z,25.66,-92.47,8.23,196
2020-10-28T16:44:55Z,25.66,-92.47,8.23,196
2020-10-28T16:44:56Z,25.68,-101.63,8.38,196
2020-10-28T16:44:57Z,25.68,-92.36,8.23,196
2020-10-28T16:44:58Z,25.68,-92.42,8.23,196
2020-10-28T16:44:59Z,25.68,-92.42,8.23,196
2020-10-28T16:45:00Z,25.68,-92.42,8.23,196
2020-10-28T16:45:01Z,25.68,-92.42,8.23,196
2020-10-28T16:45:02Z,25.68,-92.42,8.23,196
2020-10-28T16:45:03Z,25.68,-92.42,8.23,196
2020-10-28T16:45:04Z,25.68,-92.42,8.23,196
2020-10-28T16:45:05Z,25.68,-92.42,8.23,196
2020-10-28T16:45:06Z,25.68,-92.42,8.23,196
2020-10-28T16:45:07Z,25.68,-92.42,8.23,196
2020-10-28T16:45:08Z,25.68,-92.44,8.23,196
2020-10-28T16:45:09Z,25.68,-92.42,8.23,196
2020-10-28T16:45:10Z,25.68,-92.44,8.23,196
2020-10-28T16:45:11Z,25.68,-92.44,8.23,196
2020-10-28T16:45:12Z,25.68,-92.44,8.23,196
2020-10-28T16:45:13Z,25.68,-92.44,8.23,196
2020-10-28T16:45:14Z,25.68,-92.44,8.23,196
2020-10-28T16:45:15Z,25.68,-92.44,8.23,196
2020-10-28T16:45:16Z,25.68,-92.44,8.23,196
2020-10-28T16:45:17Z,25.68,-92.44,8.23,196
2020-10-28T16:45:18Z,25.68,-92.44,8.23,196
2020-10-28T16:45:19Z,25.68,-92.44,8.23,196
2020-10-28T16:45:20Z,25.68,-92.44,8.23,196
2020-10-28T16:45:21Z,25.68,-92.44,8.23,196
2020-10-28T16:45:22Z,25.68,-92.44,8.23,196
2020-10-28T16:45:23Z,25.68,-92.44,8.23,196
2020-10-28T16:45:24Z,25.68,-92.44,8.23,196
2020-10-28T16:45:25Z,25.68,-92.44,8.23,196
2020-10-28T16:45:26Z,25.68,-92.44,8.23,196
2020-10-28T16:45:27Z,25.68,-92.44,8.23,196
2020-10-28T16:45:28Z,25.68,-92.44,8.23,196
2020-10-28T16:45:29Z,25.68,-92.44,8.23,196
2020-10-28T16:45:30Z,25.68,-92.44,8.23,196
2020-10-28T16:45:31Z,25.68,-92.44,8.23,196
2020-10-28T16:45:32Z,25.68,-92.44,8.23,196
2020-10-28T16:45:33Z,25.68,-92.44,8.23,196
2020-10-28T16:45:34Z,25.71,-92.44,8.23,196
2020-10-28T16:45:35Z,25.71,-92.44,8.23,196
2020-10-28T16:45:36Z,25.71,-92.44,8.23,196
2020-10-28T16:45:37Z,25.71,-92.42,8.23,196
2020-10-28T16:45:38Z,25.71,-92.44,8.23,196
2020-10-28T16:45:39Z,25.71,-92.44,8.23,196
2020-10-28T16:45:40Z,25.71,-92.44,8.23,196
2020-10-28T16:45:41Z,25.71,-92.42,8.23,196
2020-10-28T16:45:42Z,25.71,-92.44,8.23,196
2020-10-28T16:45:43Z,25.71,-92.44,8.23,196
2020-10-28T16:45:44Z,25.71,-92.44,8.23,196
2020-10-28T16:45:45Z,25.71,-92.44,8.23,196
2020-10-28T16:45:46Z,25.71,-92.44,8.23,196
2020-10-28T16:45:47Z,25.71,-92.44,8.23,196
2020-10-28T16:45:48Z,25.71,-92.44,8.23,196
2020-10-28T16:45:49Z,25.71,-92.44,8.23,196
2020-10-28T16:45:50Z,25.71,-92.44,8.23,196
2020-10-28T16:45:51Z,25.71,-92.44,8.23,196
2020-10-28T16:45:52Z,25.71,-92.44,8.23,196
2020-10-28T16:45:53Z,25.71,-92.42,8.23,196
2020-10-28T16:45:54Z,25.71,-92.42,8.23,196
2020-10-28T16:45:55Z,25.71,-92.42,8.23,196
2020-10-28T16:45:56Z,25.71,-92.42,8.23,196
2020-10-28T16:45:57Z,25.71,-92.42,8.23,196
2020-10-28T16:45:58Z,25.71,-92.42,8.23,196
2020-10-28T16:45:59Z,25.71,-92.42,8.23,196
2020-10-28T16:46:00Z,25.71,-92.42,8.23,196
2020-10-28T16:46:01Z,25.71,-92.42,8.23,196
2020-10-28T16:46:02Z,25.71,-92.42,8.23,196
2020-10-28T16:46:03Z,25.71,-92.42,8.23,196
2020-10-28T16:46:04Z,25.71,-92.42,8.23,196
2020-10-28T16:46:05Z,25.71,-92.42,8.23,196
2020-10-28T16:46:06Z,25.71,-92.42,8.23,196
2020-10-28T16:46:07Z,25.71,-92.42,8.23,196
2020-10-28T16:46:08Z,25.71,-92.42,8.23,196
2020-10-28T16:46:09Z,25.71,-92.5,8.23,196
2020-10-28T16:46:10Z,25.71,-92.46,8.23,196
2020-10-28T16:46:11Z,25.71,-92.44,8.23,196
2020-10-28T16:46:12Z,25.71,-92.42,8.23,196
2020-10-28T16:46:13Z,25.71,-92.42,8.23,196
2020-10-28T16:46:14Z,25.71,-92.42,8.23,196
2020-10-28T16:46:15Z,25.71,-92.42,8.23,196
2020-10-28T16:46:16Z,25.71,-92.42,8.23,196
2020-10-28T16:46:17Z,25.71,-92.42,8.23,196
2020-10-28T16:46:18Z,25.71,-92.42,8.23,196
2020-10-28T16:46:19Z,25.73,-92.41,8.23,196
2020-10-28T16:46:20Z,25.73,-92.42,8.23,196
2020-10-28T16:46:21Z,25.73,-92.41,8.23,196
2020-10-28T16:46:22Z,25.73,-92.42,8.23,196
2020-10-28T16:46:23Z,25.73,-92.42,8.23,196
2020-10-28T16:46:24Z,25.73,-92.42,8.23,196
2020-10-28T16:46:25Z,25.73,-92.42,8.23,196
2020-10-28T16:46:26Z,25.73,-92.42,8.23,196
2020-10-28T16:46:27Z,25.73,-92.41,8.23,196
2020-10-28T16:46:28Z,25.73,-92.41,8.23,196
2020-10-28T16:46:29Z,25.73,-92.41,8.23,196
2020-10-28T16:46:30Z,25.73,-92.41,8.23,196
2020-10-28T16:46:31Z,25.73,-92.41,8.23,196
2020-10-28T16:46:32Z,25.73,-92.41,8.23,196
2020-10-28T16:46:33Z,25.73,-92.41,8.23,196
2020-10-28T16:46:34Z,25.73,-92.41,8.23,196
2020-10-28T16:46:35Z,25.73,-92.41,8.23,196
2020-10-28T16:46:36Z,25.73,-92.41,8.23,196
2020-10-28T16:46:37Z,25.73,-92.41,8.23,196
2020-10-28T16:46:38Z,25.73,-92.41,8.23,196
2020-10-28T16:46:39Z,25.73,-92.41,8.23,196
2020-10-28T16:46:40Z,25.73,-92.41,8.23,196
2020-10-28T16:46:41Z,25.73,-92.41,8.23,196
2020-10-28T16:46:42Z,25.73,-92.42,8.23,196
2020-10-28T16:46:43Z,25.73,-92.42,8.23,196
2020-10-28T16:46:44Z,25.73,-92.41,8.23,196
2020-10-28T16:46:45Z,25.73,-92.41,8.23,196
2020-10-28T16:46:46Z,25.73,-92.41,8.23,196
2020-10-28T16:46:47Z,25.73,-92.41,8.23,196
2020-10-28T16:46:48Z,25.73,-92.41,8.23,196
2020-10-28T16:46:49Z,25.73,-92.41,8.23,196
2020-10-28T16:46:50Z,25.73,-92.41,8.23,196
2020-10-28T16:46:51Z,25.73,-92.41,8.23,196
2020-10-28T16:46:52Z,25.73,-92.41,8.23,196
2020-10-28T16:46:53Z,25.73,-92.41,8.23,196
2020-10-28T16:46:54Z,25.73,-92.39,8.23,196
2020-10-28T16:46:55Z,25.73,-92.41,8.23,196
2020-10-28T16:46:56Z,25.73,-92.39,8.23,196
2020-10-28T16:46:57Z,25.73,-92.39,8.23,196
2020-10-28T16:46:58Z,25.73,-92.39,8.23,196
2020-10-28T16:46:59Z,25.73,-92.39,8.23,196
2020-10-28T16:47:00Z,25.73,-92.39,8.23,196
2020-10-28T16:47:01Z,25.73,-92.39,8.23,196
2020-10-28T16:47:02Z,25.73,-92.39,8.23,196
2020-10-28T16:47:03Z,25.73,-92.39,8.23,196
2020-10-28T16:47:04Z,25.73,-92.39,8.23,196
2020-10-28T16:47:05Z,25.73,-92.39,8.23,196
2020-10-28T16:47:06Z,25.76,-92.39,8.23,196
2020-10-28T16:47:07Z,25.76,-92.39,8.23,196
2020-10-28T16:47:08Z,25.76,-92.39,8.23,196
2020-10-28T16:47:09Z,25.76,-92.39,8.23,196
2020-10-28T16:47:10Z,25.76,-92.39,8.23,196
2020-10-28T16:47:11Z,25.76,-92.39,8.23,196
2020-10-28T16:47:12Z,25.76,-92.39,8.23,196
2020-10-28T16:47:13Z,25.76,-92.39,8.23,196
2020-10-28T16:47:14Z,25.76,-92.39,8.23,196
2020-10-28T16:47:15Z,25.76,-92.39,8.23,196
2020-10-28T16:47:16Z,25.76,-92.36,8.23,196
2020-10-28T16:47:17Z,25.76,-92.38,8.23,196
2020-10-28T16:47:18Z,25.76,-92.39,8.23,196
2020-10-28T16:47:19Z,25.76,-92.39,8.23,196
2020-10-28T16:47:20Z,25.76,-92.39,8.23,196
2020-10-28T16:47:21Z,25.76,-92.38,8.23,196
2020-10-28T16:47:22Z,25.76,-92.38,8.23,196
2020-10-28T16:47:23Z,25.76,-92.39,8.23,196
2020-10-28T16:47:24Z,25.76,-92.39,8.23,196
2020-10-28T16:47:25Z,25.76,-92.38,8.23,196
2020-10-28T16:47:26Z,25.76,-92.38,8.23,196
2020-10-28T16:47:27Z,25.76,-92.38,8.23,196
2020-10-28T16:47:28Z,25.76,-92.38,8.23,196
2020-10-28T16:47:29Z,25.76,-92.38,8.23,196
2020-10-28T16:47:30Z,25.76,-92.38,8.23,196
2020-10-28T16:47:31Z,25.76,-92.38,8.23,196
2020-10-28T16:47:32Z,25.76,-92.38,8.23,196
2020-10-28T16:47:33Z,25.76,-92.38,8.23,196
2020-10-28T16:47:34Z,25.76,-92.38,8.23,196
2020-10-28T16:47:35Z,25.76,-92.38,8.23,196
2020-10-28T16:47:36Z,25.76,-92.38,8.23,196
2020-10-28T16:47:37Z,25.76,-92.38,8.23,196
2020-10-28T16:47:38Z,25.76,-92.38,8.23,196
2020-10-28T16:47:39Z,25.76,-92.38,8.23,196
2020-10-28T16:47:40Z,25.76,-92.38,8.23,196
2020-10-28T16:47:41Z,25.76,-92.38,8.23,196
2020-10-28T16:47:42Z,25.76,-92.38,8.23,196
2020-10-28T16:47:43Z,25.76,-92.38,8.23,196
2020-10-28T16:47:44Z,25.76,-92.36,8.23,196
2020-10-28T16:47:45Z,25.76,-92.36,8.23,196
2020-10-28T16:47:46Z,25.76,-92.36,8.23,196
2020-10-28T16:47:47Z,25.76,-92.38,8.23,196
2020-10-28T16:47:48Z,25.76,-92.38,8.23,196
2020-10-28T16:47:49Z,25.76,-92.36,8.23,196
2020-10-28T16:47:50Z,25.76,-92.36,8.23,196
2020-10-28T16:47:51Z,25.76,-92.36,8.23,196
2020-10-28T16:47:52Z,25.76,-92.36,8.23,196
2020-10-28T16:47:53Z,25.76,-92.36,8.23,196
2020-10-28T16:47:54Z,25.76,-92.36,8.23,196
2020-10-28T16:47:55Z,25.78,-92.36,8.23,196
2020-10-28T16:47:56Z,25.78,-92.36,8.23,196
2020-10-28T16:47:57Z,25.78,-92.36,8.23,196
2020-10-28T16:47:58Z,25.78,-92.36,8.23,196
2020-10-28T16:47:59Z,25.78,-92.36,8.23,196
2020-10-28T16:48:00Z,25.78,-92.36,8.23,196
2020-10-28T16:48:01Z,25.78,-92.36,8.23,196
2020-10-28T16:48:02Z,25.78,-92.36,8.23,196
2020-10-28T16:48:03Z,25.78,-92.36,8.23,196
2020-10-28T16:48:04Z,25.78,-92.36,8.23,196
2020-10-28T16:48:05Z,25.78,-92.36,8.23,196
2020-10-28T16:48:06Z,25.78,-92.36,8.23,196
2020-10-28T16:48:07Z,25.78,-92.35,8.23,196
2020-10-28T16:48:08Z,25.78,-92.36,8.23,196
2020-10-28T16:48:09Z,25.78,-92.36,8.23,196
2020-10-28T16:48:10Z,25.78,-92.35,8.23,196
2020-10-28T16:48:11Z,25.78,-92.35,8.23,196
2020-10-28T16:48:12Z,25.78,-92.36,8.23,196
2020-10-28T16:48:13Z,25.78,-92.36,8.23,196
2020-10-28T16:48:14Z,25.78,-92.35,8.23,196
2020-10-28T16:48:15Z,25.78,-92.35,8.23,196
2020-10-28T16:48:16Z,25.78,-92.35,8.23,196
2020-10-28T16:48:17Z,25.78,-92.35,8.23,196
2020-10-28T16:48:18Z,25.78,-92.35,8.23,196
2020-10-28T16:48:19Z,25.78,-92.35,8.23,196
2020-10-28T16:48:20Z,25.78,-92.35,8.23,196
2020-10-28T16:48:21Z,25.78,-92.35,8.23,196
2020-10-28T16:48:22Z,25.78,-92.35,8.23,196
2020-10-28T16:48:23Z,25.78,-92.35,8.23,196
2020-10-28T16:48:24Z,25.78,-92.35,8.23,196
2020-10-28T16:48:25Z,25.78,-92.35,8.23,196
2020-10-28T16:48:26Z,25.78,-92.35,8.23,196
2020-10-28T16:48:27Z,25.78,-92.35,8.23,196
2020-10-28T16:48:28Z,25.78,-92.35,8.23,196
2020-10-28T16:48:29Z,25.78,-92.35,8.23,196
2020-10-28T16:48:30Z,25.78,-92.33,8.22,196
2020-10-28T16:48:31Z,25.78,-92.35,8.23,196
2020-10-28T16:48:32Z,25.78,-92.33,8.22,196
2020-10-28T16:48:33Z,25.78,-92.35,8.23,196
2020-10-28T16:48:34Z,25.78,-92.3,8.22,196
2020-10-28T16:48:35Z,25.78,-92.33,8.22,196
2020-10-28T16:48:36Z,25.78,-92.33,8.22,196
2020-10-28T16:48:37Z,25.78,-92.33,8.22,196
2020-10-28T16:48:38Z,25.78,-92.35,8.23,196
2020-10-28T16:48:39Z,25.78,-92.33,8.22,196
2020-10-28T16:48:40Z,25.78,-92.33,8.22,196
2020-10-28T16:48:41Z,25.78,-92.33,8.22,196
2020-10-28T16:48:42Z,25.78,-92.33,8.22,196
2020-10-28T16:48:43Z,25.78,-92.33,8.22,196
2020-10-28T16:48:44Z,25.78,-92.33,8.22,196
2020-10-28T16:48:45Z,25.78,-92.33,8.22,196
2020-10-28T16:48:46Z,25.78,-92.33,8.22,196
2020-10-28T16:48:47Z,25.81,-92.33,8.22,196
2020-10-28T16:48:48Z,25.81,-92.33,8.22,196
2020-10-28T16:48:49Z,25.81,-92.33,8.22,196
2020-10-28T16:48:50Z,25.81,-92.33,8.22,196
2020-10-28T16:48:51Z,25.81,-92.33,8.22,196
2020-10-28T16:48:52Z,25.81,-92.32,8.22,196
2020-10-28T16:48:53Z,25.81,-92.33,8.22,196
2020-10-28T16:48:54Z,25.81,-92.33,8.22,196
2020-10-28T16:48:55Z,25.81,-92.33,8.22,196
2020-10-28T16:48:56Z,25.81,-92.33,8.22,196
2020-10-28T16:48:57Z,25.81,-92.33,8.22,196
2020-10-28T16:48:58Z,25.81,-92.33,8.22,196
2020-10-28T16:48:59Z,25.81,-92.32,8.22,196
2020-10-28T16:49:00Z,25.81,-92.33,8.22,196
2020-10-28T16:49:01Z,25.81,-92.32,8.22,196
2020-10-28T16:49:02Z,25.81,-92.32,8.22,196
2020-10-28T16:49:03Z,25.81,-92.32,8.22,196
2020-10-28T16:49:04Z,25.81,-92.32,8.22,196
2020-10-28T16:49:05Z,25.81,-92.32,8.22,196
2020-10-28T16:49:06Z,25.81,-92.32,8.22,196
2020-10-28T16:49:07Z,25.81,-92.32,8.22,196
2020-10-28T16:49:08Z,25.81,-92.32,8.22,196
2020-10-28T16:49:09Z,25.81,-92.32,8.22,196
2020-10-28T16:49:10Z,25.81,-92.32,8.22,196
2020-10-28T16:49:11Z,25.81,-92.32,8.22,196
2020-10-28T16:49:12Z,25.81,-92.32,8.22,196
2020-10-28T16:49:13Z,25.81,-92.32,8.22,196
2020-10-28T16:49:14Z,25.81,-92.32,8.22,196
2020-10-28T16:49:15Z,25.81,-92.32,8.22,196
2020-10-28T16:49:16Z,25.81,-92.3,8.22,196
2020-10-28T16:49:17Z,25.81,-92.32,8.22,196
2020-10-28T16:49:18Z,25.81,-92.32,8.22,196
2020-10-28T16:49:19Z,25.81,-92.32,8.22,196
2020-10-28T16:49:20Z,25.81,-92.32,8.22,196
2020-10-28T16:49:21Z,25.81,-92.3,8.22,196
2020-10-28T16:49:22Z,25.81,-92.32,8.22,196
2020-10-28T16:49:23Z,25.81,-92.32,8.22,196
2020-10-28T16:49:24Z,25.81,-92.32,8.22,196
2020-10-28T16:49:25Z,25.81,-92.32,8.22,196
2020-10-28T16:49:26Z,25.81,-92.32,8.22,196
2020-10-28T16:49:27Z,25.81,-92.32,8.22,196
2020-10-28T16:49:28Z,25.81,-92.32,8.22,196
2020-10-28T16:49:29Z,25.81,-92.32,8.22,196
2020-10-28T16:49:30Z,25.81,-92.32,8.22,196
2020-10-28T16:49:31Z,25.81,-92.3,8.22,196
2020-10-28T16:49:32Z,25.81,-92.3,8.22,196
2020-10-28T16:49:33Z,25.81,-92.32,8.22,196
2020-10-28T16:49:34Z,25.81,-92.32,8.22,196
2020-10-28T16:49:35Z,25.81,-92.32,8.22,196
2020-10-28T16:49:36Z,25.81,-92.3,8.22,196
2020-10-28T16:49:37Z,25.81,-92.32,8.22,196
2020-10-28T16:49:38Z,25.81,-92.3,8.22,196
2020-10-28T16:49:39Z,25.81,-92.3,8.22,196
2020-10-28T16:49:40Z,25.81,-92.32,8.22,196
2020-10-28T16:49:41Z,25.81,-92.3,8.22,196
2020-10-28T16:49:42Z,25.81,-92.32,8.22,196
2020-10-28T16:49:43Z,25.81,-92.32,8.22,196
2020-10-28T16:49:44Z,25.81,-92.32,8.22,196
2020-10-28T16:49:45Z,25.83,-92.3,8.22,196
2020-10-28T16:49:46Z,25.83,-92.3,8.22,196
2020-10-28T16:49:47Z,25.83,-92.3,8.22,196
2020-10-28T16:49:48Z,25.83,-92.3,8.22,196
2020-10-28T16:49:49Z,25.83,-92.3,8.22,196
2020-10-28T16:49:50Z,25.83,-92.3,8.22,196
2020-10-28T16:49:51Z,25.83,-92.3,8.22,196
2020-10-28T16:49:52Z,25.83,-92.3,8.22,196
2020-10-28T16:49:53Z,25.83,-92.3,8.22,196
2020-10-28T16:49:54Z,25.83,-92.3,8.22,196
2020-10-28T16:49:55Z,25.83,-92.3,8.22,196
2020-10-28T16:49:56Z,25.83,-92.3,8.22,196
2020-10-28T16:49:57Z,25.83,-92.3,8.22,196
2020-10-28T16:49:58Z,25.83,-92.3,8.22,196
2020-10-28T16:49:59Z,25.83,-92.3,8.22,196
2020-10-28T16:50:00Z,25.83,-92.3,8.22,196
2020-10-28T16:50:01Z,25.83,-92.3,8.22,196
2020-10-28T16:50:02Z,25.83,-92.3,8.22,196
2020-10-28T16:50:03Z,25.83,-92.3,8.22,196
2020-10-28T16:50:04Z,25.83,-92.3,8.22,196
2020-10-28T16:50:05Z,25.83,-92.3,8.22,196
2020-10-28T16:50:06Z,25.83,-92.3,8.22,196
2020-10-28T16:50:07Z,25.83,-92.3,8.22,196
2020-10-28T16:50:08Z,25.83,-92.3,8.22,196
2020-10-28T16:50:09Z,25.83,-92.3,8.22,196
2020-10-28T16:50:10Z,25.83,-92.3,8.22,196
2020-10-28T16:50:11Z,25.83,-92.3,8.22,196
2020-10-28T16:50:12Z,25.83,-92.3,8.22,196
2020-10-28T16:50:13Z,25.83,-92.3,8.22,196
2020-10-28T16:50:14Z,25.83,-92.3,8.22,196
2020-10-28T16:50:15Z,25.83,-92.3,8.22,196
2020-10-28T16:50:16Z,25.83,-92.3,8.22,196
2020-10-28T16:50:17Z,25.83,-92.3,8.22,196
2020-10-28T16:50:18Z,25.83,-92.3,8.22,196
2020-10-28T16:50:19Z,25.83,-92.3,8.22,196
2020-10-28T16:50:20Z,25.83,-92.3,8.22,196
2020-10-28T16:50:21Z,25.83,-92.28,8.22,196
2020-10-28T16:50:22Z,25.83,-92.3,8.22,196
2020-10-28T16:50:23Z,25.83,-92.3,8.22,196
2020-10-28T16:50:24Z,25.83,-92.3,8.22,196
2020-10-28T16:50:25Z,25.83,-92.3,8.22,196
2020-10-28T16:50:26Z,25.83,-92.28,8.22,196
2020-10-28T16:50:27Z,25.83,-92.3,8.22,196
2020-10-28T16:50:28Z,25.83,-92.28,8.22,196
2020-10-28T16:50:29Z,25.83,-92.3,8.22,196
2020-10-28T16:50:30Z,25.83,-92.3,8.22,196
2020-10-28T16:50:31Z,25.83,-92.3,8.22,196
2020-10-28T16:50:32Z,25.83,-92.28,8.22,196
2020-10-28T16:50:33Z,25.83,-92.28,8.22,196
2020-10-28T16:50:34Z,25.83,-92.3,8.22,196
2020-10-28T16:50:35Z,25.83,-92.28,8.22,196
2020-10-28T16:50:36Z,25.83,-92.28,8.22,196
2020-10-28T16:50:37Z,25.83,-92.3,8.22,196
2020-10-28T16:50:38Z,25.83,-92.28,8.22,196
2020-10-28T16:50:39Z,25.83,-92.3,8.22,196
2020-10-28T16:50:40Z,25.83,-92.28,8.22,196
2020-10-28T16:50:41Z,25.83,-92.3,8.22,196
2020-10-28T16:50:42Z,25.83,-92.3,8.22,196
2020-10-28T16:50:43Z,25.83,-92.3,8.22,196
2020-10-28T16:50:44Z,25.83,-92.28,8.22,196
2020-10-28T16:50:45Z,25.83,-92.28,8.22,196
2020-10-28T16:50:46Z,25.83,-92.28,8.22,196
2020-10-28T16:50:47Z,25.83,-92.28,8.22,196
2020-10-28T16:50:48Z,25.83,-92.3,8.22,196
2020-10-28T16:50:49Z,25.83,-92.28,8.22,196
2020-10-28T16:50:50Z,25.83,-92.3,8.22,196
2020-10-28T16:50:51Z,25.83,-92.28,8.22,196
2020-10-28T16:50:52Z,25.83,-92.28,8.22,196
2020-10-28T16:50:53Z,25.83,-92.28,8.22,196
2020-10-28T16:50:54Z,25.83,-92.28,8.22,196
2020-10-28T16:50:55Z,25.83,-92.28,8.22,196
2020-10-28T16:50:56Z,25.83,-92.28,8.22,196
2020-10-28T16:50:57Z,25.83,-92.28,8.22,196
2020-10-28T16:50:58Z,25.83,-92.28,8.22,196
2020-10-28T16:50:59Z,25.83,-92.28,8.22,196
2020-10-28T16:51:00Z,25.83,-92.28,8.22,196
2020-10-28T16:51:01Z,25.83,-92.28,8.22,196
2020-10-28T16:51:02Z,25.83,-92.28,8.22,196
2020-10-28T16:51:03Z,25.83,-92.28,8.22,196
2020-10-28T16:51:04Z,25.85,-92.3,8.22,196
2020-10-28T16:51:05Z,25.85,-92.28,8.22,196
2020-10-28T16:51:06Z,25.85,-92.28,8.22,196
2020-10-28T16:51:07Z,25.85,-92.3,8.22,196
2020-10-28T16:51:08Z,25.85,-92.3,8.22,196
2020-10-28T16:51:09Z,25.85,-92.28,8.22,196
2020-10-28T16:51:10Z,25.85,-92.3,8.22,196
2020-10-28T16:51:11Z,25.85,-92.28,8.22,196
2020-10-28T16:51:12Z,25.85,-92.28,8.22,196
2020-10-28T16:51:13Z,25.85,-92.28,8.22,196
2020-10-28T16:51:14Z,25.85,-92.28,8.22,196
2020-10-28T16:51:15Z,25.85,-92.28,8.22,196
2020-10-28T16:51:16Z,25.85,-92.28,8.22,196
2020-10-28T16:51:17Z,25.85,-92.28,8.22,196
2020-10-28T16:51:18Z,25.85,-92.28,8.22,196
2020-10-28T16:51:19Z,25.85,-92.28,8.22,196
2020-10-28T16:51:20Z,25.85,-92.28,8.22,196
2020-10-28T16:51:21Z,25.85,-92.28,8.22,196
2020-10-28T16:51:22Z,25.85,-92.28,8.22,196
2020-10-28T16:51:23Z,25.85,-92.28,8.22,196
2020-10-28T16:51:24Z,25.85,-92.28,8.22,196
2020-10-28T16:51:25Z,25.85,-92.28,8.22,196
2020-10-28T16:51:26Z,25.85,-92.3,8.22,196
2020-10-28T16:51:27Z,25.85,-92.28,8.22,196
2020-10-28T16:51:28Z,25.85,-92.28,8.22,196
2020-10-28T16:51:29Z,25.85,-92.28,8.22,196
2020-10-28T16:51:30Z,25.85,-92.28,8.22,196
2020-10-28T16:51:31Z,25.85,-92.28,8.22,196
2020-10-28T16:51:32Z,25.85,-92.25,8.22,196
2020-10-28T16:51:33Z,25.85,-92.27,8.22,196
2020-10-28T16:51:34Z,25.85,-92.28,8.22,196
2020-10-28T16:51:35Z,25.85,-92.28,8.22,196
2020-10-28T16:51:36Z,25.85,-92.28,8.22,196
2020-10-28T16:51:37Z,25.85,-92.28,8.22,196
2020-10-28T16:51:38Z,25.85,-92.28,8.22,196
2020-10-28T16:51:39Z,25.85,-92.28,8.22,196
2020-10-28T16:51:40Z,25.85,-92.28,8.22,196
2020-10-28T16:51:41Z,25.85,-92.28,8.22,196
2020-10-28T16:51:42Z,25.85,-92.28,8.22,196
2020-10-28T16:51:43Z,25.85,-92.28,8.22,196
2020-10-28T16:51:44Z,25.85,-92.28,8.22,196
2020-10-28T16:51:45Z,25.85,-92.28,8.22,196
2020-10-28T16:51:46Z,25.85,-92.28,8.22,196
2020-10-28T16:51:47Z,25.85,-92.28,8.22,196
2020-10-28T16:51:48Z,25.85,-92.28,8.22,196
2020-10-28T16:51:49Z,25.85,-92.28,8.22,196
2020-10-28T16:51:50Z,25.85,-92.28,8.22,196
2020-10-28T16:51:51Z,25.85,-92.28,8.22,196
2020-10-28T16:51:52Z,25.85,-92.36,8.23,196
2020-10-28T16:51:53Z,25.85,-92.32,8.22,196
2020-10-28T16:51:54Z,25.85,-92.3,8.22,196
2020-10-28T16:51:55Z,25.85,-92.3,8.22,196
2020-10-28T16:51:56Z,25.85,-92.28,8.22,196
2020-10-28T16:51:57Z,25.85,-92.28,8.22,196
2020-10-28T16:51:58Z,25.85,-92.28,8.22,196
2020-10-28T16:51:59Z,25.85,-92.28,8.22,196
2020-10-28T16:52:00Z,25.85,-92.28,8.22,196
2020-10-28T16:52:01Z,25.85,-92.28,8.22,196
2020-10-28T16:52:02Z,25.85,-92.28,8.22,196
2020-10-28T16:52:03Z,25.85,-92.28,8.22,196
2020-10-28T16:52:04Z,25.85,-92.28,8.22,196
2020-10-28T16:52:05Z,25.85,-92.28,8.22,196
2020-10-28T16:52:06Z,25.85,-92.28,8.22,196
2020-10-28T16:52:07Z,25.85,-92.28,8.22,196
2020-10-28T16:52:08Z,25.85,-92.3,8.22,196
2020-10-28T16:52:09Z,25.85,-92.28,8.22,196
2020-10-28T16:52:10Z,25.85,-92.28,8.22,196
2020-10-28T16:52:11Z,25.85,-92.28,8.22,196
2020-10-28T16:52:12Z,25.85,-92.28,8.22,196
2020-10-28T16:52:13Z,25.85,-92.28,8.22,196
2020-10-28T16:52:14Z,25.85,-92.28,8.22,196
2020-10-28T16:52:15Z,25.85,-92.28,8.22,196
2020-10-28T16:52:16Z,25.85,-92.28,8.22,196
2020-10-28T16:52:17Z,25.85,-92.28,8.22,196
2020-10-28T16:52:18Z,25.85,-92.28,8.22,196
2020-10-28T16:52:19Z,25.85,-92.28,8.22,196
2020-10-28T16:52:20Z,25.85,-92.28,8.22,196
2020-10-28T16:52:21Z,25.85,-92.22,8.22,196
2020-10-28T16:52:22Z,25.85,-92.27,8.22,196
2020-10-28T16:52:23Z,25.85,-92.27,8.22,196
2020-10-28T16:52:24Z,25.85,-92.28,8.22,196
2020-10-28T16:52:25Z,25.85,-92.28,8.22,196
2020-10-28T16:52:26Z,25.85,-92.28,8.22,196
2020-10-28T16:52:27Z,25.85,-92.28,8.22,196
2020-10-28T16:52:28Z,25.85,-92.28,8.22,196
2020-10-28T16:52:29Z,25.85,-92.28,8.22,196
2020-10-28T16:52:30Z,25.85,-92.3,8.22,196
2020-10-28T16:52:31Z,25.85,-92.3,8.22,196
2020-10-28T16:52:32Z,25.85,-92.28,8.22,196
2020-10-28T16:52:33Z,25.85,-92.28,8.22,196
2020-10-28T16:52:34Z,25.85,-92.28,8.22,196
2020-10-28T16:52:35Z,25.85,-92.28,8.22,196
2020-10-28T16:52:36Z,25.85,-92.28,8.22,196
2020-10-28T16:52:37Z,25.85,-92.28,8.22,196
2020-10-28T16:52:38Z,25.85,-92.28,8.22,196
2020-10-28T16:52:39Z,25.85,-92.3,8.22,196
2020-10-28T16:52:40Z,25.85,-92.3,8.22,196
2020-10-28T16:52:41Z,25.85,-92.28,8.22,196
2020-10-28T16:52:42Z,25.85,-92.28,8.22,196
2020-10-28T16:52:43Z,25.85,-92.28,8.22,196
2020-10-28T16:52:44Z,25.85,-92.28,8.22,196
2020-10-28T16:52:45Z,25.85,-92.28,8.22,196
2020-10-28T16:52:46Z,25.85,-92.28,8.22,196
2020-10-28T16:52:47Z,25.85,-92.28,8.22,196
2020-10-28T16:52:48Z,25.85,-92.28,8.22,196
2020-10-28T16:52:49Z,25.85,-92.28,8.22,196
2020-10-28T16:52:50Z,25.85,-92.28,8.22,196
2020-10-28T16:52:51Z,25.85,-92.28,8.22,196
2020-10-28T16:52:52Z,25.85,-92.28,8.22,196
2020-10-28T16:52:53Z,25.85,-92.28,8.22,196
2020-10-28T16:52:54Z,25.85,-92.28,8.22,196
2020-10-28T16:52:55Z,25.85,-92.28,8.22,196
2020-10-28T16:52:56Z,25.85,-92.28,8.22,196
2020-10-28T16:52:57Z,25.85,-92.28,8.22,196
2020-10-28T16:52:58Z,25.85,-92.28,8.22,196
2020-10-28T16:52:59Z,25.85,-92.28,8.22,196
2020-10-28T16:53:00Z,25.85,-92.28,8.22,196
2020-10-28T16:53:01Z,25.85,-92.28,8.22,196
2020-10-28T16:53:02Z,25.85,-92.28,8.22,196
2020-10-28T16:53:03Z,25.85,-92.28,8.22,196
2020-10-28T16:53:04Z,25.85,-92.28,8.22,196
2020-10-28T16:53:05Z,25.85,-92.28,8.22,196
2020-10-28T16:53:06Z,25.85,-92.28,8.22,196
2020-10-28T16:53:07Z,25.85,-92.28,8.22,196
2020-10-28T16:53:08Z,25.85,-92.28,8.22,196
2020-10-28T16:53:09Z,25.85,-92.28,8.22,196
2020-10-28T16:53:10Z,25.85,-92.28,8.22,196
2020-10-28T16:53:11Z,25.85,-92.28,8.22,196
2020-10-28T16:53:12Z,25.85,-92.28,8.22,196
2020-10-28T16:53:13Z,25.85,-92.28,8.22,196
2020-10-28T16:53:14Z,25.85,-92.28,8.22,196
2020-10-28T16:53:15Z,25.85,-92.28,8.22,196
2020-10-28T16:53:16Z,25.85,-92.28,8.22,196
2020-10-28T16:53:17Z,25.85,-92.28,8.22,196
2020-10-28T16:53:18Z,25.85,-92.28,8.22,196
2020-10-28T16:53:19Z,25.85,-92.28,8.22,196
2020-10-28T16:53:20Z,25.85,-92.28,8.22,196
2020-10-28T16:53:21Z,25.85,-92.3,8.22,196
2020-10-28T16:53:22Z,25.85,-92.28,8.22,196
2020-10-28T16:53:23Z,25.85,-92.3,8.22,196
2020-10-28T16:53:24Z,25.85,-92.28,8.22,196
2020-10-28T16:53:25Z,25.85,-92.28,8.22,196
2020-10-28T16:53:26Z,25.85,-92.28,8.22,196
2020-10-28T16:53:27Z,25.85,-92.28,8.22,196
2020-10-28T16:53:28Z,25.85,-92.28,8.22,196
2020-10-28T16:53:29Z,25.85,-92.28,8.22,196
2020-10-28T16:53:30Z,25.85,-92.28,8.22,196
2020-10-28T16:53:31Z,25.85,-92.28,8.22,196
2020-10-28T16:53:32Z,25.85,-92.28,8.22,196
2020-10-28T16:53:33Z,25.85,-92.28,8.22,196
2020-10-28T16:53:34Z,25.85,-92.28,8.22,196
2020-10-28T16:53:35Z,25.85,-92.28,8.22,196
2020-10-28T16:53:36Z,25.85,-92.3,8.22,196
2020-10-28T16:53:37Z,25.85,-92.28,8.22,196
2020-10-28T16:53:38Z,25.85,-92.28,8.22,196
2020-10-28T16:53:39Z,25.85,-92.28,8.22,196
2020-10-28T16:53:40Z,25.85,-92.28,8.22,196
2020-10-28T16:53:41Z,25.85,-92.28,8.22,196
2020-10-28T16:53:42Z,25.85,-92.28,8.22,196
2020-10-28T16:53:43Z,25.85,-92.28,8.22,196
2020-10-28T16:53:44Z,25.85,-92.28,8.22,196
2020-10-28T16:53:45Z,25.85,-92.28,8.22,196
2020-10-28T16:53:46Z,25.85,-92.28,8.22,196
2020-10-28T16:53:47Z,25.85,-92.28,8.22,196
2020-10-28T16:53:48Z,25.85,-92.28,8.22,196
2020-10-28T16:53:49Z,25.85,-92.28,8.22,196
2020-10-28T16:53:50Z,25.85,-92.28,8.22,196
2020-10-28T16:53:51Z,25.85,-92.28,8.22,196
2020-10-28T16:53:52Z,25.85,-92.28,8.22,196
2020-10-28T16:53:53Z,25.85,-92.28,8.22,196
2020-10-28T16:53:54Z,25.85,-92.28,8.22,196
2020-10-28T16:53:55Z,25.85,-92.28,8.22,196
2020-10-28T16:53:56Z,25.85,-92.28,8.22,196
2020-10-28T16:53:57Z,25.85,-92.28,8.22,196
2020-10-28T16:53:58Z,25.85,-92.28,8.22,196
2020-10-28T16:53:59Z,25.85,-92.28,8.22,196
2020-10-28T16:54:00Z,25.85,-92.28,8.22,196
2020-10-28T16:54:01Z,25.85,-92.28,8.22,196
2020-10-28T16:54:02Z,25.85,-92.28,8.22,196
2020-10-28T16:54:03Z,25.85,-92.28,8.22,196
2020-10-28T16:54:04Z,25.85,-92.28,8.22,196
2020-10-28T16:54:05Z,25.85,-92.28,8.22,196
2020-10-28T16:54:06Z,25.85,-92.28,8.22,196
2020-10-28T16:54:07Z,25.85,-92.28,8.22,196
2020-10-28T16:54:08Z,25.85,-92.28,8.22,196
2020-10-28T16:54:09Z,25.85,-92.3,8.22,196
2020-10-28T16:54:10Z,25.85,-92.28,8.22,196
2020-10-28T16:54:11Z,25.85,-92.28,8.22,196
2020-10-28T16:54:12Z,25.85,-92.28,8.22,196
2020-10-28T16:54:13Z,25.85,-92.28,8.22,196
2020-10-28T16:54:14Z,25.85,-92.28,8.22,196
2020-10-28T16:54:15Z,25.85,-92.3,8.22,196
2020-10-28T16:54:16Z,25.85,-92.28,8.22,196
2020-10-28T16:54:17Z,25.85,-92.3,8.22,196
2020-10-28T16:54:18Z,25.85,-92.28,8.22,196
2020-10-28T16:54:19Z,25.85,-92.28,8.22,196
2020-10-28T16:54:20Z,25.85,-92.28,8.22,196
2020-10-28T16:54:21Z,25.85,-92.28,8.22,196
2020-10-28T16:54:22Z,25.85,-92.28,8.22,196
2020-10-28T16:54:23Z,25.85,-92.28,8.22,196
2020-10-28T16:54:24Z,25.85,-92.28,8.22,196
2020-10-28T16:54:25Z,25.85,-92.3,8.22,196
2020-10-28T16:54:26Z,25.85,-92.28,8.22,196
2020-10-28T16:54:27Z,25.85,-92.28,8.22,196
2020-10-28T16:54:28Z,25.85,-92.28,8.22,196
2020-10-28T16:54:29Z,25.85,-92.28,8.22,196
2020-10-28T16:54:30Z,25.85,-92.28,8.22,196
2020-10-28T16:54:31Z,25.85,-92.28,8.22,196
2020-10-28T16:54:32Z,25.85,-92.28,8.22,196
2020-10-28T16:54:33Z,25.85,-92.28,8.22,196
2020-10-28T16:54:34Z,25.85,-92.28,8.22,196
2020-10-28T16:54:35Z,25.85,-92.28,8.22,196
2020-10-28T16:54:36Z,25.85,-92.28,8.22,196
2020-10-28T16:54:37Z,25.85,-92.28,8.22,196
2020-10-28T16:54:38Z,25.85,-92.28,8.22,196
2020-10-28T16:54:39Z,25.85,-92.28,8.22,196
2020-10-28T16:54:40Z,25.85,-92.28,8.22,196
2020-10-28T16:54:41Z,25.85,-92.28,8.22,196
2020-10-28T16:54:42Z,25.85,-92.28,8.22,196
2020-10-28T16:54:43Z,25.85,-92.28,8.22,196
2020-10-28T16:54:44Z,25.85,-92.28,8.22,196
2020-10-28T16:54:45Z,25.85,-92.28,8.22,196
2020-10-28T16:54:46Z,25.85,-92.28,8.22,196
2020-10-28T16:54:47Z,25.85,-92.28,8.22,196
2020-10-28T16:54:48Z,25.85,-92.28,8.22,196
2020-10-28T16:54:49Z,25.85,-92.28,8.22,196
2020-10-28T16:54:50Z,25.85,-92.28,8.22,196
2020-10-28T16:54:51Z,25.85,-92.28,8.22,196
2020-10-28T16:54:52Z,25.85,-92.28,8.22,196
2020-10-28T16:54:53Z,25.85,-92.28,8.22,196
2020-10-28T16:54:54Z,25.85,-92.28,8.22,196
2020-10-28T16:54:55Z,25.85,-92.3,8.22,196
2020-10-28T16:54:56Z,25.85,-92.28,8.22,196
2020-10-28T16:54:57Z,25.85,-92.28,8.22,196
2020-10-28T16:54:58Z,25.85,-92.3,8.22,196
2020-10-28T16:54:59Z,25.85,-92.28,8.22,196
2020-10-28T16:55:00Z,25.85,-92.28,8.22,196
2020-10-28T16:55:01Z,25.85,-92.3,8.22,196
2020-10-28T16:55:02Z,25.85,-92.28,8.22,196
2020-10-28T16:55:03Z,25.85,-92.28,8.22,196
2020-10-28T16:55:04Z,25.85,-92.32,8.22,196
2020-10-28T16:55:05Z,25.85,-92.28,8.22,196
2020-10-28T16:55:06Z,25.85,-92.28,8.22,196
2020-10-28T16:55:07Z,25.85,-92.28,8.22,196
2020-10-28T16:55:08Z,25.85,-92.28,8.22,196
2020-10-28T16:55:09Z,25.85,-92.28,8.22,196
2020-10-28T16:55:10Z,25.85,-92.28,8.22,196
2020-10-28T16:55:11Z,25.85,-92.28,8.22,196
2020-10-28T16:55:12Z,25.85,-92.27,8.22,196
2020-10-28T16:55:13Z,25.85,-92.28,8.22,196
2020-10-28T16:55:14Z,25.85,-92.28,8.22,196
2020-10-28T16:55:15Z,25.85,-92.35,8.22,196
2020-10-28T16:55:16Z,25.85,-92.52,8.23,196
2020-10-28T16:55:17Z,25.85,-92.36,8.23,196
2020-10-28T16:55:18Z,25.85,-90.69,8.2,196
2020-10-28T16:55:19Z,25.85,-92.24,8.22,196
2020-10-28T16:55:20Z,25.85,-92.27,8.22,196
2020-10-28T16:55:21Z,25.85,-92.28,8.22,196
2020-10-28T16:55:22Z,25.85,-92.28,8.22,196
2020-10-28T16:55:23Z,25.85,-92.28,8.22,196
2020-10-28T16:55:24Z,25.85,-92.28,8.22,196
2020-10-28T16:55:25Z,25.85,-92.03,8.22,196
2020-10-28T16:55:26Z,25.85,-92.58,8.23,196
2020-10-28T16:55:27Z,25.85,-92.36,8.23,196
2020-10-28T16:55:28Z,25.85,-92.33,8.22,196
2020-10-28T16:55:29Z,25.85,-91.72,8.21,196
2020-10-28T16:55:30Z,25.85,-92.27,8.22,196
2020-10-28T16:55:31Z,25.85,-92.28,8.22,196
2020-10-28T16:55:32Z,25.85,-92.28,8.22,196
2020-10-28T16:55:33Z,25.85,-92.28,8.22,196
2020-10-28T16:55:34Z,25.85,-92.28,8.22,196
2020-10-28T16:55:35Z,25.85,-92.28,8.22,196
2020-10-28T16:55:36Z,25.85,-92.86,8.23,196
2020-10-28T16:55:37Z,25.85,-92.27,8.22,196
2020-10-28T16:55:38Z,25.85,-92.64,8.23,196
2020-10-28T16:55:39Z,25.85,-92.38,8.23,196
2020-10-28T16:55:40Z,25.85,-92.46,8.23,196
2020-10-28T16:55:41Z,25.85,-92.32,8.22,196
2020-10-28T16:55:42Z,25.85,-92.3,8.22,196
2020-10-28T16:55:43Z,25.85,-92.3,8.22,196
2020-10-28T16:55:44Z,25.85,-92.3,8.22,196
2020-10-28T16:55:45Z,25.85,-92.3,8.22,196
2020-10-28T16:55:46Z,25.85,-92.3,8.22,196
2020-10-28T16:55:47Z,25.85,-92.3,8.22,196
2020-10-28T16:55:48Z,25.85,-92.3,8.22,196
2020-10-28T16:55:49Z,25.85,-92.3,8.22,196
2020-10-28T16:55:50Z,25.85,-92.28,8.22,196
2020-10-28T16:55:51Z,25.85,-92.3,8.22,196
2020-10-28T16:55:52Z,25.85,-92.28,8.22,196
2020-10-28T16:55:53Z,25.85,-92.28,8.22,196
2020-10-28T16:55:54Z,25.85,-92.3,8.22,196
2020-10-28T16:55:55Z,25.85,-92.3,8.22,196
2020-10-28T16:55:56Z,25.85,-92.3,8.22,196
2020-10-28T16:55:57Z,25.85,-92.28,8.22,196
2020-10-28T16:55:58Z,25.85,-92.28,8.22,196
2020-10-28T16:55:59Z,25.85,-92.3,8.22,196
2020-10-28T16:56:00Z,25.85,-92.28,8.22,196
2020-10-28T16:56:01Z,25.85,-92.28,8.22,196
2020-10-28T16:56:02Z,25.85,-92.28,8.22,196
2020-10-28T16:56:03Z,25.85,-92.3,8.22,196
2020-10-28T16:56:04Z,25.85,-92.3,8.22,196
2020-10-28T16:56:05Z,25.85,-92.28,8.22,196
2020-10-28T16:56:06Z,25.85,-92.28,8.22,196
2020-10-28T16:56:07Z,25.85,-92.28,8.22,196
2020-10-28T16:56:08Z,25.85,-92.33,8.22,196
2020-10-28T16:56:09Z,25.85,-92.3,8.22,196
2020-10-28T16:56:10Z,25.85,-92.3,8.22,196
2020-10-28T16:56:11Z,25.85,-92.3,8.22,196
2020-10-28T16:56:12Z,25.85,-92.3,8.22,196
2020-10-28T16:56:13Z,25.85,-92.3,8.22,196
2020-10-28T16:56:14Z,25.85,-92.28,8.22,196
2020-10-28T16:56:15Z,25.85,-92.28,8.22,196
2020-10-28T16:56:16Z,25.85,-92.28,8.22,196
2020-10-28T16:56:17Z,25.85,-92.28,8.22,196
2020-10-28T16:56:18Z,25.85,-92.28,8.22,196
2020-10-28T16:56:19Z,25.85,-92.3,8.22,196
2020-10-28T16:56:20Z,25.85,-92.28,8.22,196
2020-10-28T16:56:21Z,25.85,-92.3,8.22,196
2020-10-28T16:56:22Z,25.85,-92.28,8.22,196
2020-10-28T16:56:23Z,25.85,-92.3,8.22,196
2020-10-28T16:56:24Z,25.85,-92.28,8.22,196
2020-10-28T16:56:25Z,25.85,-92.28,8.22,196
2020-10-28T16:56:26Z,25.85,-92.28,8.22,196
2020-10-28T16:56:27Z,25.85,-92.28,8.22,196
2020-10-28T16:56:28Z,25.85,-92.28,8.22,196
2020-10-28T16:56:29Z,25.85,-92.28,8.22,196
2020-10-28T16:56:30Z,25.85,-92.28,8.22,196
2020-10-28T16:56:31Z,25.85,-92.28,8.22,196
2020-10-28T16:56:32Z,25.85,-92.28,8.22,196
2020-10-28T16:56:33Z,25.85,-92.28,8.22,196
2020-10-28T16:56:34Z,25.85,-92.3,8.22,196
2020-10-28T16:56:35Z,25.85,-92.28,8.22,196
2020-10-28T16:56:36Z,25.85,-92.28,8.22,196
2020-10-28T16:56:37Z,25.85,-92.28,8.22,196
2020-10-28T16:56:38Z,25.85,-92.3,8.22,196
2020-10-28T16:56:39Z,25.85,-92.28,8.22,196
2020-10-28T16:56:40Z,25.85,-92.28,8.22,196
2020-10-28T16:56:41Z,25.85,-92.28,8.22,196
2020-10-28T16:56:42Z,25.85,-92.28,8.22,196
2020-10-28T16:56:43Z,25.85,-92.28,8.22,196
2020-10-28T16:56:44Z,25.85,-92.28,8.22,196
2020-10-28T16:56:45Z,25.85,-92.28,8.22,196
2020-10-28T16:56:46Z,25.85,-92.28,8.22,196
2020-10-28T16:56:47Z,25.85,-92.28,8.22,196
2020-10-28T16:56:48Z,25.85,-92.28,8.22,196
2020-10-28T16:56:49Z,25.85,-92.28,8.22,196
2020-10-28T16:56:50Z,25.85,-92.28,8.22,196
2020-10-28T16:56:51Z,25.85,-92.28,8.22,196
2020-10-28T16:56:52Z,25.85,-92.28,8.22,196
2020-10-28T16:56:53Z,25.85,-92.28,8.22,196
2020-10-28T16:56:54Z,25.85,-92.28,8.22,196
2020-10-28T16:56:55Z,25.85,-92.28,8.22,196
2020-10-28T16:56:56Z,25.85,-92.28,8.22,196
2020-10-28T16:56:57Z,25.85,-92.28,8.22,196
2020-10-28T16:56:58Z,25.85,-92.3,8.22,196
2020-10-28T16:56:59Z,25.85,-92.3,8.22,196
2020-10-28T16:57:00Z,25.85,-92.28,8.22,196
2020-10-28T16:57:01Z,25.85,-92.28,8.22,196
2020-10-28T16:57:02Z,25.85,-92.28,8.22,196
2020-10-28T16:57:03Z,25.85,-92.28,8.22,196
2020-10-28T16:57:04Z,25.85,-92.28,8.22,196
2020-10-28T16:57:05Z,25.85,-92.28,8.22,196
2020-10-28T16:57:06Z,25.85,-92.28,8.22,196
2020-10-28T16:57:07Z,25.85,-92.28,8.22,196
2020-10-28T16:57:08Z,25.85,-92.28,8.22,196
2020-10-28T16:57:09Z,25.85,-92.28,8.22,196
2020-10-28T16:57:10Z,25.85,-92.28,8.22,196
2020-10-28T16:57:11Z,25.85,-92.28,8.22,196
2020-10-28T16:57:12Z,25.85,-92.28,8.22,196
2020-10-28T16:57:13Z,25.85,-92.28,8.22,196
2020-10-28T16:57:14Z,25.85,-92.28,8.22,196
2020-10-28T16:57:15Z,25.85,-92.28,8.22,196
2020-10-28T16:57:16Z,25.85,-92.28,8.22,196
2020-10-28T16:57:17Z,25.85,-92.28,8.22,196
2020-10-28T16:57:18Z,25.85,-92.28,8.22,196
2020-10-28T16:57:19Z,25.85,-92.25,8.22,196
2020-10-28T16:57:20Z,25.85,-92.28,8.22,196
2020-10-28T16:57:21Z,25.85,-92.28,8.22,196
2020-10-28T16:57:22Z,25.85,-92.28,8.22,196
2020-10-28T16:57:23Z,25.85,-92.28,8.22,196
2020-10-28T16:57:24Z,25.85,-92.28,8.22,196
2020-10-28T16:57:25Z,25.85,-92.3,8.22,196
2020-10-28T16:57:26Z,25.85,-92.28,8.22,196
2020-10-28T16:57:27Z,25.85,-92.28,8.22,196
2020-10-28T16:57:28Z,25.85,-92.3,8.22,196
2020-10-28T16:57:29Z,25.85,-92.28,8.22,196
2020-10-28T16:57:30Z,25.85,-92.3,8.22,196
2020-10-28T16:57:31Z,25.85,-92.21,8.22,196
2020-10-28T16:57:32Z,25.85,-92.39,8.23,196
2020-10-28T16:57:33Z,25.85,-92.35,8.22,196
2020-10-28T16:57:34Z,25.85,-92.35,8.22,196
2020-10-28T16:57:35Z,25.85,-92.33,8.22,196
2020-10-28T16:57:36Z,25.85,-92.32,8.22,196
2020-10-28T16:57:37Z,25.85,-92.3,8.22,196
2020-10-28T16:57:38Z,25.85,-92.3,8.22,196
2020-10-28T16:57:39Z,25.85,-92.3,8.22,196
2020-10-28T16:57:40Z,25.85,-92.32,8.22,196
2020-10-28T16:57:41Z,25.85,-92.3,8.22,196
2020-10-28T16:57:42Z,25.85,-92.3,8.22,196
2020-10-28T16:57:43Z,25.85,-92.3,8.22,196
2020-10-28T16:57:44Z,25.85,-92.3,8.22,196
2020-10-28T16:57:45Z,25.85,-92.3,8.22,196
2020-10-28T16:57:46Z,25.85,-92.3,8.22,196
2020-10-28T16:57:47Z,25.85,-92.3,8.22,196
2020-10-28T16:57:48Z,25.85,-92.28,8.22,196
2020-10-28T16:57:49Z,25.85,-92.28,8.22,196
2020-10-28T16:57:50Z,25.85,-92.28,8.22,196
2020-10-28T16:57:51Z,25.85,-92.3,8.22,196
2020-10-28T16:57:52Z,25.85,-92.28,8.22,196
2020-10-28T16:57:53Z,25.85,-92.28,8.22,196
2020-10-28T16:57:54Z,25.85,-92.28,8.22,196
2020-10-28T16:57:55Z,25.85,-92.28,8.22,196
2020-10-28T16:57:56Z,25.85,-92.3,8.22,196
2020-10-28T16:57:57Z,25.85,-92.3,8.22,196
2020-10-28T16:57:58Z,25.85,-92.3,8.22,196
2020-10-28T16:57:59Z,25.85,-92.28,8.22,196
2020-10-28T16:58:00Z,25.85,-92.28,8.22,196
2020-10-28T16:58:01Z,25.85,-92.28,8.22,196
2020-10-28T16:58:02Z,25.85,-92.3,8.22,196
2020-10-28T16:58:03Z,25.85,-92.28,8.22,196
2020-10-28T16:58:04Z,25.85,-92.28,8.22,196
2020-10-28T16:58:05Z,25.85,-92.28,8.22,196
2020-10-28T16:58:06Z,25.85,-92.28,8.22,196
2020-10-28T16:58:07Z,25.85,-92.3,8.22,196
2020-10-28T16:58:08Z,25.85,-92.28,8.22,196
2020-10-28T16:58:09Z,25.85,-92.28,8.22,196
2020-10-28T16:58:10Z,25.85,-92.28,8.22,196
2020-10-28T16:58:11Z,25.85,-92.28,8.22,196
2020-10-28T16:58:12Z,25.85,-92.28,8.22,196
2020-10-28T16:58:13Z,25.85,-92.28,8.22,196
2020-10-28T16:58:14Z,25.85,-92.28,8.22,196
2020-10-28T16:58:15Z,25.85,-92.28,8.22,196
2020-10-28T16:58:16Z,25.85,-92.28,8.22,196
2020-10-28T16:58:17Z,25.85,-92.3,8.22,196
2020-10-28T16:58:18Z,25.85,-92.28,8.22,196
2020-10-28T16:58:19Z,25.85,-92.28,8.22,196
2020-10-28T16:58:20Z,25.85,-92.3,8.22,196
2020-10-28T16:58:21Z,25.85,-92.3,8.22,196
2020-10-28T16:58:22Z,25.85,-92.28,8.22,196
2020-10-28T16:58:23Z,25.85,-92.28,8.22,196
2020-10-28T16:58:24Z,25.85,-92.28,8.22,196
2020-10-28T16:58:25Z,25.85,-92.28,8.22,196
2020-10-28T16:58:26Z,25.85,-92.28,8.22,196
2020-10-28T16:58:27Z,25.85,-92.28,8.22,196
2020-10-28T16:58:28Z,25.85,-92.3,8.22,196
2020-10-28T16:58:29Z,25.85,-92.3,8.22,196
2020-10-28T16:58:30Z,25.85,-92.28,8.22,196
2020-10-28T16:58:31Z,25.85,-92.28,8.22,196
2020-10-28T16:58:32Z,25.85,-92.28,8.22,196
2020-10-28T16:58:33Z,25.85,-92.28,8.22,196
2020-10-28T16:58:34Z,25.85,-92.28,8.22,196
2020-10-28T16:58:35Z,25.85,-92.28,8.22,196
2020-10-28T16:58:36Z,25.85,-92.3,8.22,196
2020-10-28T16:58:37Z,25.85,-92.28,8.22,196
2020-10-28T16:58:38Z,25.85,-92.28,8.22,196
2020-10-28T16:58:39Z,25.85,-92.28,8.22,196
2020-10-28T16:58:40Z,25.85,-92.28,8.22,196
2020-10-28T16:58:41Z,25.85,-92.28,8.22,196
2020-10-28T16:58:42Z,25.85,-92.28,8.22,196
2020-10-28T16:58:43Z,25.85,-92.28,8.22,196
2020-10-28T16:58:44Z,25.85,-92.3,8.22,196
2020-10-28T16:58:45Z,25.85,-92.28,8.22,196
2020-10-28T16:58:46Z,25.85,-92.28,8.22,196
2020-10-28T16:58:47Z,25.85,-92.3,8.22,196
2020-10-28T16:58:48Z,25.85,-92.3,8.22,196
2020-10-28T16:58:49Z,25.85,-92.28,8.22,196
2020-10-28T16:58:50Z,25.85,-92.28,8.22,196
2020-10-28T16:58:51Z,25.85,-92.28,8.22,196
2020-10-28T16:58:52Z,25.85,-92.28,8.22,196
2020-10-28T16:58:53Z,25.85,-92.3,8.22,196
2020-10-28T16:58:54Z,25.85,-92.3,8.22,196
2020-10-28T16:58:55Z,25.85,-92.28,8.22,196
2020-10-28T16:58:56Z,25.85,-92.28,8.22,196
2020-10-28T16:58:57Z,25.85,-92.3,8.22,196
2020-10-28T16:58:58Z,25.85,-92.3,8.22,196
2020-10-28T16:58:59Z,25.85,-92.28,8.22,196
2020-10-28T16:59:00Z,25.85,-92.28,8.22,196
2020-10-28T16:59:01Z,25.85,-92.3,8.22,196
2020-10-28T16:59:02Z,25.85,-92.3,8.22,196
2020-10-28T16:59:03Z,25.85,-92.3,8.22,196
2020-10-28T16:59:04Z,25.85,-92.28,8.22,196
2020-10-28T16:59:05Z,25.85,-92.3,8.22,196
2020-10-28T16:59:06Z,25.85,-92.3,8.22,196
2020-10-28T16:59:07Z,25.85,-92.3,8.22,196
2020-10-28T16:59:08Z,25.85,-92.28,8.22,196
2020-10-28T16:59:09Z,25.85,-92.28,8.22,196
2020-10-28T16:59:10Z,25.85,-92.3,8.22,196
2020-10-28T16:59:11Z,25.85,-92.28,8.22,196
2020-10-28T16:59:12Z,25.85,-92.28,8.22,196
2020-10-28T16:59:13Z,25.85,-92.3,8.22,196
2020-10-28T16:59:14Z,25.85,-92.3,8.22,196
2020-10-28T16:59:15Z,25.85,-92.3,8.22,196
2020-10-28T16:59:16Z,25.85,-92.3,8.22,196
2020-10-28T16:59:17Z,25.85,-92.28,8.22,196
2020-10-28T16:59:18Z,25.85,-92.3,8.22,196
2020-10-28T16:59:19Z,25.85,-92.28,8.22,196
2020-10-28T16:59:20Z,25.85,-92.28,8.22,196
2020-10-28T16:59:21Z,25.85,-92.28,8.22,196
2020-10-28T16:59:22Z,25.85,-92.3,8.22,196
2020-10-28T16:59:23Z,25.85,-92.3,8.22,196
2020-10-28T16:59:24Z,25.85,-92.28,8.22,196
2020-10-28T16:59:25Z,25.85,-92.3,8.22,196
2020-10-28T16:59:26Z,25.85,-92.3,8.22,196
2020-10-28T16:59:27Z,25.85,-92.3,8.22,196
2020-10-28T16:59:28Z,25.85,-92.3,8.22,196
2020-10-28T16:59:29Z,25.85,-92.3,8.22,196
2020-10-28T16:59:30Z,25.85,-92.3,8.22,196
2020-10-28T16:59:31Z,25.85,-92.3,8.22,196
2020-10-28T16:59:32Z,25.85,-92.28,8.22,196
2020-10-28T16:59:33Z,25.85,-92.3,8.22,196
2020-10-28T16:59:34Z,25.85,-92.3,8.22,196
2020-10-28T16:59:35Z,25.85,-92.3,8.22,196
2020-10-28T16:59:36Z,25.85,-92.28,8.22,196
2020-10-28T16:59:37Z,25.85,-92.28,8.22,196
2020-10-28T16:59:38Z,25.85,-92.3,8.22,196
2020-10-28T16:59:39Z,25.85,-92.28,8.22,196
2020-10-28T16:59:40Z,25.85,-92.3,8.22,196
2020-10-28T16:59:41Z,25.85,-92.28,8.22,196
2020-10-28T16:59:42Z,25.85,-92.28,8.22,196
2020-10-28T16:59:43Z,25.85,-92.3,8.22,196
2020-10-28T16:59:44Z,25.85,-92.3,8.22,196
2020-10-28T16:59:45Z,25.85,-92.3,8.22,196
2020-10-28T16:59:46Z,25.85,-92.28,8.22,196
2020-10-28T16:59:47Z,25.85,-92.3,8.22,196
2020-10-28T16:59:48Z,25.85,-92.3,8.22,196
2020-10-28T16:59:49Z,25.85,-92.3,8.22,196
2020-10-28T16:59:50Z,25.85,-92.3,8.22,196
2020-10-28T16:59:51Z,25.85,-92.3,8.22,196
2020-10-28T16:59:52Z,25.85,-92.3,8.22,196
2020-10-28T16:59:53Z,25.85,-92.3,8.22,196
2020-10-28T16:59:54Z,25.85,-92.3,8.22,196
2020-10-28T16:59:55Z,25.85,-92.3,8.22,196
2020-10-28T16:59:56Z,25.85,-92.3,8.22,196
2020-10-28T16:59:57Z,25.85,-92.3,8.22,196
2020-10-28T16:59:58Z,25.85,-92.3,8.22,196
2020-10-28T16:59:59Z,25.85,-92.3,8.22,196
2020-10-28T17:00:00Z,25.85,-92.3,8.22,196
2020-10-28T17:00:01Z,25.85,-92.3,8.22,196
2020-10-28T17:00:02Z,25.85,-92.3,8.22,196
2020-10-28T17:00:03Z,25.85,-92.3,8.22,196
2020-10-28T17:00:04Z,25.85,-92.3,8.22,196
2020-10-28T17:00:05Z,25.85,-92.3,8.22,196
2020-10-28T17:00:06Z,25.85,-92.3,8.22,196
2020-10-28T17:00:07Z,25.85,-92.3,8.22,196
2020-10-28T17:00:08Z,25.85,-92.3,8.22,196
2020-10-28T17:00:09Z,25.85,-92.3,8.22,196
2020-10-28T17:00:10Z,25.85,-92.3,8.22,196
2020-10-28T17:00:11Z,25.85,-92.3,8.22,196
2020-10-28T17:00:12Z,25.85,-92.3,8.22,196
2020-10-28T17:00:13Z,25.85,-92.3,8.22,196
2020-10-28T17:00:14Z,25.85,-92.3,8.22,196
2020-10-28T17:00:15Z,25.85,-92.3,8.22,196
2020-10-28T17:00:16Z,25.85,-92.3,8.22,196
2020-10-28T17:00:17Z,25.85,-92.3,8.22,196
2020-10-28T17:00:18Z,25.83,-92.3,8.22,196
2020-10-28T17:00:19Z,25.85,-92.3,8.22,196
2020-10-28T17:00:20Z,25.85,-92.3,8.22,196
2020-10-28T17:00:21Z,25.85,-92.3,8.22,196
2020-10-28T17:00:22Z,25.83,-92.3,8.22,196
2020-10-28T17:00:23Z,25.83,-92.3,8.22,196
2020-10-28T17:00:24Z,25.85,-92.3,8.22,196
2020-10-28T17:00:25Z,25.83,-92.3,8.22,196
2020-10-28T17:00:26Z,25.85,-92.3,8.22,196
2020-10-28T17:00:27Z,25.83,-92.3,8.22,196
2020-10-28T17:00:28Z,25.83,-92.3,8.22,196
2020-10-28T17:00:29Z,25.83,-92.3,8.22,196
2020-10-28T17:00:30Z,25.83,-92.3,8.22,196
2020-10-28T17:00:31Z,25.83,-92.3,8.22,196
2020-10-28T17:00:32Z,25.83,-92.3,8.22,196
2020-10-28T17:00:33Z,25.83,-92.3,8.22,196
2020-10-28T17:00:34Z,25.83,-92.3,8.22,196
2020-10-28T17:00:35Z,25.83,-92.3,8.22,196
2020-10-28T17:00:36Z,25.83,-92.3,8.22,196
2020-10-28T17:00:37Z,25.83,-92.3,8.22,196
2020-10-28T17:00:38Z,25.83,-92.3,8.22,196
2020-10-28T17:00:39Z,25.83,-92.3,8.22,196
2020-10-28T17:00:40Z,25.83,-92.3,8.22,196
2020-10-28T17:00:41Z,25.83,-92.32,8.22,196
2020-10-28T17:00:42Z,25.83,-92.32,8.22,196
2020-10-28T17:00:43Z,25.83,-92.32,8.22,196
2020-10-28T17:00:44Z,25.83,-92.3,8.22,196
2020-10-28T17:00:45Z,25.83,-92.3,8.22,196
2020-10-28T17:00:46Z,25.83,-92.3,8.22,196
2020-10-28T17:00:47Z,25.83,-92.3,8.22,196
2020-10-28T17:00:48Z,25.83,-92.3,8.22,196
2020-10-28T17:00:49Z,25.83,-92.3,8.22,196
2020-10-28T17:00:50Z,25.83,-92.32,8.22,196
2020-10-28T17:00:51Z,25.83,-92.3,8.22,196
2020-10-28T17:00:52Z,25.83,-92.3,8.22,196
2020-10-28T17:00:53Z,25.83,-92.3,8.22,196
2020-10-28T17:00:54Z,25.83,-92.32,8.22,196
2020-10-28T17:00:55Z,25.83,-92.32,8.22,196
2020-10-28T17:00:56Z,25.83,-92.3,8.22,196
2020-10-28T17:00:57Z,25.83,-92.19,8.22,196
2020-10-28T17:00:58Z,25.83,-92.32,8.22,196
2020-10-28T17:00:59Z,25.83,-92.32,8.22,196
2020-10-28T17:01:00Z,25.83,-92.32,8.22,196
2020-10-28T17:01:01Z,25.83,-92.36,8.23,196
2020-10-28T17:01:02Z,25.83,-92.35,8.22,196
2020-10-28T17:01:03Z,25.83,-92.32,8.22,196
2020-10-28T17:01:04Z,25.83,-92.33,8.22,196
2020-10-28T17:01:05Z,25.83,-92.33,8.22,196
2020-10-28T17:01:06Z,25.83,-92.32,8.22,196
2020-10-28T17:01:07Z,25.83,-92.32,8.22,196
2020-10-28T17:01:08Z,25.83,-92.32,8.22,196
2020-10-28T17:01:09Z,25.83,-92.32,8.22,196
2020-10-28T17:01:10Z,25.83,-92.32,8.22,196
2020-10-28T17:01:11Z,25.83,-92.32,8.22,196
2020-10-28T17:01:12Z,25.83,-92.32,8.22,196
2020-10-28T17:01:13Z,25.83,-92.32,8.22,196
2020-10-28T17:01:14Z,25.83,-92.32,8.22,196
2020-10-28T17:01:15Z,25.83,-92.32,8.22,196
2020-10-28T17:01:16Z,25.83,-92.32,8.22,196
2020-10-28T17:01:17Z,25.83,-92.32,8.22,196
2020-10-28T17:01:18Z,25.83,-92.32,8.22,196
2020-10-28T17:01:19Z,25.83,-92.32,8.22,196
2020-10-28T17:01:20Z,25.83,-92.32,8.22,196
2020-10-28T17:01:21Z,25.83,-92.32,8.22,196
2020-10-28T17:01:22Z,25.83,-92.32,8.22,196
2020-10-28T17:01:23Z,25.83,-92.32,8.22,196
2020-10-28T17:01:24Z,25.83,-92.32,8.22,196
2020-10-28T17:01:25Z,25.83,-92.32,8.22,196
2020-10-28T17:01:26Z,25.83,-92.32,8.22,196
2020-10-28T17:01:27Z,25.83,-92.32,8.22,196
2020-10-28T17:01:28Z,25.83,-92.32,8.22,196
2020-10-28T17:01:29Z,25.83,-92.32,8.22,196
2020-10-28T17:01:30Z,25.83,-92.32,8.22,196
2020-10-28T17:01:31Z,25.83,-92.32,8.22,196
2020-10-28T17:01:32Z,25.83,-92.32,8.22,196
2020-10-28T17:01:33Z,25.83,-92.32,8.22,196
2020-10-28T17:01:34Z,25.83,-92.32,8.22,196
2020-10-28T17:01:35Z,25.83,-92.32,8.22,196
2020-10-28T17:01:36Z,25.83,-92.32,8.22,196
2020-10-28T17:01:37Z,25.83,-92.32,8.22,196
2020-10-28T17:01:38Z,25.83,-92.32,8.22,196
2020-10-28T17:01:39Z,25.83,-92.32,8.22,196
2020-10-28T17:01:40Z,25.83,-92.32,8.22,196
2020-10-28T17:01:41Z,25.83,-92.32,8.22,196
2020-10-28T17:01:42Z,25.83,-92.32,8.22,196
2020-10-28T17:01:43Z,25.83,-92.32,8.22,196
2020-10-28T17:01:44Z,25.83,-92.32,8.22,196
2020-10-28T17:01:45Z,25.83,-92.32,8.22,196
2020-10-28T17:01:46Z,25.83,-92.32,8.22,196
2020-10-28T17:01:47Z,25.83,-92.32,8.22,196
2020-10-28T17:01:48Z,25.83,-92.32,8.22,196
2020-10-28T17:01:49Z,25.83,-92.32,8.22,196
2020-10-28T17:01:50Z,25.83,-92.32,8.22,196
2020-10-28T17:01:51Z,25.83,-92.32,8.22,196
2020-10-28T17:01:52Z,25.83,-92.32,8.22,196
2020-10-28T17:01:53Z,25.83,-92.32,8.22,196
2020-10-28T17:01:54Z,25.83,-92.32,8.22,196
2020-10-28T17:01:55Z,25.83,-92.32,8.22,196
2020-10-28T17:01:56Z,25.83,-92.32,8.22,196
2020-10-28T17:01:57Z,25.83,-92.32,8.22,196
2020-10-28T17:01:58Z,25.83,-92.33,8.22,196
2020-10-28T17:01:59Z,25.83,-92.32,8.22,196
2020-10-28T17:02:00Z,25.83,-92.32,8.22,196
2020-10-28T17:02:01Z,25.83,-92.32,8.22,196
2020-10-28T17:02:02Z,25.83,-92.32,8.22,196
2020-10-28T17:02:03Z,25.83,-92.33,8.22,196
2020-10-28T17:02:04Z,25.83,-92.32,8.22,196
2020-10-28T17:02:05Z,25.83,-92.32,8.22,196
2020-10-28T17:02:06Z,25.83,-92.32,8.22,196
2020-10-28T17:02:07Z,25.83,-92.33,8.22,196
2020-10-28T17:02:08Z,25.83,-92.32,8.22,196
2020-10-28T17:02:09Z,25.83,-92.32,8.22,196
2020-10-28T17:02:10Z,25.83,-92.32,8.22,196
2020-10-28T17:02:11Z,25.83,-92.33,8.22,196
2020-10-28T17:02:12Z,25.83,-92.33,8.22,196
2020-10-28T17:02:13Z,25.83,-92.33,8.22,196
2020-10-28T17:02:14Z,25.83,-92.33,8.22,196
2020-10-28T17:02:15Z,25.83,-92.33,8.22,196
2020-10-28T17:02:16Z,25.83,-92.32,8.22,196
2020-10-28T17:02:17Z,25.83,-92.32,8.22,196
2020-10-28T17:02:18Z,25.83,-92.3,8.22,196
2020-10-28T17:02:19Z,25.83,-92.33,8.22,196
2020-10-28T17:02:20Z,25.83,-92.33,8.22,196
2020-10-28T17:02:21Z,25.83,-92.33,8.22,196
2020-10-28T17:02:22Z,25.83,-92.33,8.22,196
2020-10-28T17:02:23Z,25.83,-92.32,8.22,196
2020-10-28T17:02:24Z,25.83,-92.33,8.22,196
2020-10-28T17:02:25Z,25.83,-92.33,8.22,196
2020-10-28T17:02:26Z,25.83,-92.33,8.22,196
2020-10-28T17:02:27Z,25.83,-92.33,8.22,196
2020-10-28T17:02:28Z,25.83,-92.33,8.22,196
2020-10-28T17:02:29Z,25.83,-92.33,8.22,196
2020-10-28T17:02:30Z,25.83,-92.33,8.22,196
2020-10-28T17:02:31Z,25.83,-92.33,8.22,196
2020-10-28T17:02:32Z,25.83,-92.33,8.22,196
2020-10-28T17:02:33Z,25.83,-92.33,8.22,196
2020-10-28T17:02:34Z,25.83,-92.33,8.22,196
2020-10-28T17:02:35Z,25.83,-92.33,8.22,196
2020-10-28T17:02:36Z,25.83,-92.33,8.22,196
2020-10-28T17:02:37Z,25.83,-92.33,8.22,196
2020-10-28T17:02:38Z,25.83,-92.33,8.22,196
2020-10-28T17:02:39Z,25.83,-92.33,8.22,196
2020-10-28T17:02:40Z,25.83,-92.33,8.22,196
2020-10-28T17:02:41Z,25.83,-92.33,8.22,196
2020-10-28T17:02:42Z,25.83,-92.33,8.22,196
2020-10-28T17:02:43Z,25.83,-92.33,8.22,196
2020-10-28T17:02:44Z,25.83,-92.33,8.22,196
2020-10-28T17:02:45Z,25.83,-92.33,8.22,196
2020-10-28T17:02:46Z,25.83,-92.33,8.22,196
2020-10-28T17:02:47Z,25.83,-92.33,8.22,196
2020-10-28T17:02:48Z,25.83,-92.33,8.22,196
2020-10-28T17:02:49Z,25.83,-92.25,8.22,196
2020-10-28T17:02:50Z,25.83,-92.36,8.23,196
2020-10-28T17:02:51Z,25.83,-92.38,8.23,196
2020-10-28T17:02:52Z,25.81,-92.32,8.22,196
2020-10-28T17:02:53Z,25.81,-92.32,8.22,196
2020-10-28T17:02:54Z,25.81,-92.3,8.22,196
2020-10-28T17:02:55Z,25.81,-92.35,8.23,196
2020-10-28T17:02:56Z,25.81,-92.32,8.22,196
2020-10-28T17:02:57Z,25.81,-92.32,8.22,196
2020-10-28T17:02:58Z,25.81,-92.32,8.22,196
2020-10-28T17:02:59Z,25.81,-92.32,8.22,196
2020-10-28T17:03:00Z,25.81,-92.32,8.22,196
2020-10-28T17:03:01Z,25.81,-92.33,8.22,196
2020-10-28T17:03:02Z,25.81,-92.33,8.22,196
2020-10-28T17:03:03Z,25.81,-92.33,8.22,196
2020-10-28T17:03:04Z,25.81,-92.33,8.22,196
2020-10-28T17:03:05Z,25.81,-92.33,8.22,196
2020-10-28T17:03:06Z,25.81,-92.33,8.22,196
2020-10-28T17:03:07Z,25.81,-92.33,8.22,196
2020-10-28T17:03:08Z,25.81,-92.33,8.22,196
2020-10-28T17:03:09Z,25.81,-92.33,8.22,196
2020-10-28T17:03:10Z,25.81,-92.33,8.22,196
2020-10-28T17:03:11Z,25.81,-92.33,8.22,196
2020-10-28T17:03:12Z,25.81,-92.33,8.22,196
2020-10-28T17:03:13Z,25.81,-92.33,8.22,196
2020-10-28T17:03:14Z,25.81,-92.33,8.22,196
2020-10-28T17:03:15Z,25.81,-92.33,8.22,196
2020-10-28T17:03:16Z,25.81,-92.33,8.22,196
2020-10-28T17:03:17Z,25.81,-92.33,8.22,196
2020-10-28T17:03:18Z,25.81,-92.39,8.23,196
2020-10-28T17:03:19Z,25.81,-92.35,8.23,196
2020-10-28T17:03:20Z,25.81,-92.35,8.23,196
2020-10-28T17:03:21Z,25.81,-92.35,8.23,196
2020-10-28T17:03:22Z,25.81,-92.33,8.22,196
2020-10-28T17:03:23Z,25.81,-92.33,8.22,196
2020-10-28T17:03:24Z,25.81,-92.33,8.22,196
2020-10-28T17:03:25Z,25.81,-92.33,8.22,196
2020-10-28T17:03:26Z,25.81,-92.33,8.22,196
2020-10-28T17:03:27Z,25.81,-92.33,8.22,196
2020-10-28T17:03:28Z,25.81,-92.33,8.22,196
2020-10-28T17:03:29Z,25.81,-92.33,8.22,196
2020-10-28T17:03:30Z,25.81,-92.33,8.22,196
2020-10-28T17:03:31Z,25.81,-92.33,8.22,196
2020-10-28T17:03:32Z,25.81,-92.33,8.22,196
2020-10-28T17:03:33Z,25.81,-92.33,8.22,196
2020-10-28T17:03:34Z,25.81,-92.35,8.23,196
2020-10-28T17:03:35Z,25.81,-92.35,8.23,196
2020-10-28T17:03:36Z,25.81,-92.33,8.22,196
2020-10-28T17:03:37Z,25.81,-92.35,8.23,196
2020-10-28T17:03:38Z,25.81,-92.33,8.22,196
2020-10-28T17:03:39Z,25.81,-92.35,8.23,196
2020-10-28T17:03:40Z,25.81,-92.35,8.23,196
2020-10-28T17:03:41Z,25.81,-92.33,8.22,196
2020-10-28T17:03:42Z,25.81,-92.33,8.22,196
2020-10-28T17:03:43Z,25.81,-92.35,8.23,196
2020-10-28T17:03:44Z,25.81,-92.35,8.23,196
2020-10-28T17:03:45Z,25.81,-92.35,8.23,196
2020-10-28T17:03:46Z,25.81,-92.33,8.22,196
2020-10-28T17:03:47Z,25.81,-92.35,8.23,196
2020-10-28T17:03:48Z,25.81,-92.35,8.23,196
2020-10-28T17:03:49Z,25.78,-92.35,8.23,196
2020-10-28T17:03:50Z,25.78,-92.33,8.22,196
2020-10-28T17:03:51Z,25.78,-92.35,8.23,196
2020-10-28T17:03:52Z,25.78,-92.35,8.23,196
2020-10-28T17:03:53Z,25.78,-92.35,8.23,196
2020-10-28T17:03:54Z,25.78,-92.35,8.23,196
2020-10-28T17:03:55Z,25.78,-92.35,8.23,196
2020-10-28T17:03:56Z,25.78,-92.35,8.23,196
2020-10-28T17:03:57Z,25.78,-92.35,8.23,196
2020-10-28T17:03:58Z,25.78,-92.35,8.23,196
2020-10-28T17:03:59Z,25.78,-92.35,8.23,196
2020-10-28T17:04:00Z,25.78,-92.35,8.23,196
2020-10-28T17:04:01Z,25.78,-92.35,8.23,196
2020-10-28T17:04:02Z,25.78,-92.35,8.23,196
2020-10-28T17:04:03Z,25.78,-92.35,8.23,196
2020-10-28T17:04:04Z,25.78,-92.35,8.23,196
2020-10-28T17:04:05Z,25.78,-92.35,8.23,196
2020-10-28T17:04:06Z,25.78,-92.35,8.23,196
2020-10-28T17:04:07Z,25.78,-92.35,8.23,196
2020-10-28T17:04:08Z,25.78,-92.35,8.23,196
2020-10-28T17:04:09Z,25.78,-92.35,8.23,196
2020-10-28T17:04:10Z,25.78,-92.35,8.23,196
2020-10-28T17:04:11Z,25.78,-92.35,8.23,196
2020-10-28T17:04:12Z,25.78,-92.35,8.23,196
2020-10-28T17:04:13Z,25.78,-92.35,8.23,196
2020-10-28T17:04:14Z,25.78,-92.35,8.23,196
2020-10-28T17:04:15Z,25.78,-92.35,8.23,196
2020-10-28T17:04:16Z,25.78,-92.35,8.23,196
2020-10-28T17:04:17Z,25.78,-92.35,8.23,196
2020-10-28T17:04:18Z,25.78,-92.35,8.23,196
2020-10-28T17:04:19Z,25.78,-92.35,8.23,196
2020-10-28T17:04:20Z,25.78,-92.35,8.23,196
2020-10-28T17:04:21Z,25.78,-92.36,8.23,196
2020-10-28T17:04:22Z,25.78,-92.35,8.23,196
2020-10-28T17:04:23Z,25.78,-92.35,8.23,196
2020-10-28T17:04:24Z,25.78,-92.35,8.23,196
2020-10-28T17:04:25Z,25.78,-92.35,8.23,196
2020-10-28T17:04:26Z,25.78,-92.35,8.23,196
2020-10-28T17:04:27Z,25.78,-92.36,8.23,196
2020-10-28T17:04:28Z,25.78,-92.35,8.23,196
2020-10-28T17:04:29Z,25.78,-92.35,8.23,196
2020-10-28T17:04:30Z,25.78,-92.36,8.23,196
2020-10-28T17:04:31Z,25.78,-92.36,8.23,196
2020-10-28T17:04:32Z,25.78,-92.35,8.23,196
2020-10-28T17:04:33Z,25.78,-92.36,8.23,196
2020-10-28T17:04:34Z,25.78,-92.36,8.23,196
2020-10-28T17:04:35Z,25.78,-92.36,8.23,196
2020-10-28T17:04:36Z,25.78,-92.36,8.23,196
2020-10-28T17:04:37Z,25.78,-92.35,8.23,196
2020-10-28T17:04:38Z,25.78,-92.36,8.23,196
2020-10-28T17:04:39Z,25.78,-92.35,8.23,196
2020-10-28T17:04:40Z,25.78,-92.35,8.23,196
2020-10-28T17:04:41Z,25.78,-92.36,8.23,196
2020-10-28T17:04:42Z,25.78,-92.35,8.23,196
2020-10-28T17:04:43Z,25.78,-92.36,8.23,196
2020-10-28T17:04:44Z,25.78,-92.36,8.23,196
2020-10-28T17:04:45Z,25.78,-92.36,8.23,196
2020-10-28T17:04:46Z,25.78,-92.36,8.23,196
2020-10-28T17:04:47Z,25.78,-92.36,8.23,196
2020-10-28T17:04:48Z,25.78,-92.36,8.23,196
2020-10-28T17:04:49Z,25.78,-92.36,8.23,196
2020-10-28T17:04:50Z,25.78,-92.36,8.23,196
2020-10-28T17:04:51Z,25.78,-92.36,8.23,196
2020-10-28T17:04:52Z,25.78,-92.36,8.23,196
2020-10-28T17:04:53Z,25.78,-92.36,8.23,196
2020-10-28T17:04:54Z,25.78,-92.36,8.23,196
2020-10-28T17:04:55Z,25.78,-92.36,8.23,196
2020-10-28T17:04:56Z,25.78,-92.36,8.23,196
2020-10-28T17:04:57Z,25.78,-92.36,8.23,196
2020-10-28T17:04:58Z,25.78,-92.36,8.23,196
2020-10-28T17:04:59Z,25.78,-92.38,8.23,196
2020-10-28T17:05:00Z,25.78,-92.38,8.23,196
2020-10-28T17:05:01Z,25.78,-92.36,8.23,196
2020-10-28T17:05:02Z,25.78,-92.38,8.23,196
2020-10-28T17:05:03Z,25.78,-92.38,8.23,196
2020-10-28T17:05:04Z,25.78,-92.38,8.23,196
2020-10-28T17:05:05Z,25.78,-92.38,8.23,196
2020-10-28T17:05:06Z,25.78,-92.38,8.23,196
2020-10-28T17:05:07Z,25.78,-92.38,8.23,196
2020-10-28T17:05:08Z,25.78,-92.38,8.23,196
2020-10-28T17:05:09Z,25.78,-92.38,8.23,196
2020-10-28T17:05:10Z,25.78,-92.38,8.23,196
2020-10-28T17:05:11Z,25.78,-92.38,8.23,196
2020-10-28T17:05:12Z,25.78,-92.38,8.23,196
2020-10-28T17:05:13Z,25.78,-92.38,8.23,196
2020-10-28T17:05:14Z,25.78,-92.38,8.23,196
2020-10-28T17:05:15Z,25.78,-92.38,8.23,196
2020-10-28T17:05:16Z,25.78,-92.38,8.23,196
2020-10-28T17:05:17Z,25.78,-92.38,8.23,196
2020-10-28T17:05:18Z,25.78,-92.38,8.23,196
2020-10-28T17:05:19Z,25.78,-92.38,8.23,196
2020-10-28T17:05:20Z,25.78,-92.38,8.23,196
2020-10-28T17:05:21Z,25.78,-92.38,8.23,196
2020-10-28T17:05:22Z,25.78,-92.38,8.23,196
2020-10-28T17:05:23Z,25.78,-92.38,8.23,196
2020-10-28T17:05:24Z,25.78,-92.38,8.23,196
2020-10-28T17:05:25Z,25.78,-92.38,8.23,196
2020-10-28T17:05:26Z,25.78,-92.38,8.23,196
2020-10-28T17:05:27Z,25.78,-92.38,8.23,196
2020-10-28T17:05:28Z,25.76,-92.39,8.23,196
2020-10-28T17:05:29Z,25.76,-92.38,8.23,196
2020-10-28T17:05:30Z,25.76,-92.38,8.23,196
2020-10-28T17:05:31Z,25.76,-92.38,8.23,196
2020-10-28T17:05:32Z,25.76,-92.38,8.23,196
2020-10-28T17:05:33Z,25.76,-92.36,8.23,196
2020-10-28T17:05:34Z,25.76,-92.36,8.23,196
2020-10-28T17:05:35Z,25.76,-92.38,8.23,196
2020-10-28T17:05:36Z,25.78,-92.38,8.23,196
2020-10-28T17:05:37Z,25.78,-92.38,8.23,196
2020-10-28T17:05:38Z,25.76,-92.36,8.23,196
2020-10-28T17:05:39Z,25.76,-92.38,8.23,196
2020-10-28T17:05:40Z,25.76,-92.38,8.23,196
2020-10-28T17:05:41Z,25.76,-92.36,8.23,196
2020-10-28T17:05:42Z,25.76,-92.38,8.23,196
2020-10-28T17:05:43Z,25.76,-92.38,8.23,196
2020-10-28T17:05:44Z,25.76,-92.38,8.23,196
2020-10-28T17:05:45Z,25.76,-92.36,8.23,196
2020-10-28T17:05:46Z,25.76,-92.36,8.23,196
2020-10-28T17:05:47Z,25.76,-92.36,8.23,196
2020-10-28T17:05:48Z,25.76,-92.36,8.23,196
2020-10-28T17:05:49Z,25.76,-92.38,8.23,196
2020-10-28T17:05:50Z,25.76,-92.38,8.23,196
2020-10-28T17:05:51Z,25.76,-92.36,8.23,196
2020-10-28T17:05:52Z,25.76,-92.36,8.23,196
2020-10-28T17:05:53Z,25.76,-92.38,8.23,196
2020-10-28T17:05:54Z,25.76,-92.38,8.23,196
2020-10-28T17:05:55Z,25.76,-92.38,8.23,196
2020-10-28T17:05:56Z,25.76,-92.38,8.23,196
2020-10-28T17:05:57Z,25.76,-92.38,8.23,196
2020-10-28T17:05:58Z,25.76,-92.36,8.23,196
2020-10-28T17:05:59Z,25.76,-92.36,8.23,196
2020-10-28T17:06:00Z,25.76,-92.38,8.23,196
2020-10-28T17:06:01Z,25.76,-92.38,8.23,196
2020-10-28T17:06:02Z,25.76,-92.36,8.23,196
2020-10-28T17:06:03Z,25.76,-92.36,8.23,196
2020-10-28T17:06:04Z,25.76,-92.38,8.23,196
2020-10-28T17:06:05Z,25.76,-92.36,8.23,196
2020-10-28T17:06:06Z,25.76,-92.38,8.23,196
2020-10-28T17:06:07Z,25.76,-92.38,8.23,196
2020-10-28T17:06:08Z,25.76,-92.38,8.23,196
2020-10-28T17:06:09Z,25.76,-92.38,8.23,196
2020-10-28T17:06:10Z,25.76,-92.38,8.23,196
2020-10-28T17:06:11Z,25.76,-92.38,8.23,196
2020-10-28T17:06:12Z,25.76,-92.38,8.23,196
2020-10-28T17:06:13Z,25.76,-92.38,8.23,196
2020-10-28T17:06:14Z,25.76,-92.38,8.23,196
2020-10-28T17:06:15Z,25.76,-92.38,8.23,196
2020-10-28T17:06:16Z,25.76,-92.38,8.23,196
2020-10-28T17:06:17Z,25.76,-92.38,8.23,196
2020-10-28T17:06:18Z,25.76,-92.38,8.23,196
2020-10-28T17:06:19Z,25.76,-92.38,8.23,196
2020-10-28T17:06:20Z,25.76,-92.38,8.23,196
2020-10-28T17:06:21Z,25.76,-92.38,8.23,196
2020-10-28T17:06:22Z,25.76,-92.38,8.23,196
2020-10-28T17:06:23Z,25.76,-92.38,8.23,196
2020-10-28T17:06:24Z,25.76,-92.36,8.23,196
2020-10-28T17:06:25Z,25.76,-92.38,8.23,196
2020-10-28T17:06:26Z,25.76,-92.36,8.23,196
2020-10-28T17:06:27Z,25.76,-92.38,8.23,196
2020-10-28T17:06:28Z,25.76,-92.38,8.23,196
2020-10-28T17:06:29Z,25.76,-92.38,8.23,196
2020-10-28T17:06:30Z,25.76,-92.38,8.23,196
2020-10-28T17:06:31Z,25.76,-92.36,8.23,196
2020-10-28T17:06:32Z,25.76,-92.38,8.23,196
2020-10-28T17:06:33Z,25.76,-92.38,8.23,196
2020-10-28T17:06:34Z,25.76,-92.36,8.23,196
2020-10-28T17:06:35Z,25.76,-92.38,8.23,196
2020-10-28T17:06:36Z,25.76,-92.36,8.23,196
2020-10-28T17:06:37Z,25.76,-92.38,8.23,196
2020-10-28T17:06:38Z,25.76,-92.36,8.23,196
2020-10-28T17:06:39Z,25.76,-92.38,8.23,196
2020-10-28T17:06:40Z,25.76,-92.38,8.23,196
2020-10-28T17:06:41Z,25.76,-92.38,8.23,196
2020-10-28T17:06:42Z,25.76,-92.41,8.23,196
2020-10-28T17:06:43Z,25.76,-92.36,8.23,196
2020-10-28T17:06:44Z,25.76,-92.38,8.23,196
2020-10-28T17:06:45Z,25.76,-92.35,8.23,196
2020-10-28T17:06:46Z,25.76,-92.38,8.23,196
2020-10-28T17:06:47Z,25.76,-92.38,8.23,196
2020-10-28T17:06:48Z,25.76,-92.36,8.23,196
2020-10-28T17:06:49Z,25.76,-92.36,8.23,196
2020-10-28T17:06:50Z,25.76,-92.38,8.23,196
2020-10-28T17:06:51Z,25.76,-92.38,8.23,196
2020-10-28T17:06:52Z,25.76,-92.36,8.23,196
2020-10-28T17:06:53Z,25.76,-92.36,8.23,196
2020-10-28T17:06:54Z,25.76,-92.36,8.23,196
2020-10-28T17:06:55Z,25.76,-92.36,8.23,196
2020-10-28T17:06:56Z,25.76,-92.38,8.23,196
2020-10-28T17:06:57Z,25.76,-92.36,8.23,196
2020-10-28T17:06:58Z,25.76,-92.36,8.23,196
2020-10-28T17:06:59Z,25.76,-92.36,8.23,196
2020-10-28T17:07:00Z,25.76,-92.36,8.23,196
2020-10-28T17:07:01Z,25.76,-92.36,8.23,196
2020-10-28T17:07:02Z,25.76,-92.36,8.23,196
2020-10-28T17:07:03Z,25.76,-92.36,8.23,196
2020-10-28T17:07:04Z,25.76,-92.38,8.23,196
2020-10-28T17:07:05Z,25.76,-92.38,8.23,196
2020-10-28T17:07:06Z,25.76,-92.36,8.23,196
2020-10-28T17:07:07Z,25.76,-92.38,8.23,196
2020-10-28T17:07:08Z,25.76,-92.38,8.23,196
2020-10-28T17:07:09Z,25.76,-92.38,8.23,196
2020-10-28T17:07:10Z,25.76,-92.38,8.23,196
2020-10-28T17:07:11Z,25.76,-92.38,8.23,196
2020-10-28T17:07:12Z,25.76,-92.36,8.23,196
2020-10-28T17:07:13Z,25.76,-92.36,8.23,196
2020-10-28T17:07:14Z,25.76,-92.38,8.23,196
2020-10-28T17:07:15Z,25.76,-92.36,8.23,196
2020-10-28T17:07:16Z,25.76,-92.36,8.23,196
2020-10-28T17:07:17Z,25.76,-92.36,8.23,196
2020-10-28T17:07:18Z,25.76,-92.36,8.23,196
2020-10-28T17:07:19Z,25.76,-92.36,8.23,196
2020-10-28T17:07:20Z,25.76,-92.38,8.23,196
2020-10-28T17:07:21Z,25.76,-92.38,8.23,196
2020-10-28T17:07:22Z,25.76,-92.38,8.23,196
2020-10-28T17:07:23Z,25.76,-92.36,8.23,196
2020-10-28T17:07:24Z,25.76,-92.36,8.23,196
2020-10-28T17:07:25Z,25.76,-92.38,8.23,196
2020-10-28T17:07:26Z,25.76,-92.36,8.23,196
2020-10-28T17:07:27Z,25.76,-92.38,8.23,196
2020-10-28T17:07:28Z,25.76,-92.36,8.23,196
2020-10-28T17:07:29Z,25.76,-92.36,8.23,196
2020-10-28T17:07:30Z,25.76,-92.36,8.23,196
2020-10-28T17:07:31Z,25.76,-92.36,8.23,196
2020-10-28T17:07:32Z,25.76,-92.36,8.23,196
2020-10-28T17:07:33Z,25.76,-92.36,8.23,196
2020-10-28T17:07:34Z,25.76,-92.36,8.23,196
2020-10-28T17:07:35Z,25.76,-92.38,8.23,196
2020-10-28T17:07:36Z,25.76,-92.36,8.23,196
2020-10-28T17:07:37Z,25.76,-92.38,8.23,196
2020-10-28T17:07:38Z,25.76,-92.36,8.23,196
2020-10-28T17:07:39Z,25.76,-92.38,8.23,196
2020-10-28T17:07:40Z,25.76,-92.38,8.23,196
2020-10-28T17:07:41Z,25.76,-92.38,8.23,196
2020-10-28T17:07:42Z,25.76,-92.36,8.23,196
2020-10-28T17:07:43Z,25.76,-92.38,8.23,196
2020-10-28T17:07:44Z,25.76,-92.36,8.23,196
2020-10-28T17:07:45Z,25.76,-92.38,8.23,196
2020-10-28T17:07:46Z,25.76,-92.36,8.23,196
2020-10-28T17:07:47Z,25.76,-92.35,8.23,196
2020-10-28T17:07:48Z,25.76,-92.36,8.23,196
2020-10-28T17:07:49Z,25.76,-92.36,8.23,196
2020-10-28T17:07:50Z,25.76,-92.38,8.23,196
2020-10-28T17:07:51Z,25.76,-92.36,8.23,196
2020-10-28T17:07:52Z,25.76,-92.36,8.23,196
2020-10-28T17:07:53Z,25.76,-92.36,8.23,196
2020-10-28T17:07:54Z,25.76,-92.38,8.23,196
2020-10-28T17:07:55Z,25.76,-92.38,8.23,196
2020-10-28T17:07:56Z,25.76,-92.38,8.23,196
2020-10-28T17:07:57Z,25.76,-92.36,8.23,196
2020-10-28T17:07:58Z,25.76,-92.36,8.23,196
2020-10-28T17:07:59Z,25.76,-92.38,8.23,196
2020-10-28T17:08:00Z,25.76,-92.36,8.23,196
2020-10-28T17:08:01Z,25.76,-92.36,8.23,196
2020-10-28T17:08:02Z,25.76,-92.36,8.23,196
2020-10-28T17:08:03Z,25.76,-92.38,8.23,196
2020-10-28T17:08:04Z,25.76,-92.38,8.23,196
2020-10-28T17:08:05Z,25.76,-92.38,8.23,196
2020-10-28T17:08:06Z,25.76,-92.35,8.23,196
2020-10-28T17:08:07Z,25.76,-92.46,8.23,196
2020-10-28T17:08:08Z,25.76,-92.42,8.23,196
2020-10-28T17:08:09Z,25.76,-92.39,8.23,196
2020-10-28T17:08:10Z,25.76,-92.39,8.23,196
2020-10-28T17:08:11Z,25.76,-92.38,8.23,196
2020-10-28T17:08:12Z,25.76,-92.38,8.23,196
2020-10-28T17:08:13Z,25.76,-92.38,8.23,196
2020-10-28T17:08:14Z,25.76,-92.38,8.23,196
2020-10-28T17:08:15Z,25.76,-92.38,8.23,196
2020-10-28T17:08:16Z,25.76,-92.38,8.23,196
2020-10-28T17:08:17Z,25.76,-92.38,8.23,196
2020-10-28T17:08:18Z,25.76,-92.38,8.23,196
2020-10-28T17:08:19Z,25.76,-92.38,8.23,196
2020-10-28T17:08:20Z,25.76,-92.38,8.23,196
2020-10-28T17:08:21Z,25.76,-92.38,8.23,196
2020-10-28T17:08:22Z,25.76,-92.38,8.23,196
2020-10-28T17:08:23Z,25.76,-92.38,8.23,196
2020-10-28T17:08:24Z,25.76,-92.38,8.23,196
2020-10-28T17:08:25Z,25.76,-92.36,8.23,196
2020-10-28T17:08:26Z,25.76,-92.36,8.23,196
2020-10-28T17:08:27Z,25.76,-92.36,8.23,196
2020-10-28T17:08:28Z,25.76,-92.36,8.23,196
2020-10-28T17:08:29Z,25.76,-92.36,8.23,196
2020-10-28T17:08:30Z,25.76,-92.36,8.23,196
2020-10-28T17:08:31Z,25.76,-92.36,8.23,196
2020-10-28T17:08:32Z,25.76,-92.36,8.23,196
2020-10-28T17:08:33Z,25.76,-92.36,8.23,196
2020-10-28T17:08:34Z,25.76,-92.36,8.23,196
2020-10-28T17:08:35Z,25.76,-92.36,8.23,196
2020-10-28T17:08:36Z,25.76,-92.36,8.23,196
2020-10-28T17:08:37Z,25.76,-92.36,8.23,196
2020-10-28T17:08:38Z,25.76,-92.36,8.23,196
2020-10-28T17:08:39Z,25.76,-92.36,8.23,196
2020-10-28T17:08:40Z,25.76,-92.36,8.23,196
2020-10-28T17:08:41Z,25.76,-92.36,8.23,196
2020-10-28T17:08:42Z,25.76,-92.36,8.23,196
2020-10-28T17:08:43Z,25.76,-92.36,8.23,196
2020-10-28T17:08:44Z,25.76,-92.36,8.23,196
2020-10-28T17:08:45Z,25.76,-92.35,8.23,196
2020-10-28T17:08:46Z,25.76,-92.36,8.23,196
2020-10-28T17:08:47Z,25.76,-92.36,8.23,196
2020-10-28T17:08:48Z,25.76,-92.36,8.23,196
2020-10-28T17:08:49Z,25.76,-92.36,8.23,196
2020-10-28T17:08:50Z,25.76,-92.36,8.23,196
2020-10-28T17:08:51Z,25.76,-92.36,8.23,196
2020-10-28T17:08:52Z,25.76,-92.36,8.23,196
2020-10-28T17:08:53Z,25.76,-92.36,8.23,196
2020-10-28T17:08:54Z,25.76,-92.36,8.23,196
2020-10-28T17:08:55Z,25.76,-92.36,8.23,196
2020-10-28T17:08:56Z,25.76,-92.36,8.23,196
2020-10-28T17:08:57Z,25.76,-92.36,8.23,196
2020-10-28T17:08:58Z,25.76,-92.36,8.23,196
2020-10-28T17:08:59Z,25.76,-92.36,8.23,196
2020-10-28T17:09:00Z,25.76,-92.38,8.23,196
2020-10-28T17:09:01Z,25.76,-92.44,8.23,196
2020-10-28T17:09:02Z,25.76,-92.39,8.23,196
2020-10-28T17:09:03Z,25.76,-92.38,8.23,196
2020-10-28T17:09:04Z,25.76,-92.36,8.23,196
2020-10-28T17:09:05Z,25.76,-92.38,8.23,196
2020-10-28T17:09:06Z,25.76,-92.38,8.23,196
2020-10-28T17:09:07Z,25.76,-92.38,8.23,196
2020-10-28T17:09:08Z,25.76,-92.39,8.23,196
2020-10-28T17:09:09Z,25.76,-92.38,8.23,196
2020-10-28T17:09:10Z,25.76,-92.39,8.23,196
2020-10-28T17:09:11Z,25.76,-92.39,8.23,196
2020-10-28T17:09:12Z,25.76,-92.39,8.23,196
2020-10-28T17:09:13Z,25.76,-92.38,8.23,196
2020-10-28T17:09:14Z,25.76,-92.38,8.23,196
2020-10-28T17:09:15Z,25.76,-92.38,8.23,196
2020-10-28T17:09:16Z,25.76,-92.38,8.23,196
2020-10-28T17:09:17Z,25.76,-92.38,8.23,196
2020-10-28T17:09:18Z,25.76,-92.38,8.23,196
2020-10-28T17:09:19Z,25.76,-92.36,8.23,196
2020-10-28T17:09:20Z,25.76,-92.36,8.23,196
2020-10-28T17:09:21Z,25.76,-92.36,8.23,196
2020-10-28T17:09:22Z,25.76,-92.36,8.23,196
2020-10-28T17:09:23Z,25.76,-92.36,8.23,196
2020-10-28T17:09:24Z,25.76,-92.36,8.23,196
2020-10-28T17:09:25Z,25.76,-92.36,8.23,196
2020-10-28T17:09:26Z,25.76,-92.36,8.23,196
2020-10-28T17:09:27Z,25.76,-92.36,8.23,196
2020-10-28T17:09:28Z,25.76,-92.36,8.23,196
2020-10-28T17:09:29Z,25.76,-92.36,8.23,196
2020-10-28T17:09:30Z,25.76,-92.36,8.23,196
2020-10-28T17:09:31Z,25.76,-92.36,8.23,196
2020-10-28T17:09:32Z,25.76,-92.36,8.23,196
2020-10-28T17:09:33Z,25.76,-92.36,8.23,196
2020-10-28T17:09:34Z,25.76,-92.36,8.23,196
2020-10-28T17:09:35Z,25.76,-92.36,8.23,196
2020-10-28T17:09:36Z,25.76,-92.36,8.23,196
2020-10-28T17:09:37Z,25.76,-92.36,8.23,196
2020-10-28T17:09:38Z,25.76,-92.39,8.23,196
2020-10-28T17:09:39Z,25.76,-92.39,8.23,196
2020-10-28T17:09:40Z,25.76,-92.39,8.23,196
2020-10-28T17:09:41Z,25.76,-92.39,8.23,196
2020-10-28T17:09:42Z,25.76,-92.39,8.23,196
2020-10-28T17:09:43Z,25.78,-92.39,8.23,196
2020-10-28T17:09:44Z,25.78,-92.39,8.23,196
2020-10-28T17:09:45Z,25.78,-92.38,8.23,196
2020-10-28T17:09:46Z,25.78,-92.36,8.23,196
2020-10-28T17:09:47Z,25.78,-92.36,8.23,196
2020-10-28T17:09:48Z,25.78,-92.36,8.23,196
2020-10-28T17:09:49Z,25.78,-92.35,8.23,196
2020-10-28T17:09:50Z,25.78,-92.36,8.23,196
2020-10-28T17:09:51Z,25.78,-92.36,8.23,196
2020-10-28T17:09:52Z,25.78,-92.36,8.23,196
2020-10-28T17:09:53Z,25.78,-92.36,8.23,196
2020-10-28T17:09:54Z,25.78,-92.35,8.23,196
2020-10-28T17:09:55Z,25.78,-92.35,8.23,196
2020-10-28T17:09:56Z,25.78,-92.35,8.23,196
2020-10-28T17:09:57Z,25.78,-92.35,8.23,196
2020-10-28T17:09:58Z,25.78,-92.35,8.23,196
2020-10-28T17:09:59Z,25.78,-92.35,8.23,196
2020-10-28T17:10:00Z,25.78,-92.35,8.23,196
2020-10-28T17:10:01Z,25.78,-92.35,8.23,196
2020-10-28T17:10:02Z,25.78,-92.35,8.23,196
2020-10-28T17:10:03Z,25.78,-92.35,8.23,196
2020-10-28T17:10:04Z,25.78,-92.33,8.22,196
2020-10-28T17:10:05Z,25.78,-92.33,8.22,196
2020-10-28T17:10:06Z,25.78,-92.33,8.22,196
2020-10-28T17:10:07Z,25.78,-92.33,8.22,196
2020-10-28T17:10:08Z,25.78,-92.33,8.22,196
2020-10-28T17:10:09Z,25.78,-92.33,8.22,196
2020-10-28T17:10:10Z,25.78,-92.33,8.22,196
2020-10-28T17:10:11Z,25.78,-92.33,8.22,196
2020-10-28T17:10:12Z,25.78,-92.33,8.22,196
2020-10-28T17:10:13Z,25.78,-92.33,8.22,196
2020-10-28T17:10:14Z,25.78,-92.32,8.22,196
2020-10-28T17:10:15Z,25.81,-92.32,8.22,196
2020-10-28T17:10:16Z,25.81,-92.3,8.22,196
2020-10-28T17:10:17Z,25.81,-92.3,8.22,196
2020-10-28T17:10:18Z,25.81,-92.3,8.22,196
2020-10-28T17:10:19Z,25.81,-92.3,8.22,196
2020-10-28T17:10:20Z,25.81,-92.28,8.22,196
2020-10-28T17:10:21Z,25.81,-92.28,8.22,196
2020-10-28T17:10:22Z,25.81,-92.28,8.22,196
2020-10-28T17:10:23Z,25.81,-92.28,8.22,196
2020-10-28T17:10:24Z,25.81,-92.27,8.22,196
2020-10-28T17:10:25Z,25.81,-92.25,8.22,196
2020-10-28T17:10:26Z,25.81,-92.25,8.22,196
2020-10-28T17:10:27Z,25.81,-92.25,8.22,196
2020-10-28T17:10:28Z,25.81,-92.25,8.22,196
2020-10-28T17:10:29Z,25.81,-92.25,8.22,196
2020-10-28T17:10:30Z,25.81,-92.25,8.22,196
2020-10-28T17:10:31Z,25.81,-92.24,8.22,196
2020-10-28T17:10:32Z,25.81,-92.25,8.22,196
2020-10-28T17:10:33Z,25.81,-92.25,8.22,196
2020-10-28T17:10:34Z,25.81,-92.24,8.22,196
2020-10-28T17:10:35Z,25.81,-92.24,8.22,196
2020-10-28T17:10:36Z,25.81,-92.82,8.23,196
2020-10-28T17:10:37Z,25.81,-92.41,8.23,196
2020-10-28T17:10:38Z,25.83,-92.33,8.22,196
2020-10-28T17:10:39Z,25.83,-92.28,8.22,196
2020-10-28T17:10:40Z,25.83,-92.27,8.22,196
2020-10-28T17:10:41Z,25.83,-92.25,8.22,196
2020-10-28T17:10:42Z,25.83,-92.24,8.22,196
2020-10-28T17:10:43Z,25.83,-92.24,8.22,196
2020-10-28T17:10:44Z,25.83,-92.24,8.22,196
2020-10-28T17:10:45Z,25.83,-92.24,8.22,196
2020-10-28T17:10:46Z,25.83,-92.22,8.22,196
2020-10-28T17:10:47Z,25.83,-92.22,8.22,196
2020-10-28T17:10:48Z,25.83,-92.22,8.22,196
2020-10-28T17:10:49Z,25.83,-92.24,8.22,196
2020-10-28T17:10:50Z,25.83,-92.24,8.22,196
2020-10-28T17:10:51Z,25.83,-92.24,8.22,196
2020-10-28T17:10:52Z,25.83,-92.22,8.22,196
2020-10-28T17:10:53Z,25.83,-92.24,8.22,196
2020-10-28T17:10:54Z,25.83,-92.19,8.22,196
2020-10-28T17:10:55Z,25.83,-92.21,8.22,196
2020-10-28T17:10:56Z,25.85,-92.21,8.22,196
2020-10-28T17:10:57Z,25.85,-92.22,8.22,196
2020-10-28T17:10:58Z,25.85,-92.21,8.22,196
2020-10-28T17:10:59Z,25.85,-92.21,8.22,196
2020-10-28T17:11:00Z,25.85,-92.19,8.22,196
2020-10-28T17:11:01Z,25.85,-92.21,8.22,196
2020-10-28T17:11:02Z,25.85,-92.19,8.22,196
2020-10-28T17:11:03Z,25.85,-92.19,8.22,196
2020-10-28T17:11:04Z,25.85,-92.19,8.22,196
2020-10-28T17:11:05Z,25.85,-92.19,8.22,196
2020-10-28T17:11:06Z,25.85,-92.19,8.22,196
2020-10-28T17:11:07Z,25.85,-92.19,8.22,196
2020-10-28T17:11:08Z,25.85,-92.19,8.22,196
2020-10-28T17:11:09Z,25.85,-92.19,8.22,196
2020-10-28T17:11:10Z,25.85,-92.19,8.22,196
2020-10-28T17:11:11Z,25.85,-92.19,8.22,196
2020-10-28T17:11:12Z,25.85,-92.19,8.22,196
2020-10-28T17:11:13Z,25.88,-92.19,8.22,196
2020-10-28T17:11:14Z,25.88,-92.19,8.22,196
2020-10-28T17:11:15Z,25.88,-92.19,8.22,196
2020-10-28T17:11:16Z,25.88,-92.19,8.22,196
2020-10-28T17:11:17Z,25.88,-92.19,8.22,196
2020-10-28T17:11:18Z,25.88,-92.19,8.22,196
2020-10-28T17:11:19Z,25.88,-92.17,8.22,196
2020-10-28T17:11:20Z,25.88,-92.17,8.22,196
2020-10-28T17:11:21Z,25.88,-92.17,8.22,196
2020-10-28T17:11:22Z,25.88,-92.17,8.22,196
2020-10-28T17:11:23Z,25.88,-92.17,8.22,196
2020-10-28T17:11:24Z,25.88,-92.16,8.22,196
2020-10-28T17:11:25Z,25.88,-92.16,8.22,196
2020-10-28T17:11:26Z,25.88,-92.16,8.22,196
2020-10-28T17:11:27Z,25.88,-92.17,8.22,196
2020-10-28T17:11:28Z,25.9,-92.16,8.22,196
2020-10-28T17:11:29Z,25.9,-92.16,8.22,196
2020-10-28T17:11:30Z,25.9,-92.16,8.22,196
2020-10-28T17:11:31Z,25.9,-92.17,8.22,196
2020-10-28T17:11:32Z,25.9,-92.16,8.22,196
2020-10-28T17:11:33Z,25.9,-92.17,8.22,196
2020-10-28T17:11:34Z,25.9,-92.14,8.22,196
2020-10-28T17:11:35Z,25.9,-92.16,8.22,196
2020-10-28T17:11:36Z,25.9,-92.16,8.22,196
2020-10-28T17:11:37Z,25.9,-92.16,8.22,196
2020-10-28T17:11:38Z,25.9,-92.16,8.22,196
2020-10-28T17:11:39Z,25.9,-92.14,8.22,196
2020-10-28T17:11:40Z,25.9,-92.14,8.22,196
2020-10-28T17:11:41Z,25.9,-92.14,8.22,196
2020-10-28T17:11:42Z,25.9,-92.14,8.22,196
2020-10-28T17:11:43Z,25.93,-92.14,8.22,196
2020-10-28T17:11:44Z,25.93,-92.14,8.22,196
2020-10-28T17:11:45Z,25.93,-92.14,8.22,196
2020-10-28T17:11:46Z,25.93,-92.14,8.22,196
2020-10-28T17:11:47Z,25.93,-92.13,8.22,196
2020-10-28T17:11:48Z,25.93,-92.13,8.22,196
2020-10-28T17:11:49Z,25.93,-92.13,8.22,196
2020-10-28T17:11:50Z,25.93,-92.13,8.22,196
2020-10-28T17:11:51Z,25.93,-92.13,8.22,196
2020-10-28T17:11:52Z,25.93,-92.13,8.22,196
2020-10-28T17:11:53Z,25.93,-92.13,8.22,196
2020-10-28T17:11:54Z,25.93,-92.13,8.22,196
2020-10-28T17:11:55Z,25.93,-92.13,8.22,196
2020-10-28T17:11:56Z,25.93,-92.11,8.22,196
2020-10-28T17:11:57Z,25.95,-92.13,8.22,196
2020-10-28T17:11:58Z,25.95,-92.11,8.22,196
2020-10-28T17:11:59Z,25.95,-92.11,8.22,196
2020-10-28T17:12:00Z,25.95,-92.11,8.22,196
2020-10-28T17:12:01Z,25.95,-92.1,8.22,196
2020-10-28T17:12:02Z,25.95,-92.1,8.22,196
2020-10-28T17:12:03Z,25.95,-92.1,8.22,196
2020-10-28T17:12:04Z,25.95,-92.1,8.22,196
2020-10-28T17:12:05Z,25.95,-92.1,8.22,196
2020-10-28T17:12:06Z,25.95,-92.1,8.22,196
2020-10-28T17:12:07Z,25.95,-92.08,8.22,196
2020-10-28T17:12:08Z,25.95,-92.1,8.22,196
2020-10-28T17:12:09Z,25.95,-92.08,8.22,196
2020-10-28T17:12:10Z,25.95,-92.08,8.22,196
2020-10-28T17:12:11Z,25.98,-92.07,8.22,196
2020-10-28T17:12:12Z,25.98,-92.08,8.22,196
2020-10-28T17:12:13Z,25.98,-92.07,8.22,196
2020-10-28T17:12:14Z,25.98,-92.07,8.22,196
2020-10-28T17:12:15Z,25.98,-92.07,8.22,196
2020-10-28T17:12:16Z,25.98,-92.07,8.22,196
2020-10-28T17:12:17Z,25.98,-92.07,8.22,196
2020-10-28T17:12:18Z,25.98,-92.07,8.22,196
2020-10-28T17:12:19Z,25.98,-92.07,8.22,196
2020-10-28T17:12:20Z,25.98,-92.07,8.22,196
2020-10-28T17:12:21Z,25.98,-92.07,8.22,196
2020-10-28T17:12:22Z,25.98,-92.07,8.22,196
2020-10-28T17:12:23Z,25.98,-92.07,8.22,196
2020-10-28T17:12:24Z,26,-92.07,8.22,196
2020-10-28T17:12:25Z,26,-92.07,8.22,196
2020-10-28T17:12:26Z,26,-92.07,8.22,196
2020-10-28T17:12:27Z,26,-92.07,8.22,196
2020-10-28T17:12:28Z,26,-92.05,8.22,196
2020-10-28T17:12:29Z,26,-92.05,8.22,196
2020-10-28T17:12:30Z,26,-92.05,8.22,196
2020-10-28T17:12:31Z,26,-92.03,8.22,196
2020-10-28T17:12:32Z,26,-92.03,8.22,196
2020-10-28T17:12:33Z,26,-92.05,8.22,196
2020-10-28T17:12:34Z,26,-92.05,8.22,196
2020-10-28T17:12:35Z,26,-92.05,8.22,196
2020-10-28T17:12:36Z,26,-92.05,8.22,196
2020-10-28T17:12:37Z,26.02,-92.05,8.22,196
2020-10-28T17:12:38Z,26.02,-92.05,8.22,196
2020-10-28T17:12:39Z,26.02,-92.05,8.22,196
2020-10-28T17:12:40Z,26.02,-92.05,8.22,196
2020-10-28T17:12:41Z,26.02,-92.03,8.22,196
2020-10-28T17:12:42Z,26.02,-92.03,8.22,196
2020-10-28T17:12:43Z,26.02,-92.03,8.22,196
2020-10-28T17:12:44Z,26.02,-92.03,8.22,196
2020-10-28T17:12:45Z,26.02,-92.03,8.22,196
2020-10-28T17:12:46Z,26.02,-92.03,8.22,196
2020-10-28T17:12:47Z,26.02,-92.03,8.22,196
2020-10-28T17:12:48Z,26.02,-92.03,8.22,196
2020-10-28T17:12:49Z,26.05,-92.03,8.22,196
2020-10-28T17:12:50Z,26.05,-92.02,8.22,196
2020-10-28T17:12:51Z,26.05,-92.02,8.22,196
2020-10-28T17:12:52Z,26.05,-92.02,8.22,196
2020-10-28T17:12:53Z,26.05,-92.02,8.22,196
2020-10-28T17:12:54Z,26.05,-92.03,8.22,196
2020-10-28T17:12:55Z,26.05,-92.02,8.22,196
2020-10-28T17:12:56Z,26.05,-92.02,8.22,196
2020-10-28T17:12:57Z,26.05,-92.02,8.22,196
2020-10-28T17:12:58Z,26.05,-92.02,8.22,196
2020-10-28T17:12:59Z,26.05,-92,8.22,196
2020-10-28T17:13:00Z,26.05,-92.02,8.22,196
2020-10-28T17:13:01Z,26.05,-92,8.22,196
2020-10-28T17:13:02Z,26.07,-92,8.22,196
2020-10-28T17:13:03Z,26.07,-92,8.22,196
2020-10-28T17:13:04Z,26.07,-92,8.22,196
2020-10-28T17:13:05Z,26.07,-92,8.22,196
2020-10-28T17:13:06Z,26.07,-91.99,8.22,196
2020-10-28T17:13:07Z,26.07,-91.99,8.22,196
2020-10-28T17:13:08Z,26.07,-92,8.22,196
2020-10-28T17:13:09Z,26.07,-92,8.22,196
2020-10-28T17:13:10Z,26.07,-91.99,8.22,196
2020-10-28T17:13:11Z,26.07,-92,8.22,196
2020-10-28T17:13:12Z,26.07,-91.99,8.22,196
2020-10-28T17:13:13Z,26.07,-91.99,8.22,196
2020-10-28T17:13:14Z,26.1,-91.99,8.22,196
2020-10-28T17:13:15Z,26.1,-91.99,8.22,196
2020-10-28T17:13:16Z,26.1,-91.97,8.22,196
2020-10-28T17:13:17Z,26.1,-91.97,8.22,196
2020-10-28T17:13:18Z,26.1,-91.97,8.22,196
2020-10-28T17:13:19Z,26.1,-91.99,8.22,196
2020-10-28T17:13:20Z,26.1,-91.97,8.22,196
2020-10-28T17:13:21Z,26.1,-91.97,8.22,196
2020-10-28T17:13:22Z,26.1,-91.97,8.22,196
2020-10-28T17:13:23Z,26.1,-91.97,8.22,196
2020-10-28T17:13:24Z,26.1,-91.97,8.22,196
2020-10-28T17:13:25Z,26.1,-91.97,8.22,196
2020-10-28T17:13:26Z,26.12,-91.97,8.22,196
2020-10-28T17:13:27Z,26.12,-91.97,8.22,196
2020-10-28T17:13:28Z,26.12,-91.97,8.22,196
2020-10-28T17:13:29Z,26.12,-91.97,8.22,196
2020-10-28T17:13:30Z,26.12,-91.97,8.22,196
2020-10-28T17:13:31Z,26.12,-91.97,8.22,196
2020-10-28T17:13:32Z,26.12,-91.97,8.22,196
2020-10-28T17:13:33Z,26.12,-91.97,8.22,196
2020-10-28T17:13:34Z,26.12,-91.97,8.22,196
2020-10-28T17:13:35Z,26.12,-91.97,8.22,196
2020-10-28T17:13:36Z,26.12,-91.97,8.22,196
2020-10-28T17:13:37Z,26.12,-91.97,8.22,196
2020-10-28T17:13:38Z,26.12,-91.96,8.22,196
2020-10-28T17:13:39Z,26.15,-91.96,8.22,196
2020-10-28T17:13:40Z,26.15,-91.97,8.22,196
2020-10-28T17:13:41Z,26.15,-91.97,8.22,196
2020-10-28T17:13:42Z,26.15,-91.97,8.22,196
2020-10-28T17:13:43Z,26.15,-91.97,8.22,196
2020-10-28T17:13:44Z,26.15,-91.97,8.22,196
2020-10-28T17:13:45Z,26.15,-91.97,8.22,196
2020-10-28T17:13:46Z,26.15,-91.97,8.22,196
2020-10-28T17:13:47Z,26.15,-91.96,8.22,196
2020-10-28T17:13:48Z,26.15,-91.96,8.22,196
2020-10-28T17:13:49Z,26.15,-91.96,8.22,196
2020-10-28T17:13:50Z,26.15,-91.94,8.22,196
2020-10-28T17:13:51Z,26.15,-91.94,8.22,196
2020-10-28T17:13:52Z,26.17,-91.94,8.22,196
2020-10-28T17:13:53Z,26.17,-91.94,8.22,196
2020-10-28T17:13:54Z,26.17,-91.94,8.22,196
2020-10-28T17:13:55Z,26.17,-91.94,8.22,196
2020-10-28T17:13:56Z,26.17,-91.94,8.22,196
2020-10-28T17:13:57Z,26.17,-91.94,8.22,196
2020-10-28T17:13:58Z,26.17,-91.94,8.22,196
2020-10-28T17:13:59Z,26.17,-91.94,8.22,196
2020-10-28T17:14:00Z,26.17,-91.92,8.22,196
2020-10-28T17:14:01Z,26.17,-91.94,8.22,196
2020-10-28T17:14:02Z,26.17,-91.92,8.22,196
2020-10-28T17:14:03Z,26.17,-91.92,8.22,196
2020-10-28T17:14:04Z,26.17,-91.92,8.22,196
2020-10-28T17:14:05Z,26.17,-91.92,8.22,196
2020-10-28T17:14:06Z,26.19,-91.91,8.22,196
2020-10-28T17:14:07Z,26.19,-91.91,8.22,196
2020-10-28T17:14:08Z,26.19,-91.92,8.22,196
2020-10-28T17:14:09Z,26.19,-91.92,8.22,196
2020-10-28T17:14:10Z,26.19,-91.92,8.22,196
2020-10-28T17:14:11Z,26.19,-91.92,8.22,196
2020-10-28T17:14:12Z,26.19,-91.92,8.22,196
2020-10-28T17:14:13Z,26.19,-91.92,8.22,196
2020-10-28T17:14:14Z,26.19,-91.92,8.22,196
2020-10-28T17:14:15Z,26.19,-91.92,8.22,196
2020-10-28T17:14:16Z,26.19,-91.94,8.22,196
2020-10-28T17:14:17Z,26.19,-91.92,8.22,196
2020-10-28T17:14:18Z,26.19,-91.92,8.22,196
2020-10-28T17:14:19Z,26.22,-91.92,8.22,196
2020-10-28T17:14:20Z,26.22,-91.92,8.22,196
2020-10-28T17:14:21Z,26.22,-91.94,8.22,196
2020-10-28T17:14:22Z,26.22,-91.92,8.22,196
2020-10-28T17:14:23Z,26.22,-91.91,8.22,196
2020-10-28T17:14:24Z,26.22,-91.91,8.22,196
2020-10-28T17:14:25Z,26.22,-91.89,8.22,196
2020-10-28T17:14:26Z,26.22,-91.91,8.22,196
2020-10-28T17:14:27Z,26.22,-91.91,8.22,196
2020-10-28T17:14:28Z,26.22,-91.89,8.22,196
2020-10-28T17:14:29Z,26.22,-91.89,8.22,196
2020-10-28T17:14:30Z,26.22,-91.88,8.22,196
2020-10-28T17:14:31Z,26.22,-91.89,8.22,196
2020-10-28T17:14:32Z,26.22,-91.88,8.22,196
2020-10-28T17:14:33Z,26.24,-91.89,8.22,196
2020-10-28T17:14:34Z,26.24,-91.89,8.22,196
2020-10-28T17:14:35Z,26.24,-91.88,8.22,196
2020-10-28T17:14:36Z,26.24,-91.88,8.22,196
2020-10-28T17:14:37Z,26.24,-91.88,8.22,196
2020-10-28T17:14:38Z,26.24,-91.88,8.22,196
2020-10-28T17:14:39Z,26.24,-91.88,8.22,196
2020-10-28T17:14:40Z,26.24,-91.88,8.22,196
2020-10-28T17:14:41Z,26.24,-91.88,8.22,196
2020-10-28T17:14:42Z,26.24,-91.88,8.22,196
2020-10-28T17:14:43Z,26.24,-91.86,8.22,196
2020-10-28T17:14:44Z,26.24,-91.92,8.22,196
2020-10-28T17:14:45Z,26.24,-91.88,8.22,196
2020-10-28T17:14:46Z,26.24,-91.86,8.22,196
2020-10-28T17:14:47Z,26.27,-91.86,8.21,196
2020-10-28T17:14:48Z,26.27,-91.86,8.21,196
2020-10-28T17:14:49Z,26.27,-91.86,8.21,196
2020-10-28T17:14:50Z,26.27,-91.86,8.21,196
2020-10-28T17:14:51Z,26.27,-91.86,8.21,196
2020-10-28T17:14:52Z,26.27,-91.85,8.21,196
2020-10-28T17:14:53Z,26.27,-91.85,8.21,196
2020-10-28T17:14:54Z,26.27,-91.85,8.21,196
2020-10-28T17:14:55Z,26.27,-91.85,8.21,196
2020-10-28T17:14:56Z,26.27,-91.85,8.21,196
2020-10-28T17:14:57Z,26.27,-91.85,8.21,196
2020-10-28T17:14:58Z,26.27,-91.83,8.21,196
2020-10-28T17:14:59Z,26.27,-91.83,8.21,196
2020-10-28T17:15:00Z,26.27,-91.83,8.21,196
2020-10-28T17:15:01Z,26.27,-91.83,8.21,196
2020-10-28T17:15:02Z,26.29,-91.82,8.21,196
2020-10-28T17:15:03Z,26.29,-91.82,8.21,196
2020-10-28T17:15:04Z,26.29,-91.83,8.21,196
2020-10-28T17:15:05Z,26.29,-91.82,8.21,196
2020-10-28T17:15:06Z,26.29,-91.82,8.21,196
2020-10-28T17:15:07Z,26.29,-91.83,8.21,196
2020-10-28T17:15:08Z,26.29,-91.82,8.21,196
2020-10-28T17:15:09Z,26.29,-91.82,8.21,196
2020-10-28T17:15:10Z,26.29,-91.82,8.21,196
2020-10-28T17:15:11Z,26.29,-91.82,8.21,196
2020-10-28T17:15:12Z,26.29,-91.82,8.21,196
2020-10-28T17:15:13Z,26.29,-91.8,8.21,196
2020-10-28T17:15:14Z,26.29,-91.82,8.21,196
2020-10-28T17:15:15Z,26.29,-91.82,8.21,196
2020-10-28T17:15:16Z,26.29,-91.8,8.21,196
2020-10-28T17:15:17Z,26.29,-91.8,8.21,196
2020-10-28T17:15:18Z,26.32,-91.8,8.21,196
2020-10-28T17:15:19Z,26.32,-91.8,8.21,196
2020-10-28T17:15:20Z,26.32,-91.8,8.21,196
2020-10-28T17:15:21Z,26.32,-91.8,8.21,196
2020-10-28T17:15:22Z,26.32,-91.8,8.21,196
2020-10-28T17:15:23Z,26.32,-91.8,8.21,196
2020-10-28T17:15:24Z,26.32,-91.8,8.21,196
2020-10-28T17:15:25Z,26.32,-91.8,8.21,196
2020-10-28T17:15:26Z,26.32,-91.8,8.21,196
2020-10-28T17:15:27Z,26.32,-91.8,8.21,196
2020-10-28T17:15:28Z,26.32,-91.8,8.21,196
2020-10-28T17:15:29Z,26.32,-91.8,8.21,196
2020-10-28T17:15:30Z,26.32,-91.8,8.21,196
2020-10-28T17:15:31Z,26.32,-91.78,8.21,196
2020-10-28T17:15:32Z,26.32,-91.8,8.21,196
2020-10-28T17:15:33Z,26.32,-91.78,8.21,196
2020-10-28T17:15:34Z,26.32,-91.78,8.21,196
2020-10-28T17:15:35Z,26.34,-91.78,8.21,196
2020-10-28T17:15:36Z,26.34,-91.78,8.21,196
2020-10-28T17:15:37Z,26.34,-91.78,8.21,196
2020-10-28T17:15:38Z,26.34,-91.78,8.21,196
2020-10-28T17:15:39Z,26.34,-91.78,8.21,196
2020-10-28T17:15:40Z,26.34,-91.78,8.21,196
2020-10-28T17:15:41Z,26.34,-91.78,8.21,196
2020-10-28T17:15:42Z,26.34,-91.78,8.21,196
2020-10-28T17:15:43Z,26.34,-91.78,8.21,196
2020-10-28T17:15:44Z,26.34,-91.78,8.21,196
2020-10-28T17:15:45Z,26.34,-91.77,8.21,196
2020-10-28T17:15:46Z,26.34,-91.77,8.21,196
2020-10-28T17:15:47Z,26.34,-91.77,8.21,196
2020-10-28T17:15:48Z,26.34,-91.77,8.21,196
2020-10-28T17:15:49Z,26.34,-91.77,8.21,196
2020-10-28T17:15:50Z,26.34,-91.77,8.21,196
2020-10-28T17:15:51Z,26.34,-91.77,8.21,196
2020-10-28T17:15:52Z,26.37,-91.77,8.21,196
2020-10-28T17:15:53Z,26.37,-91.77,8.21,196
2020-10-28T17:15:54Z,26.37,-91.77,8.21,196
2020-10-28T17:15:55Z,26.37,-91.77,8.21,196
2020-10-28T17:15:56Z,26.37,-91.77,8.21,196
2020-10-28T17:15:57Z,26.37,-91.77,8.21,196
2020-10-28T17:15:58Z,26.37,-91.77,8.21,196
2020-10-28T17:15:59Z,26.37,-91.77,8.21,196
2020-10-28T17:16:00Z,26.37,-91.75,8.21,196
2020-10-28T17:16:01Z,26.37,-91.75,8.21,196
2020-10-28T17:16:02Z,26.37,-91.75,8.21,196
2020-10-28T17:16:03Z,26.37,-91.75,8.21,196
2020-10-28T17:16:04Z,26.37,-91.75,8.21,196
2020-10-28T17:16:05Z,26.37,-91.77,8.21,196
2020-10-28T17:16:06Z,26.37,-91.75,8.21,196
2020-10-28T17:16:07Z,26.37,-91.75,8.21,196
2020-10-28T17:16:08Z,26.37,-91.75,8.21,196
2020-10-28T17:16:09Z,26.37,-91.75,8.21,196
2020-10-28T17:16:10Z,26.37,-91.74,8.21,196
2020-10-28T17:16:11Z,26.37,-91.74,8.21,196
2020-10-28T17:16:12Z,26.39,-91.72,8.21,196
2020-10-28T17:16:13Z,26.39,-91.72,8.21,196
2020-10-28T17:16:14Z,26.39,-91.72,8.21,196
2020-10-28T17:16:15Z,26.39,-91.72,8.21,196
2020-10-28T17:16:16Z,26.39,-91.72,8.21,196
2020-10-28T17:16:17Z,26.39,-91.72,8.21,196
2020-10-28T17:16:18Z,26.39,-91.72,8.21,196
2020-10-28T17:16:19Z,26.39,-91.71,8.21,196
2020-10-28T17:16:20Z,26.39,-91.71,8.21,196
2020-10-28T17:16:21Z,26.39,-91.71,8.21,196
2020-10-28T17:16:22Z,26.39,-91.69,8.21,196
2020-10-28T17:16:23Z,26.39,-91.69,8.21,196
2020-10-28T17:16:24Z,26.39,-91.69,8.21,196
2020-10-28T17:16:25Z,26.39,-91.69,8.21,196
2020-10-28T17:16:26Z,26.39,-91.69,8.21,196
2020-10-28T17:16:27Z,26.39,-91.69,8.21,196
2020-10-28T17:16:28Z,26.39,-91.69,8.21,196
2020-10-28T17:16:29Z,26.39,-91.69,8.21,196
2020-10-28T17:16:30Z,26.39,-91.69,8.21,196
2020-10-28T17:16:31Z,26.39,-91.69,8.21,196
2020-10-28T17:16:32Z,26.41,-91.69,8.21,196
2020-10-28T17:16:33Z,26.41,-91.69,8.21,196
2020-10-28T17:16:34Z,26.41,-91.69,8.21,196
2020-10-28T17:16:35Z,26.41,-91.69,8.21,196
2020-10-28T17:16:36Z,26.41,-91.69,8.21,196
2020-10-28T17:16:37Z,26.41,-91.69,8.21,196
2020-10-28T17:16:38Z,26.41,-91.69,8.21,196
2020-10-28T17:16:39Z,26.41,-91.69,8.21,196
2020-10-28T17:16:40Z,26.41,-91.69,8.21,196
2020-10-28T17:16:41Z,26.41,-91.67,8.21,196
2020-10-28T17:16:42Z,26.41,-91.69,8.21,196
2020-10-28T17:16:43Z,26.41,-91.67,8.21,196
2020-10-28T17:16:44Z,26.41,-91.67,8.21,196
2020-10-28T17:16:45Z,26.41,-91.67,8.21,196
2020-10-28T17:16:46Z,26.41,-91.67,8.21,196
2020-10-28T17:16:47Z,26.41,-91.69,8.21,196
2020-10-28T17:16:48Z,26.41,-91.67,8.21,196
2020-10-28T17:16:49Z,26.41,-91.67,8.21,196
2020-10-28T17:16:50Z,26.41,-91.67,8.21,196
2020-10-28T17:16:51Z,26.41,-91.67,8.21,196
2020-10-28T17:16:52Z,26.41,-91.67,8.21,196
2020-10-28T17:16:53Z,26.44,-91.67,8.21,196
2020-10-28T17:16:54Z,26.44,-91.67,8.21,196
2020-10-28T17:16:55Z,26.44,-91.66,8.21,196
2020-10-28T17:16:56Z,26.44,-91.67,8.21,196
2020-10-28T17:16:57Z,26.44,-91.66,8.21,196
2020-10-28T17:16:58Z,26.44,-91.66,8.21,196
2020-10-28T17:16:59Z,26.44,-91.66,8.21,196
2020-10-28T17:17:00Z,26.44,-91.66,8.21,196
2020-10-28T17:17:01Z,26.44,-91.66,8.21,196
2020-10-28T17:17:02Z,26.44,-91.66,8.21,196
2020-10-28T17:17:03Z,26.44,-91.66,8.21,196
2020-10-28T17:17:04Z,26.44,-91.66,8.21,196
2020-10-28T17:17:05Z,26.44,-91.66,8.21,196
2020-10-28T17:17:06Z,26.44,-91.66,8.21,196
2020-10-28T17:17:07Z,26.44,-91.66,8.21,196
2020-10-28T17:17:08Z,26.44,-91.66,8.21,196
2020-10-28T17:17:09Z,26.44,-91.66,8.21,196
2020-10-28T17:17:10Z,26.44,-91.66,8.21,196
2020-10-28T17:17:11Z,26.44,-91.66,8.21,196
2020-10-28T17:17:12Z,26.44,-91.64,8.21,196
2020-10-28T17:17:13Z,26.44,-91.66,8.21,196
2020-10-28T17:17:14Z,26.44,-91.64,8.21,196
2020-10-28T17:17:15Z,26.46,-91.64,8.21,196
2020-10-28T17:17:16Z,26.46,-91.64,8.21,196
2020-10-28T17:17:17Z,26.46,-91.64,8.21,196
2020-10-28T17:17:18Z,26.46,-91.64,8.21,196
2020-10-28T17:17:19Z,26.46,-91.64,8.21,196
2020-10-28T17:17:20Z,26.46,-91.64,8.21,196
2020-10-28T17:17:21Z,26.46,-91.64,8.21,196
2020-10-28T17:17:22Z,26.46,-91.63,8.21,196
2020-10-28T17:17:23Z,26.46,-91.63,8.21,196
2020-10-28T17:17:24Z,26.46,-91.63,8.21,196
2020-10-28T17:17:25Z,26.46,-91.63,8.21,196
2020-10-28T17:17:26Z,26.46,-91.63,8.21,196
2020-10-28T17:17:27Z,26.46,-91.63,8.21,196
2020-10-28T17:17:28Z,26.46,-91.63,8.21,196
2020-10-28T17:17:29Z,26.46,-91.63,8.21,196
2020-10-28T17:17:30Z,26.46,-91.63,8.21,196
2020-10-28T17:17:31Z,26.46,-91.63,8.21,196
2020-10-28T17:17:32Z,26.46,-91.63,8.21,196
2020-10-28T17:17:33Z,26.46,-91.63,8.21,196
2020-10-28T17:17:34Z,26.46,-91.63,8.21,196
2020-10-28T17:17:35Z,26.46,-91.63,8.21,196
2020-10-28T17:17:36Z,26.46,-91.63,8.21,196
2020-10-28T17:17:37Z,26.49,-91.61,8.21,196
2020-10-28T17:17:38Z,26.49,-91.63,8.21,196
2020-10-28T17:17:39Z,26.49,-91.63,8.21,196
2020-10-28T17:17:40Z,26.49,-91.61,8.21,196
2020-10-28T17:17:41Z,26.49,-91.61,8.21,196
2020-10-28T17:17:42Z,26.49,-91.61,8.21,196
2020-10-28T17:17:43Z,26.49,-91.63,8.21,196
2020-10-28T17:17:44Z,26.49,-91.61,8.21,196
2020-10-28T17:17:45Z,26.49,-91.61,8.21,196
2020-10-28T17:17:46Z,26.49,-91.61,8.21,196
2020-10-28T17:17:47Z,26.49,-91.61,8.21,196
2020-10-28T17:17:48Z,26.49,-91.61,8.21,196
2020-10-28T17:17:49Z,26.49,-91.6,8.21,196
2020-10-28T17:17:50Z,26.49,-91.6,8.21,196
2020-10-28T17:17:51Z,26.49,-91.6,8.21,196
2020-10-28T17:17:52Z,26.49,-91.6,8.21,196
2020-10-28T17:17:53Z,26.49,-91.6,8.21,196
2020-10-28T17:17:54Z,26.49,-91.58,8.21,196
2020-10-28T17:17:55Z,26.49,-91.58,8.21,196
2020-10-28T17:17:56Z,26.49,-91.58,8.21,196
2020-10-28T17:17:57Z,26.49,-91.58,8.21,196
2020-10-28T17:17:58Z,26.49,-91.58,8.21,196
2020-10-28T17:17:59Z,26.49,-91.58,8.21,196
2020-10-28T17:18:00Z,26.49,-91.58,8.21,196
2020-10-28T17:18:01Z,26.51,-91.58,8.21,196
2020-10-28T17:18:02Z,26.51,-91.58,8.21,196
2020-10-28T17:18:03Z,26.51,-91.58,8.21,196
2020-10-28T17:18:04Z,26.51,-91.61,8.21,196
2020-10-28T17:18:05Z,26.51,-91.57,8.21,196
2020-10-28T17:18:06Z,26.51,-91.57,8.21,196
2020-10-28T17:18:07Z,26.51,-91.57,8.21,196
2020-10-28T17:18:08Z,26.51,-91.57,8.21,196
2020-10-28T17:18:09Z,26.51,-91.57,8.21,196
2020-10-28T17:18:10Z,26.51,-91.57,8.21,196
2020-10-28T17:18:11Z,26.51,-91.57,8.21,196
2020-10-28T17:18:12Z,26.51,-91.55,8.21,196
2020-10-28T17:18:13Z,26.51,-91.55,8.21,196
2020-10-28T17:18:14Z,26.51,-91.55,8.21,196
2020-10-28T17:18:15Z,26.51,-91.57,8.21,196
2020-10-28T17:18:16Z,26.51,-91.55,8.21,196
2020-10-28T17:18:17Z,26.51,-91.55,8.21,196
2020-10-28T17:18:18Z,26.51,-91.55,8.21,196
2020-10-28T17:18:19Z,26.51,-91.55,8.21,196
2020-10-28T17:18:20Z,26.51,-91.55,8.21,196
2020-10-28T17:18:21Z,26.51,-91.55,8.21,196
2020-10-28T17:18:22Z,26.51,-91.55,8.21,196
2020-10-28T17:18:23Z,26.51,-91.55,8.21,196
2020-10-28T17:18:24Z,26.51,-91.55,8.21,196
2020-10-28T17:18:25Z,26.54,-91.55,8.21,196
2020-10-28T17:18:26Z,26.54,-91.53,8.21,196
2020-10-28T17:18:27Z,26.54,-91.53,8.21,196
2020-10-28T17:18:28Z,26.54,-91.55,8.21,196
2020-10-28T17:18:29Z,26.54,-91.53,8.21,196
2020-10-28T17:18:30Z,26.54,-91.53,8.21,196
2020-10-28T17:18:31Z,26.54,-91.53,8.21,196
2020-10-28T17:18:32Z,26.54,-91.53,8.21,196
2020-10-28T17:18:33Z,26.54,-91.55,8.21,196
2020-10-28T17:18:34Z,26.54,-91.55,8.21,196
2020-10-28T17:18:35Z,26.54,-91.55,8.21,196
2020-10-28T17:18:36Z,26.54,-91.55,8.21,196
2020-10-28T17:18:37Z,26.54,-91.53,8.21,196
2020-10-28T17:18:38Z,26.54,-91.53,8.21,196
2020-10-28T17:18:39Z,26.54,-91.53,8.21,196
2020-10-28T17:18:40Z,26.54,-91.53,8.21,196
2020-10-28T17:18:41Z,26.54,-91.53,8.21,196
2020-10-28T17:18:42Z,26.54,-91.53,8.21,196
2020-10-28T17:18:43Z,26.54,-91.53,8.21,196
2020-10-28T17:18:44Z,26.54,-91.53,8.21,196
2020-10-28T17:18:45Z,26.54,-91.53,8.21,196
2020-10-28T17:18:46Z,26.54,-91.53,8.21,196
2020-10-28T17:18:47Z,26.54,-91.53,8.21,196
2020-10-28T17:18:48Z,26.54,-91.53,8.21,196
2020-10-28T17:18:49Z,26.54,-91.52,8.21,196
2020-10-28T17:18:50Z,26.54,-91.52,8.21,196
2020-10-28T17:18:51Z,26.56,-91.52,8.21,196
2020-10-28T17:18:52Z,26.56,-91.52,8.21,196
2020-10-28T17:18:53Z,26.56,-91.53,8.21,196
2020-10-28T17:18:54Z,26.56,-91.52,8.21,196
2020-10-28T17:18:55Z,26.56,-91.52,8.21,196
2020-10-28T17:18:56Z,26.56,-91.53,8.21,196
2020-10-28T17:18:57Z,26.56,-91.52,8.21,196
2020-10-28T17:18:58Z,26.56,-91.52,8.21,196
2020-10-28T17:18:59Z,26.56,-91.53,8.21,196
2020-10-28T17:19:00Z,26.56,-91.52,8.21,196
2020-10-28T17:19:01Z,26.56,-91.52,8.21,196
2020-10-28T17:19:02Z,26.56,-91.52,8.21,196
2020-10-28T17:19:03Z,26.56,-91.52,8.21,196
2020-10-28T17:19:04Z,26.56,-91.5,8.21,196
2020-10-28T17:19:05Z,26.56,-91.52,8.21,196
2020-10-28T17:19:06Z,26.56,-91.52,8.21,196
2020-10-28T17:19:07Z,26.56,-91.5,8.21,196
2020-10-28T17:19:08Z,26.56,-91.52,8.21,196
2020-10-28T17:19:09Z,26.56,-91.52,8.21,196
2020-10-28T17:19:10Z,26.56,-91.52,8.21,196
2020-10-28T17:19:11Z,26.56,-91.52,8.21,196
2020-10-28T17:19:12Z,26.56,-91.52,8.21,196
2020-10-28T17:19:13Z,26.56,-91.5,8.21,196
2020-10-28T17:19:14Z,26.56,-91.52,8.21,196
2020-10-28T17:19:15Z,26.56,-91.5,8.21,196
2020-10-28T17:19:16Z,26.56,-91.5,8.21,196
2020-10-28T17:19:17Z,26.56,-91.52,8.21,196
2020-10-28T17:19:18Z,26.59,-91.52,8.21,196
2020-10-28T17:19:19Z,26.59,-91.52,8.21,196
2020-10-28T17:19:20Z,26.59,-91.52,8.21,196
2020-10-28T17:19:21Z,26.59,-91.5,8.21,196
2020-10-28T17:19:22Z,26.59,-91.5,8.21,196
2020-10-28T17:19:23Z,26.59,-91.5,8.21,196
2020-10-28T17:19:24Z,26.59,-91.5,8.21,196
2020-10-28T17:19:25Z,26.59,-91.5,8.21,196
2020-10-28T17:19:26Z,26.59,-91.5,8.21,196
2020-10-28T17:19:27Z,26.59,-91.5,8.21,196
2020-10-28T17:19:28Z,26.59,-91.5,8.21,196
2020-10-28T17:19:29Z,26.59,-91.5,8.21,196
2020-10-28T17:19:30Z,26.59,-91.49,8.21,196
2020-10-28T17:19:31Z,26.59,-91.5,8.21,196
2020-10-28T17:19:32Z,26.59,-91.5,8.21,196
2020-10-28T17:19:33Z,26.59,-91.49,8.21,196
2020-10-28T17:19:34Z,26.59,-91.5,8.21,196
2020-10-28T17:19:35Z,26.59,-91.49,8.21,196
2020-10-28T17:19:36Z,26.59,-91.49,8.21,196
2020-10-28T17:19:37Z,26.59,-91.49,8.21,196
2020-10-28T17:19:38Z,26.59,-91.49,8.21,196
2020-10-28T17:19:39Z,26.59,-91.49,8.21,196
2020-10-28T17:19:40Z,26.59,-91.49,8.21,196
2020-10-28T17:19:41Z,26.59,-91.49,8.21,196
2020-10-28T17:19:42Z,26.59,-91.49,8.21,196
2020-10-28T17:19:43Z,26.59,-91.49,8.21,196
2020-10-28T17:19:44Z,26.59,-91.49,8.21,196
2020-10-28T17:19:45Z,26.59,-91.49,8.21,196
2020-10-28T17:19:46Z,26.59,-91.49,8.21,196
2020-10-28T17:19:47Z,26.61,-91.49,8.21,196
2020-10-28T17:19:48Z,26.61,-91.49,8.21,196
2020-10-28T17:19:49Z,26.61,-91.49,8.21,196
2020-10-28T17:19:50Z,26.61,-91.49,8.21,196
2020-10-28T17:19:51Z,26.61,-91.49,8.21,196
2020-10-28T17:19:52Z,26.61,-91.49,8.21,196
2020-10-28T17:19:53Z,26.61,-91.49,8.21,196
2020-10-28T17:19:54Z,26.61,-91.49,8.21,196
2020-10-28T17:19:55Z,26.61,-91.49,8.21,196
2020-10-28T17:19:56Z,26.61,-91.49,8.21,196
2020-10-28T17:19:57Z,26.61,-91.49,8.21,196
2020-10-28T17:19:58Z,26.61,-91.49,8.21,196
2020-10-28T17:19:59Z,26.61,-91.49,8.21,196
2020-10-28T17:20:00Z,26.61,-91.47,8.21,196
2020-10-28T17:20:01Z,26.61,-91.47,8.21,196
2020-10-28T17:20:02Z,26.61,-91.47,8.21,196
2020-10-28T17:20:03Z,26.61,-91.47,8.21,196
2020-10-28T17:20:04Z,26.61,-91.47,8.21,196
2020-10-28T17:20:05Z,26.61,-91.47,8.21,196
2020-10-28T17:20:06Z,26.61,-91.46,8.21,196
2020-10-28T17:20:07Z,26.61,-91.46,8.21,196
2020-10-28T17:20:08Z,26.61,-91.46,8.21,196
2020-10-28T17:20:09Z,26.61,-91.47,8.21,196
2020-10-28T17:20:10Z,26.61,-91.47,8.21,196
2020-10-28T17:20:11Z,26.61,-91.46,8.21,196
2020-10-28T17:20:12Z,26.61,-91.47,8.21,196
2020-10-28T17:20:13Z,26.61,-91.46,8.21,196
2020-10-28T17:20:14Z,26.61,-91.46,8.21,196
2020-10-28T17:20:15Z,26.61,-91.46,8.21,196
2020-10-28T17:20:16Z,26.61,-91.46,8.21,196
2020-10-28T17:20:17Z,26.63,-91.46,8.21,196
2020-10-28T17:20:18Z,26.63,-91.47,8.21,196
2020-10-28T17:20:19Z,26.63,-91.47,8.21,196
2020-10-28T17:20:20Z,26.63,-91.46,8.21,196
2020-10-28T17:20:21Z,26.63,-91.46,8.21,196
2020-10-28T17:20:22Z,26.63,-91.47,8.21,196
2020-10-28T17:20:23Z,26.63,-91.46,8.21,196
2020-10-28T17:20:24Z,26.63,-91.46,8.21,196
2020-10-28T17:20:25Z,26.63,-91.46,8.21,196
2020-10-28T17:20:26Z,26.63,-91.46,8.21,196
2020-10-28T17:20:27Z,26.63,-91.52,8.21,196
2020-10-28T17:20:28Z,26.63,-91.47,8.21,196
2020-10-28T17:20:29Z,26.63,-91.47,8.21,196
2020-10-28T17:20:30Z,26.63,-91.46,8.21,196
2020-10-28T17:20:31Z,26.63,-91.46,8.21,196
2020-10-28T17:20:32Z,26.63,-91.46,8.21,196
2020-10-28T17:20:33Z,26.63,-91.46,8.21,196
2020-10-28T17:20:34Z,26.63,-91.46,8.21,196
2020-10-28T17:20:35Z,26.63,-91.46,8.21,196
2020-10-28T17:20:36Z,26.63,-91.46,8.21,196
2020-10-28T17:20:37Z,26.63,-91.46,8.21,196
2020-10-28T17:20:38Z,26.63,-91.44,8.21,196
2020-10-28T17:20:39Z,26.63,-91.44,8.21,196
2020-10-28T17:20:40Z,26.63,-91.44,8.21,196
2020-10-28T17:20:41Z,26.63,-91.44,8.21,196
2020-10-28T17:20:42Z,26.63,-91.44,8.21,196
2020-10-28T17:20:43Z,26.63,-91.44,8.21,196
2020-10-28T17:20:44Z,26.63,-91.44,8.21,196
2020-10-28T17:20:45Z,26.63,-91.44,8.21,196
2020-10-28T17:20:46Z,26.63,-91.44,8.21,196
2020-10-28T17:20:47Z,26.63,-91.44,8.21,196
2020-10-28T17:20:48Z,26.63,-91.44,8.21,196
2020-10-28T17:20:49Z,26.63,-91.44,8.21,196
2020-10-28T17:20:50Z,26.66,-91.44,8.21,196
2020-10-28T17:20:51Z,26.66,-91.42,8.21,196
2020-10-28T17:20:52Z,26.66,-91.42,8.21,196
2020-10-28T17:20:53Z,26.66,-91.44,8.21,196
2020-10-28T17:20:54Z,26.66,-91.42,8.21,196
2020-10-28T17:20:55Z,26.66,-91.42,8.21,196
2020-10-28T17:20:56Z,26.66,-91.44,8.21,196
2020-10-28T17:20:57Z,26.66,-91.44,8.21,196
2020-10-28T17:20:58Z,26.66,-91.44,8.21,196
2020-10-28T17:20:59Z,26.66,-91.44,8.21,196
2020-10-28T17:21:00Z,26.66,-91.42,8.21,196
2020-10-28T17:21:01Z,26.66,-91.42,8.21,196
2020-10-28T17:21:02Z,26.66,-91.46,8.21,196
2020-10-28T17:21:03Z,26.66,-91.42,8.21,196
2020-10-28T17:21:04Z,26.66,-91.42,8.21,196
2020-10-28T17:21:05Z,26.66,-91.42,8.21,196
2020-10-28T17:21:06Z,26.66,-91.42,8.21,196
2020-10-28T17:21:07Z,26.66,-91.42,8.21,196
2020-10-28T17:21:08Z,26.66,-91.42,8.21,196
2020-10-28T17:21:09Z,26.66,-91.42,8.21,196
2020-10-28T17:21:10Z,26.66,-91.42,8.21,196
2020-10-28T17:21:11Z,26.66,-91.42,8.21,196
2020-10-28T17:21:12Z,26.66,-91.42,8.21,196
2020-10-28T17:21:13Z,26.66,-91.42,8.21,196
2020-10-28T17:21:14Z,26.66,-91.42,8.21,196
2020-10-28T17:21:15Z,26.66,-91.42,8.21,196
2020-10-28T17:21:16Z,26.66,-91.42,8.21,196
2020-10-28T17:21:17Z,26.66,-91.42,8.21,196
2020-10-28T17:21:18Z,26.66,-91.42,8.21,196
2020-10-28T17:21:19Z,26.66,-91.42,8.21,196
2020-10-28T17:21:20Z,26.66,-91.41,8.21,196
2020-10-28T17:21:21Z,26.66,-91.41,8.21,196
2020-10-28T17:21:22Z,26.66,-91.42,8.21,196
2020-10-28T17:21:23Z,26.66,-91.41,8.21,196
2020-10-28T17:21:24Z,26.68,-91.41,8.21,196
2020-10-28T17:21:25Z,26.68,-91.42,8.21,196
2020-10-28T17:21:26Z,26.68,-91.42,8.21,196
2020-10-28T17:21:27Z,26.68,-91.41,8.21,196
2020-10-28T17:21:28Z,26.68,-91.41,8.21,196
2020-10-28T17:21:29Z,26.68,-91.41,8.21,196
2020-10-28T17:21:30Z,26.68,-91.42,8.21,196
2020-10-28T17:21:31Z,26.68,-91.42,8.21,196
2020-10-28T17:21:32Z,26.68,-91.42,8.21,196
2020-10-28T17:21:33Z,26.68,-91.41,8.21,196
2020-10-28T17:21:34Z,26.68,-91.41,8.21,196
2020-10-28T17:21:35Z,26.68,-91.41,8.21,196
2020-10-28T17:21:36Z,26.68,-91.41,8.21,196
2020-10-28T17:21:37Z,26.68,-91.41,8.21,196
2020-10-28T17:21:38Z,26.68,-91.41,8.21,196
2020-10-28T17:21:39Z,26.68,-91.41,8.21,196
2020-10-28T17:21:40Z,26.68,-91.41,8.21,196
2020-10-28T17:21:41Z,26.68,-91.41,8.21,196
2020-10-28T17:21:42Z,26.68,-91.41,8.21,196
2020-10-28T17:21:43Z,26.68,-91.41,8.21,196
2020-10-28T17:21:44Z,26.68,-91.41,8.21,196
2020-10-28T17:21:45Z,26.68,-91.39,8.21,196
2020-10-28T17:21:46Z,26.68,-91.39,8.21,196
2020-10-28T17:21:47Z,26.68,-91.41,8.21,196
2020-10-28T17:21:48Z,26.68,-91.39,8.21,196
2020-10-28T17:21:49Z,26.68,-91.41,8.21,196
2020-10-28T17:21:50Z,26.68,-91.39,8.21,196
2020-10-28T17:21:51Z,26.68,-91.39,8.21,196
2020-10-28T17:21:52Z,26.68,-91.39,8.21,196
2020-10-28T17:21:53Z,26.68,-91.39,8.21,196
2020-10-28T17:21:54Z,26.68,-91.39,8.21,196
2020-10-28T17:21:55Z,26.68,-91.39,8.21,196
2020-10-28T17:21:56Z,26.68,-91.39,8.21,196
2020-10-28T17:21:57Z,26.68,-91.39,8.21,196
2020-10-28T17:21:58Z,26.68,-91.39,8.21,196
2020-10-28T17:21:59Z,26.68,-91.39,8.21,196
2020-10-28T17:22:00Z,26.68,-91.39,8.21,196
2020-10-28T17:22:01Z,26.68,-91.39,8.21,196
2020-10-28T17:22:02Z,26.68,-91.39,8.21,196
2020-10-28T17:22:03Z,26.71,-91.39,8.21,196
2020-10-28T17:22:04Z,26.71,-91.39,8.21,196
2020-10-28T17:22:05Z,26.71,-91.39,8.21,196
2020-10-28T17:22:06Z,26.71,-91.39,8.21,196
2020-10-28T17:22:07Z,26.71,-91.39,8.21,196
2020-10-28T17:22:08Z,26.71,-91.39,8.21,196
2020-10-28T17:22:09Z,26.71,-91.39,8.21,196
2020-10-28T17:22:10Z,26.71,-91.39,8.21,196
2020-10-28T17:22:11Z,26.71,-91.39,8.21,196
2020-10-28T17:22:12Z,26.71,-91.39,8.21,196
2020-10-28T17:22:13Z,26.71,-91.39,8.21,196
2020-10-28T17:22:14Z,26.71,-91.39,8.21,196
2020-10-28T17:22:15Z,26.71,-91.39,8.21,196
2020-10-28T17:22:16Z,26.71,-91.39,8.21,196
2020-10-28T17:22:17Z,26.71,-91.39,8.21,196
2020-10-28T17:22:18Z,26.71,-91.38,8.2,196
2020-10-28T17:22:19Z,26.71,-91.39,8.21,196
2020-10-28T17:22:20Z,26.71,-91.38,8.2,196
2020-10-28T17:22:21Z,26.71,-91.39,8.21,196
2020-10-28T17:22:22Z,26.71,-91.38,8.2,196
2020-10-28T17:22:23Z,26.71,-91.39,8.21,196
2020-10-28T17:22:24Z,26.71,-91.38,8.2,196
2020-10-28T17:22:25Z,26.71,-91.38,8.2,196
2020-10-28T17:22:26Z,26.71,-91.39,8.21,196
2020-10-28T17:22:27Z,26.71,-91.38,8.2,196
2020-10-28T17:22:28Z,26.71,-91.38,8.2,196
2020-10-28T17:22:29Z,26.71,-91.38,8.2,196
2020-10-28T17:22:30Z,26.71,-91.38,8.2,196
2020-10-28T17:22:31Z,26.71,-91.38,8.2,196
2020-10-28T17:22:32Z,26.71,-91.38,8.2,196
2020-10-28T17:22:33Z,26.71,-91.38,8.2,196
2020-10-28T17:22:34Z,26.71,-91.38,8.2,196
2020-10-28T17:22:35Z,26.71,-91.38,8.2,196
2020-10-28T17:22:36Z,26.71,-91.38,8.2,196
2020-10-28T17:22:37Z,26.71,-91.38,8.2,196
2020-10-28T17:22:38Z,26.71,-91.38,8.2,196
2020-10-28T17:22:39Z,26.71,-91.38,8.2,196
2020-10-28T17:22:40Z,26.71,-91.38,8.2,196
2020-10-28T17:22:41Z,26.71,-91.38,8.2,196
2020-10-28T17:22:42Z,26.71,-91.38,8.2,196
2020-10-28T17:22:43Z,26.71,-91.38,8.2,196
2020-10-28T17:22:44Z,26.71,-91.38,8.2,196
2020-10-28T17:22:45Z,26.71,-91.36,8.2,196
2020-10-28T17:22:46Z,26.71,-91.38,8.2,196
2020-10-28T17:22:47Z,26.71,-91.36,8.2,196
2020-10-28T17:22:48Z,26.71,-91.38,8.2,196
2020-10-28T17:22:49Z,26.71,-91.36,8.2,196
2020-10-28T17:22:50Z,26.71,-91.36,8.2,196
2020-10-28T17:22:51Z,26.71,-91.36,8.2,196
2020-10-28T17:22:52Z,26.71,-91.36,8.2,196
2020-10-28T17:22:53Z,26.71,-91.36,8.2,196
2020-10-28T17:22:54Z,26.71,-91.36,8.2,196
2020-10-28T17:22:55Z,26.71,-91.36,8.2,196
2020-10-28T17:22:56Z,26.73,-91.36,8.2,196
2020-10-28T17:22:57Z,26.73,-91.36,8.2,196
2020-10-28T17:22:58Z,26.73,-91.36,8.2,196
2020-10-28T17:22:59Z,26.73,-91.38,8.2,196
2020-10-28T17:23:00Z,26.73,-91.36,8.2,196
2020-10-28T17:23:01Z,26.73,-91.36,8.2,196
2020-10-28T17:23:02Z,26.73,-91.36,8.2,196
2020-10-28T17:23:03Z,26.73,-91.36,8.2,196
2020-10-28T17:23:04Z,26.73,-91.36,8.2,196
2020-10-28T17:23:05Z,26.73,-91.36,8.2,196
2020-10-28T17:23:06Z,26.73,-91.36,8.2,196
2020-10-28T17:23:07Z,26.73,-91.36,8.2,196
2020-10-28T17:23:08Z,26.73,-91.36,8.2,196
2020-10-28T17:23:09Z,26.73,-91.36,8.2,196
2020-10-28T17:23:10Z,26.73,-91.36,8.2,196
2020-10-28T17:23:11Z,26.73,-91.36,8.2,196
2020-10-28T17:23:12Z,26.73,-91.36,8.2,196
2020-10-28T17:23:13Z,26.73,-91.36,8.2,196
2020-10-28T17:23:14Z,26.73,-91.36,8.2,196
2020-10-28T17:23:15Z,26.73,-91.36,8.2,196
2020-10-28T17:23:16Z,26.73,-91.36,8.2,196
2020-10-28T17:23:17Z,26.73,-91.36,8.2,196
2020-10-28T17:23:18Z,26.73,-91.36,8.2,196
2020-10-28T17:23:19Z,26.73,-91.36,8.2,196
2020-10-28T17:23:20Z,26.73,-91.36,8.2,196
2020-10-28T17:23:21Z,26.73,-91.36,8.2,196
2020-10-28T17:23:22Z,26.73,-91.36,8.2,196
2020-10-28T17:23:23Z,26.73,-91.36,8.2,196
2020-10-28T17:23:24Z,26.73,-91.35,8.2,196
2020-10-28T17:23:25Z,26.73,-91.36,8.2,196
2020-10-28T17:23:26Z,26.73,-91.36,8.2,196
2020-10-28T17:23:27Z,26.73,-91.35,8.2,196
2020-10-28T17:23:28Z,26.73,-91.36,8.2,196
2020-10-28T17:23:29Z,26.73,-91.36,8.2,196
2020-10-28T17:23:30Z,26.73,-91.36,8.2,196
2020-10-28T17:23:31Z,26.73,-91.35,8.2,196
2020-10-28T17:23:32Z,26.73,-91.35,8.2,196
2020-10-28T17:23:33Z,26.73,-91.35,8.2,196
2020-10-28T17:23:34Z,26.73,-91.35,8.2,196
2020-10-28T17:23:35Z,26.73,-91.35,8.2,196
2020-10-28T17:23:36Z,26.73,-91.35,8.2,196
2020-10-28T17:23:37Z,26.73,-91.35,8.2,196
2020-10-28T17:23:38Z,26.73,-91.35,8.2,196
2020-10-28T17:23:39Z,26.73,-91.35,8.2,196
2020-10-28T17:23:40Z,26.73,-91.35,8.2,196
2020-10-28T17:23:41Z,26.73,-91.35,8.2,196
2020-10-28T17:23:42Z,26.73,-91.35,8.2,196
2020-10-28T17:23:43Z,26.73,-91.35,8.2,196
2020-10-28T17:23:44Z,26.73,-91.33,8.2,196
2020-10-28T17:23:45Z,26.73,-91.33,8.2,196
2020-10-28T17:23:46Z,26.73,-91.35,8.2,196
2020-10-28T17:23:47Z,26.73,-91.35,8.2,196
2020-10-28T17:23:48Z,26.73,-91.35,8.2,196
2020-10-28T17:23:49Z,26.73,-91.33,8.2,196
2020-10-28T17:23:50Z,26.73,-91.35,8.2,196
2020-10-28T17:23:51Z,26.73,-91.33,8.2,196
2020-10-28T17:23:52Z,26.73,-91.35,8.2,196
2020-10-28T17:23:53Z,26.73,-91.33,8.2,196
2020-10-28T17:23:54Z,26.73,-91.35,8.2,196
2020-10-28T17:23:55Z,26.73,-91.33,8.2,196
2020-10-28T17:23:56Z,26.73,-91.33,8.2,196
2020-10-28T17:23:57Z,26.73,-91.35,8.2,196
2020-10-28T17:23:58Z,26.73,-91.33,8.2,196
2020-10-28T17:23:59Z,26.73,-91.33,8.2,196
2020-10-28T17:24:00Z,26.73,-91.35,8.2,196
2020-10-28T17:24:01Z,26.73,-91.33,8.2,196
2020-10-28T17:24:02Z,26.73,-91.33,8.2,196
2020-10-28T17:24:03Z,26.73,-91.33,8.2,196
2020-10-28T17:24:04Z,26.73,-91.33,8.2,196
2020-10-28T17:24:05Z,26.73,-91.33,8.2,196
2020-10-28T17:24:06Z,26.73,-91.33,8.2,196
2020-10-28T17:24:07Z,26.73,-91.33,8.2,196
2020-10-28T17:24:08Z,26.73,-91.33,8.2,196
2020-10-28T17:24:09Z,26.73,-91.33,8.2,196
2020-10-28T17:24:10Z,26.73,-91.33,8.2,196
2020-10-28T17:24:11Z,26.73,-91.33,8.2,196
2020-10-28T17:24:12Z,26.73,-91.33,8.2,196
2020-10-28T17:24:13Z,26.73,-91.33,8.2,196
2020-10-28T17:24:14Z,26.73,-91.33,8.2,196
2020-10-28T17:24:15Z,26.73,-91.33,8.2,196
2020-10-28T17:24:16Z,26.73,-91.33,8.2,196
2020-10-28T17:24:17Z,26.73,-91.33,8.2,196
2020-10-28T17:24:18Z,26.73,-91.33,8.2,196
2020-10-28T17:24:19Z,26.76,-91.33,8.2,196
2020-10-28T17:24:20Z,26.73,-91.33,8.2,196
2020-10-28T17:24:21Z,26.76,-91.33,8.2,196
2020-10-28T17:24:22Z,26.76,-91.33,8.2,196
2020-10-28T17:24:23Z,26.76,-91.33,8.2,196
2020-10-28T17:24:24Z,26.76,-91.33,8.2,196
2020-10-28T17:24:25Z,26.76,-91.33,8.2,196
2020-10-28T17:24:26Z,26.76,-91.33,8.2,196
2020-10-28T17:24:27Z,26.76,-91.33,8.2,196
2020-10-28T17:24:28Z,26.76,-91.32,8.2,196
2020-10-28T17:24:29Z,26.76,-91.33,8.2,196
2020-10-28T17:24:30Z,26.76,-91.32,8.2,196
2020-10-28T17:24:31Z,26.76,-91.33,8.2,196
2020-10-28T17:24:32Z,26.76,-91.33,8.2,196
2020-10-28T17:24:33Z,26.76,-91.33,8.2,196
2020-10-28T17:24:34Z,26.76,-91.33,8.2,196
2020-10-28T17:24:35Z,26.76,-91.33,8.2,196
2020-10-28T17:24:36Z,26.76,-91.33,8.2,196
2020-10-28T17:24:37Z,26.76,-91.32,8.2,196
2020-10-28T17:24:38Z,26.76,-91.33,8.2,196
2020-10-28T17:24:39Z,26.76,-91.32,8.2,196
2020-10-28T17:24:40Z,26.76,-91.32,8.2,196
2020-10-28T17:24:41Z,26.76,-91.32,8.2,196
2020-10-28T17:24:42Z,26.76,-91.32,8.2,196
2020-10-28T17:24:43Z,26.76,-91.33,8.2,196
2020-10-28T17:24:44Z,26.76,-91.32,8.2,196
2020-10-28T17:24:45Z,26.76,-91.32,8.2,196
2020-10-28T17:24:46Z,26.76,-91.33,8.2,196
2020-10-28T17:24:47Z,26.76,-91.32,8.2,196
2020-10-28T17:24:48Z,26.76,-91.32,8.2,196
2020-10-28T17:24:49Z,26.76,-91.32,8.2,196
2020-10-28T17:24:50Z,26.76,-91.32,8.2,196
2020-10-28T17:24:51Z,26.76,-91.32,8.2,196
2020-10-28T17:24:52Z,26.76,-91.32,8.2,196
2020-10-28T17:24:53Z,26.76,-91.32,8.2,196
2020-10-28T17:24:54Z,26.76,-91.33,8.2,196
2020-10-28T17:24:55Z,26.76,-91.32,8.2,196
2020-10-28T17:24:56Z,26.76,-91.32,8.2,196
2020-10-28T17:24:57Z,26.76,-91.32,8.2,196
2020-10-28T17:24:58Z,26.76,-91.32,8.2,196
2020-10-28T17:24:59Z,26.76,-91.32,8.2,196
2020-10-28T17:25:00Z,26.76,-91.32,8.2,196
2020-10-28T17:25:01Z,26.76,-91.32,8.2,196
2020-10-28T17:25:02Z,26.76,-91.32,8.2,196
2020-10-28T17:25:03Z,26.76,-91.33,8.2,196
2020-10-28T17:25:04Z,26.76,-91.33,8.2,196
2020-10-28T17:25:05Z,26.76,-91.32,8.2,196
2020-10-28T17:25:06Z,26.76,-91.32,8.2,196
2020-10-28T17:25:07Z,26.76,-91.32,8.2,196
2020-10-28T17:25:08Z,26.76,-91.28,8.2,196
2020-10-28T17:25:09Z,26.76,-91.3,8.2,196
2020-10-28T17:25:10Z,26.76,-91.32,8.2,196
2020-10-28T17:25:11Z,26.76,-91.3,8.2,196
2020-10-28T17:25:12Z,26.76,-91.32,8.2,196
2020-10-28T17:25:13Z,26.76,-91.32,8.2,196
2020-10-28T17:25:14Z,26.76,-91.32,8.2,196
2020-10-28T17:25:15Z,26.76,-91.32,8.2,196
2020-10-28T17:25:16Z,26.76,-91.32,8.2,196
2020-10-28T17:25:17Z,26.76,-91.32,8.2,196
2020-10-28T17:25:18Z,26.76,-91.32,8.2,196
2020-10-28T17:25:19Z,26.76,-91.32,8.2,196
2020-10-28T17:25:20Z,26.76,-91.32,8.2,196
2020-10-28T17:25:21Z,26.76,-91.32,8.2,196
2020-10-28T17:25:22Z,26.76,-91.32,8.2,196
2020-10-28T17:25:23Z,26.76,-91.32,8.2,196
2020-10-28T17:25:24Z,26.76,-91.32,8.2,196
2020-10-28T17:25:25Z,26.76,-91.3,8.2,196
2020-10-28T17:25:26Z,26.76,-91.32,8.2,196
2020-10-28T17:25:27Z,26.76,-91.32,8.2,196
2020-10-28T17:25:28Z,26.76,-91.32,8.2,196
2020-10-28T17:25:29Z,26.76,-91.32,8.2,196
2020-10-28T17:25:30Z,26.76,-91.32,8.2,196
2020-10-28T17:25:31Z,26.76,-91.32,8.2,196
2020-10-28T17:25:32Z,26.76,-91.32,8.2,196
2020-10-28T17:25:33Z,26.76,-91.32,8.2,196
2020-10-28T17:25:34Z,26.76,-91.32,8.2,196
2020-10-28T17:25:35Z,26.76,-91.32,8.2,196
2020-10-28T17:25:36Z,26.76,-91.88,8.21,196
2020-10-28T17:25:37Z,26.76,-91.47,8.21,196
2020-10-28T17:25:38Z,26.76,-91.39,8.2,196
2020-10-28T17:25:39Z,26.76,-91.35,8.2,196
2020-10-28T17:25:40Z,26.76,-91.35,8.2,196
2020-10-28T17:25:41Z,26.76,-91.33,8.2,196
2020-10-28T17:25:42Z,26.76,-91.33,8.2,196
2020-10-28T17:25:43Z,26.76,-91.32,8.2,196
2020-10-28T17:25:44Z,26.76,-91.32,8.2,196
2020-10-28T17:25:45Z,26.76,-91.32,8.2,196
2020-10-28T17:25:46Z,26.76,-91.32,8.2,196
2020-10-28T17:25:47Z,26.76,-91.32,8.2,196
2020-10-28T17:25:48Z,26.76,-91.32,8.2,196
2020-10-28T17:25:49Z,26.76,-91.32,8.2,196
2020-10-28T17:25:50Z,26.76,-91.32,8.2,196
2020-10-28T17:25:51Z,26.76,-91.32,8.2,196
2020-10-28T17:25:52Z,26.76,-91.32,8.2,196
2020-10-28T17:25:53Z,26.76,-91.32,8.2,196
2020-10-28T17:25:54Z,26.76,-91.32,8.2,196
2020-10-28T17:25:55Z,26.76,-91.32,8.2,196
2020-10-28T17:25:56Z,26.76,-91.32,8.2,196
2020-10-28T17:25:57Z,26.76,-91.32,8.2,196
2020-10-28T17:25:58Z,26.76,-91.3,8.2,196
2020-10-28T17:25:59Z,26.76,-91.3,8.2,196
2020-10-28T17:26:00Z,26.76,-91.3,8.2,196
2020-10-28T17:26:01Z,26.76,-91.32,8.2,196
2020-10-28T17:26:02Z,26.76,-91.3,8.2,196
2020-10-28T17:26:03Z,26.76,-91.3,8.2,196
2020-10-28T17:26:04Z,26.76,-91.3,8.2,196
2020-10-28T17:26:05Z,26.76,-91.3,8.2,196
2020-10-28T17:26:06Z,26.76,-91.3,8.2,196
2020-10-28T17:26:07Z,26.76,-91.3,8.2,196
2020-10-28T17:26:08Z,26.76,-91.32,8.2,196
2020-10-28T17:26:09Z,26.76,-91.3,8.2,196
2020-10-28T17:26:10Z,26.76,-91.32,8.2,196
2020-10-28T17:26:11Z,26.76,-91.32,8.2,196
2020-10-28T17:26:12Z,26.76,-91.32,8.2,196
2020-10-28T17:26:13Z,26.76,-91.32,8.2,196
2020-10-28T17:26:14Z,26.76,-91.32,8.2,196
2020-10-28T17:26:15Z,26.76,-91.3,8.2,196
2020-10-28T17:26:16Z,26.76,-91.32,8.2,196
2020-10-28T17:26:17Z,26.76,-91.32,8.2,196
2020-10-28T17:26:18Z,26.76,-91.3,8.2,196
2020-10-28T17:26:19Z,26.76,-91.3,8.2,196
2020-10-28T17:26:20Z,26.76,-91.3,8.2,196
2020-10-28T17:26:21Z,26.76,-91.3,8.2,196
2020-10-28T17:26:22Z,26.76,-91.3,8.2,196
2020-10-28T17:26:23Z,26.76,-91.3,8.2,196
2020-10-28T17:26:24Z,26.76,-91.3,8.2,196
2020-10-28T17:26:25Z,26.76,-91.3,8.2,196
2020-10-28T17:26:26Z,26.76,-91.3,8.2,196
2020-10-28T17:26:27Z,26.76,-91.3,8.2,196
2020-10-28T17:26:28Z,26.76,-91.3,8.2,196
2020-10-28T17:26:29Z,26.76,-91.3,8.2,196
2020-10-28T17:26:30Z,26.76,-91.3,8.2,196
2020-10-28T17:26:31Z,26.76,-91.3,8.2,196
2020-10-28T17:26:32Z,26.76,-91.32,8.2,196
2020-10-28T17:26:33Z,26.76,-91.3,8.2,196
2020-10-28T17:26:34Z,26.76,-91.3,8.2,196
2020-10-28T17:26:35Z,26.76,-91.32,8.2,196
2020-10-28T17:26:36Z,26.76,-91.3,8.2,196
2020-10-28T17:26:37Z,26.76,-91.3,8.2,196
2020-10-28T17:26:38Z,26.76,-91.3,8.2,196
2020-10-28T17:26:39Z,26.76,-91.3,8.2,196
2020-10-28T17:26:40Z,26.76,-91.3,8.2,196
2020-10-28T17:26:41Z,26.76,-91.3,8.2,196
2020-10-28T17:26:42Z,26.76,-91.3,8.2,196
2020-10-28T17:26:43Z,26.76,-91.3,8.2,196
2020-10-28T17:26:44Z,26.76,-91.3,8.2,196
2020-10-28T17:26:45Z,26.76,-91.3,8.2,196
2020-10-28T17:26:46Z,26.76,-91.3,8.2,196
2020-10-28T17:26:47Z,26.76,-91.3,8.2,196
2020-10-28T17:26:48Z,26.76,-91.3,8.2,196
2020-10-28T17:26:49Z,26.76,-91.3,8.2,196
2020-10-28T17:26:50Z,26.76,-91.3,8.2,196
2020-10-28T17:26:51Z,26.76,-91.3,8.2,196
2020-10-28T17:26:52Z,26.76,-91.3,8.2,196
2020-10-28T17:26:53Z,26.76,-91.3,8.2,196
2020-10-28T17:26:54Z,26.76,-91.3,8.2,196
2020-10-28T17:26:55Z,26.76,-91.3,8.2,196
2020-10-28T17:26:56Z,26.76,-91.3,8.2,196
2020-10-28T17:26:57Z,26.76,-91.3,8.2,196
2020-10-28T17:26:58Z,26.76,-91.3,8.2,196
2020-10-28T17:26:59Z,26.76,-91.3,8.2,196
2020-10-28T17:27:00Z,26.76,-91.3,8.2,196
2020-10-28T17:27:01Z,26.76,-91.3,8.2,196
2020-10-28T17:27:02Z,26.76,-91.3,8.2,196
2020-10-28T17:27:03Z,26.76,-91.3,8.2,196
2020-10-28T17:27:04Z,26.76,-91.3,8.2,196
2020-10-28T17:27:05Z,26.76,-91.3,8.2,196
2020-10-28T17:27:06Z,26.76,-91.3,8.2,196
2020-10-28T17:27:07Z,26.76,-91.28,8.2,196
2020-10-28T17:27:08Z,26.76,-91.3,8.2,196
2020-10-28T17:27:09Z,26.76,-91.3,8.2,196
2020-10-28T17:27:10Z,26.76,-91.3,8.2,196
2020-10-28T17:27:11Z,26.76,-91.3,8.2,196
2020-10-28T17:27:12Z,26.76,-91.3,8.2,196
2020-10-28T17:27:13Z,26.76,-91.3,8.2,196
2020-10-28T17:27:14Z,26.76,-91.3,8.2,196
2020-10-28T17:27:15Z,26.76,-91.3,8.2,196
2020-10-28T17:27:16Z,26.76,-91.28,8.2,196
2020-10-28T17:27:17Z,26.76,-91.3,8.2,196
2020-10-28T17:27:18Z,26.76,-91.3,8.2,196
2020-10-28T17:27:19Z,26.76,-91.3,8.2,196
2020-10-28T17:27:20Z,26.76,-91.3,8.2,196
2020-10-28T17:27:21Z,26.76,-91.3,8.2,196
2020-10-28T17:27:22Z,26.76,-91.28,8.2,196
2020-10-28T17:27:23Z,26.76,-91.28,8.2,196
2020-10-28T17:27:24Z,26.76,-91.3,8.2,196
2020-10-28T17:27:25Z,26.76,-91.3,8.2,196
2020-10-28T17:27:26Z,26.76,-91.3,8.2,196
2020-10-28T17:27:27Z,26.76,-91.3,8.2,196
2020-10-28T17:27:28Z,26.76,-91.3,8.2,196
2020-10-28T17:27:29Z,26.76,-91.3,8.2,196
2020-10-28T17:27:30Z,26.76,-91.3,8.2,196
2020-10-28T17:27:31Z,26.76,-91.3,8.2,196
2020-10-28T17:27:32Z,26.76,-91.3,8.2,196
2020-10-28T17:27:33Z,26.76,-91.28,8.2,196
2020-10-28T17:27:34Z,26.76,-91.28,8.2,196
2020-10-28T17:27:35Z,26.76,-91.28,8.2,196
2020-10-28T17:27:36Z,26.76,-91.28,8.2,196
2020-10-28T17:27:37Z,26.76,-91.3,8.2,196
2020-10-28T17:27:38Z,26.76,-91.28,8.2,196
2020-10-28T17:27:39Z,26.76,-91.28,8.2,196
2020-10-28T17:27:40Z,26.76,-91.3,8.2,196
2020-10-28T17:27:41Z,26.76,-91.28,8.2,196
2020-10-28T17:27:42Z,26.76,-91.28,8.2,196
2020-10-28T17:27:43Z,26.76,-91.3,8.2,196
2020-10-28T17:27:44Z,26.76,-91.3,8.2,196
2020-10-28T17:27:45Z,26.76,-91.3,8.2,196
2020-10-28T17:27:46Z,26.76,-91.3,8.2,196
2020-10-28T17:27:47Z,26.76,-91.3,8.2,196
2020-10-28T17:27:48Z,26.76,-91.3,8.2,196
2020-10-28T17:27:49Z,26.76,-91.3,8.2,196
2020-10-28T17:27:50Z,26.76,-91.3,8.2,196
2020-10-28T17:27:51Z,26.76,-91.3,8.2,196
2020-10-28T17:27:52Z,26.76,-91.3,8.2,196
2020-10-28T17:27:53Z,26.76,-91.3,8.2,196
2020-10-28T17:27:54Z,26.76,-91.28,8.2,196
2020-10-28T17:27:55Z,26.76,-91.28,8.2,196
2020-10-28T17:27:56Z,26.76,-91.3,8.2,196
2020-10-28T17:27:57Z,26.76,-91.28,8.2,196
2020-10-28T17:27:58Z,26.76,-91.28,8.2,196
2020-10-28T17:27:59Z,26.76,-91.28,8.2,196
2020-10-28T17:28:00Z,26.76,-91.28,8.2,196
2020-10-28T17:28:01Z,26.76,-91.3,8.2,196
2020-10-28T17:28:02Z,26.76,-91.3,8.2,196
2020-10-28T17:28:03Z,26.76,-91.3,8.2,196
2020-10-28T17:28:04Z,26.76,-91.28,8.2,196
2020-10-28T17:28:05Z,26.76,-91.3,8.2,196
2020-10-28T17:28:06Z,26.76,-91.3,8.2,196
2020-10-28T17:28:07Z,26.76,-91.28,8.2,196
2020-10-28T17:28:08Z,26.76,-91.28,8.2,196
2020-10-28T17:28:09Z,26.76,-91.3,8.2,196
2020-10-28T17:28:10Z,26.76,-91.28,8.2,196
2020-10-28T17:28:11Z,26.76,-91.28,8.2,196
2020-10-28T17:28:12Z,26.76,-91.28,8.2,196
2020-10-28T17:28:13Z,26.76,-91.28,8.2,196
2020-10-28T17:28:14Z,26.76,-91.28,8.2,196
2020-10-28T17:28:15Z,26.76,-91.28,8.2,196
2020-10-28T17:28:16Z,26.76,-91.28,8.2,196
2020-10-28T17:28:17Z,26.76,-91.28,8.2,196
2020-10-28T17:28:18Z,26.76,-91.28,8.2,196
2020-10-28T17:28:19Z,26.76,-91.3,8.2,196
2020-10-28T17:28:20Z,26.76,-91.3,8.2,196
2020-10-28T17:28:21Z,26.76,-91.28,8.2,196
2020-10-28T17:28:22Z,26.76,-91.28,8.2,196
2020-10-28T17:28:23Z,26.76,-91.28,8.2,196
2020-10-28T17:28:24Z,26.76,-91.3,8.2,196
2020-10-28T17:28:25Z,26.76,-91.28,8.2,196
2020-10-28T17:28:26Z,26.76,-91.3,8.2,196
2020-10-28T17:28:27Z,26.76,-91.3,8.2,196
2020-10-28T17:28:28Z,26.76,-91.28,8.2,196
2020-10-28T17:28:29Z,26.76,-91.28,8.2,196
2020-10-28T17:28:30Z,26.76,-91.28,8.2,196
2020-10-28T17:28:31Z,26.76,-91.28,8.2,196
2020-10-28T17:28:32Z,26.76,-91.28,8.2,196
2020-10-28T17:28:33Z,26.76,-91.28,8.2,196
2020-10-28T17:28:34Z,26.76,-91.28,8.2,196
2020-10-28T17:28:35Z,26.76,-91.28,8.2,196
2020-10-28T17:28:36Z,26.76,-91.28,8.2,196
2020-10-28T17:28:37Z,26.76,-91.28,8.2,196
2020-10-28T17:28:38Z,26.76,-91.28,8.2,196
2020-10-28T17:28:39Z,26.76,-91.28,8.2,196
2020-10-28T17:28:40Z,26.76,-91.28,8.2,196
2020-10-28T17:28:41Z,26.76,-91.28,8.2,196
2020-10-28T17:28:42Z,26.76,-91.3,8.2,196
2020-10-28T17:28:43Z,26.76,-91.3,8.2,196
2020-10-28T17:28:44Z,26.76,-91.28,8.2,196
2020-10-28T17:28:45Z,26.76,-91.3,8.2,196
2020-10-28T17:28:46Z,26.76,-91.3,8.2,196
2020-10-28T17:28:47Z,26.76,-91.28,8.2,196
2020-10-28T17:28:48Z,26.76,-91.28,8.2,196
2020-10-28T17:28:49Z,26.76,-91.3,8.2,196
2020-10-28T17:28:50Z,26.76,-91.3,8.2,196
2020-10-28T17:28:51Z,26.76,-91.28,8.2,196
2020-10-28T17:28:52Z,26.76,-91.3,8.2,196
2020-10-28T17:28:53Z,26.76,-91.3,8.2,196
2020-10-28T17:28:54Z,26.76,-91.28,8.2,196
2020-10-28T17:28:55Z,26.76,-91.28,8.2,196
2020-10-28T17:28:56Z,26.76,-91.28,8.2,196
2020-10-28T17:28:57Z,26.76,-91.28,8.2,196
2020-10-28T17:28:58Z,26.76,-91.28,8.2,196
2020-10-28T17:28:59Z,26.76,-91.28,8.2,196
2020-10-28T17:29:00Z,26.76,-91.28,8.2,196
2020-10-28T17:29:01Z,26.76,-91.28,8.2,196
2020-10-28T17:29:02Z,26.76,-91.28,8.2,196
2020-10-28T17:29:03Z,26.76,-91.28,8.2,196
2020-10-28T17:29:04Z,26.76,-91.28,8.2,196
2020-10-28T17:29:05Z,26.76,-91.3,8.2,196
2020-10-28T17:29:06Z,26.76,-91.28,8.2,196
2020-10-28T17:29:07Z,26.76,-91.28,8.2,196
2020-10-28T17:29:08Z,26.76,-91.28,8.2,196
2020-10-28T17:29:09Z,26.76,-91.28,8.2,196
2020-10-28T17:29:10Z,26.76,-91.28,8.2,196
2020-10-28T17:29:11Z,26.76,-91.28,8.2,196
2020-10-28T17:29:12Z,26.76,-91.28,8.2,196
2020-10-28T17:29:13Z,26.76,-91.28,8.2,196
2020-10-28T17:29:14Z,26.76,-91.28,8.2,196
2020-10-28T17:29:15Z,26.76,-91.28,8.2,196
2020-10-28T17:29:16Z,26.76,-91.28,8.2,196
2020-10-28T17:29:17Z,26.76,-91.28,8.2,196
2020-10-28T17:29:18Z,26.76,-91.28,8.2,196
2020-10-28T17:29:19Z,26.76,-91.28,8.2,196
2020-10-28T17:29:20Z,26.76,-91.28,8.2,196
2020-10-28T17:29:21Z,26.76,-91.28,8.2,196
2020-10-28T17:29:22Z,26.76,-91.28,8.2,196
2020-10-28T17:29:23Z,26.76,-91.28,8.2,196
2020-10-28T17:29:24Z,26.76,-91.28,8.2,196
2020-10-28T17:29:25Z,26.76,-91.3,8.2,196
2020-10-28T17:29:26Z,26.76,-91.28,8.2,196
2020-10-28T17:29:27Z,26.76,-91.28,8.2,196
2020-10-28T17:29:28Z,26.76,-91.28,8.2,196
2020-10-28T17:29:29Z,26.76,-91.28,8.2,196
2020-10-28T17:29:30Z,26.76,-91.28,8.2,196
2020-10-28T17:29:31Z,26.76,-91.28,8.2,196
2020-10-28T17:29:32Z,26.76,-91.28,8.2,196
2020-10-28T17:29:33Z,26.76,-91.28,8.2,196
2020-10-28T17:29:34Z,26.76,-91.28,8.2,196
2020-10-28T17:29:35Z,26.76,-91.28,8.2,196
2020-10-28T17:29:36Z,26.76,-91.28,8.2,196
2020-10-28T17:29:37Z,26.76,-91.28,8.2,196
2020-10-28T17:29:38Z,26.76,-91.28,8.2,196
2020-10-28T17:29:39Z,26.76,-91.28,8.2,196
2020-10-28T17:29:40Z,26.76,-91.28,8.2,196
2020-10-28T17:29:41Z,26.76,-91.28,8.2,196
2020-10-28T17:29:42Z,26.76,-91.28,8.2,196
2020-10-28T17:29:43Z,26.76,-91.28,8.2,196
2020-10-28T17:29:44Z,26.76,-91.28,8.2,196
2020-10-28T17:29:45Z,26.76,-91.28,8.2,196
2020-10-28T17:29:46Z,26.76,-91.28,8.2,196
2020-10-28T17:29:47Z,26.76,-91.28,8.2,196
2020-10-28T17:29:48Z,26.76,-91.28,8.2,196
2020-10-28T17:29:49Z,26.76,-91.28,8.2,196
2020-10-28T17:29:50Z,26.76,-91.28,8.2,196
2020-10-28T17:29:51Z,26.76,-91.28,8.2,196
2020-10-28T17:29:52Z,26.76,-91.28,8.2,196
2020-10-28T17:29:53Z,26.76,-91.3,8.2,196
2020-10-28T17:29:54Z,26.76,-91.28,8.2,196
2020-10-28T17:29:55Z,26.76,-91.28,8.2,196
2020-10-28T17:29:56Z,26.76,-91.28,8.2,196
2020-10-28T17:29:57Z,26.76,-91.28,8.2,196
2020-10-28T17:29:58Z,26.76,-91.28,8.2,196
2020-10-28T17:29:59Z,26.76,-91.28,8.2,196
2020-10-28T17:30:00Z,26.76,-91.28,8.2,196
2020-10-28T17:30:01Z,26.76,-91.28,8.2,196
2020-10-28T17:30:02Z,26.76,-91.28,8.2,196
2020-10-28T17:30:03Z,26.73,-91.28,8.2,196
2020-10-28T17:30:04Z,26.76,-91.28,8.2,196
2020-10-28T17:30:05Z,26.73,-91.3,8.2,196
2020-10-28T17:30:06Z,26.73,-91.28,8.2,196
2020-10-28T17:30:07Z,26.73,-91.3,8.2,196
2020-10-28T17:30:08Z,26.73,-91.3,8.2,196
2020-10-28T17:30:09Z,26.73,-91.3,8.2,196
2020-10-28T17:30:10Z,26.73,-91.28,8.2,196
2020-10-28T17:30:11Z,26.73,-91.28,8.2,196
2020-10-28T17:30:12Z,26.73,-91.28,8.2,196
2020-10-28T17:30:13Z,26.73,-91.28,8.2,196
2020-10-28T17:30:14Z,26.73,-91.28,8.2,196
2020-10-28T17:30:15Z,26.73,-91.28,8.2,196
2020-10-28T17:30:16Z,26.73,-91.28,8.2,196
2020-10-28T17:30:17Z,26.73,-91.28,8.2,196
2020-10-28T17:30:18Z,26.73,-91.28,8.2,196
2020-10-28T17:30:19Z,26.73,-91.28,8.2,196
2020-10-28T17:30:20Z,26.73,-91.28,8.2,196
2020-10-28T17:30:21Z,26.73,-91.28,8.2,196
2020-10-28T17:30:22Z,26.73,-91.28,8.2,196
2020-10-28T17:30:23Z,26.73,-91.28,8.2,196
2020-10-28T17:30:24Z,26.73,-91.28,8.2,196
2020-10-28T17:30:25Z,26.73,-91.28,8.2,196
2020-10-28T17:30:26Z,26.73,-91.28,8.2,196
2020-10-28T17:30:27Z,26.73,-91.28,8.2,196
2020-10-28T17:30:28Z,26.73,-91.28,8.2,196
2020-10-28T17:30:29Z,26.73,-91.28,8.2,196
2020-10-28T17:30:30Z,26.73,-91.28,8.2,196
2020-10-28T17:30:31Z,26.73,-91.28,8.2,196
2020-10-28T17:30:32Z,26.73,-91.3,8.2,196
2020-10-28T17:30:33Z,26.73,-91.3,8.2,196
2020-10-28T17:30:34Z,26.73,-91.28,8.2,196
2020-10-28T17:30:35Z,26.73,-91.3,8.2,196
2020-10-28T17:30:36Z,26.73,-91.3,8.2,196
2020-10-28T17:30:37Z,26.73,-91.28,8.2,196
2020-10-28T17:30:38Z,26.73,-91.3,8.2,196
2020-10-28T17:30:39Z,26.73,-91.3,8.2,196
2020-10-28T17:30:40Z,26.73,-91.3,8.2,196
2020-10-28T17:30:41Z,26.73,-91.3,8.2,196
2020-10-28T17:30:42Z,26.73,-91.28,8.2,196
2020-10-28T17:30:43Z,26.73,-91.28,8.2,196
2020-10-28T17:30:44Z,26.73,-91.28,8.2,196
2020-10-28T17:30:45Z,26.73,-91.3,8.2,196
2020-10-28T17:30:46Z,26.73,-91.3,8.2,196
2020-10-28T17:30:47Z,26.73,-91.3,8.2,196
2020-10-28T17:30:48Z,26.73,-91.28,8.2,196
2020-10-28T17:30:49Z,26.73,-91.28,8.2,196
2020-10-28T17:30:50Z,26.73,-91.3,8.2,196
2020-10-28T17:30:51Z,26.73,-91.28,8.2,196
2020-10-28T17:30:52Z,26.73,-91.3,8.2,196
2020-10-28T17:30:53Z,26.73,-91.3,8.2,196
2020-10-28T17:30:54Z,26.73,-91.3,8.2,196
2020-10-28T17:30:55Z,26.73,-91.3,8.2,196
2020-10-28T17:30:56Z,26.73,-91.3,8.2,196
2020-10-28T17:30:57Z,26.73,-91.28,8.2,196
2020-10-28T17:30:58Z,26.73,-91.3,8.2,196
2020-10-28T17:30:59Z,26.73,-91.3,8.2,196
2020-10-28T17:31:00Z,26.73,-91.3,8.2,196
2020-10-28T17:31:01Z,26.73,-91.3,8.2,196
2020-10-28T17:31:02Z,26.73,-91.3,8.2,196
2020-10-28T17:31:03Z,26.73,-91.3,8.2,196
2020-10-28T17:31:04Z,26.73,-91.3,8.2,196
2020-10-28T17:31:05Z,26.73,-91.3,8.2,196
2020-10-28T17:31:06Z,26.73,-91.3,8.2,196
2020-10-28T17:31:07Z,26.73,-91.3,8.2,196
2020-10-28T17:31:08Z,26.73,-91.3,8.2,196
2020-10-28T17:31:09Z,26.73,-91.3,8.2,196
2020-10-28T17:31:10Z,26.73,-91.3,8.2,196
2020-10-28T17:31:11Z,26.73,-91.3,8.2,196
2020-10-28T17:31:12Z,26.73,-91.3,8.2,196
2020-10-28T17:31:13Z,26.73,-91.3,8.2,196
2020-10-28T17:31:14Z,26.73,-91.3,8.2,196
2020-10-28T17:31:15Z,26.73,-91.3,8.2,196
2020-10-28T17:31:16Z,26.73,-91.3,8.2,196
2020-10-28T17:31:17Z,26.73,-91.3,8.2,196
2020-10-28T17:31:18Z,26.73,-91.3,8.2,196
2020-10-28T17:31:19Z,26.73,-91.3,8.2,196
2020-10-28T17:31:20Z,26.73,-91.3,8.2,196
2020-10-28T17:31:21Z,26.73,-91.3,8.2,196
2020-10-28T17:31:22Z,26.73,-91.3,8.2,196
2020-10-28T17:31:23Z,26.73,-91.3,8.2,196
2020-10-28T17:31:24Z,26.73,-91.3,8.2,196
2020-10-28T17:31:25Z,26.73,-91.3,8.2,196
2020-10-28T17:31:26Z,26.73,-91.3,8.2,196
2020-10-28T17:31:27Z,26.73,-91.3,8.2,196
2020-10-28T17:31:28Z,26.73,-91.3,8.2,196
2020-10-28T17:31:29Z,26.73,-91.3,8.2,196
2020-10-28T17:31:30Z,26.73,-91.3,8.2,196
2020-10-28T17:31:31Z,26.73,-91.3,8.2,196
2020-10-28T17:31:32Z,26.73,-91.32,8.2,196
2020-10-28T17:31:33Z,26.73,-91.3,8.2,196
2020-10-28T17:31:34Z,26.73,-91.3,8.2,196
2020-10-28T17:31:35Z,26.73,-91.32,8.2,196
2020-10-28T17:31:36Z,26.73,-91.32,8.2,196
2020-10-28T17:31:37Z,26.73,-91.3,8.2,196
2020-10-28T17:31:38Z,26.73,-91.3,8.2,196
2020-10-28T17:31:39Z,26.73,-91.3,8.2,196
2020-10-28T17:31:40Z,26.73,-91.3,8.2,196
2020-10-28T17:31:41Z,26.73,-91.3,8.2,196
2020-10-28T17:31:42Z,26.73,-91.3,8.2,196
2020-10-28T17:31:43Z,26.73,-91.3,8.2,196
2020-10-28T17:31:44Z,26.73,-91.3,8.2,196
2020-10-28T17:31:45Z,26.73,-91.3,8.2,196
2020-10-28T17:31:46Z,26.73,-91.3,8.2,196
2020-10-28T17:31:47Z,26.73,-91.3,8.2,196
2020-10-28T17:31:48Z,26.73,-91.3,8.2,196
2020-10-28T17:31:49Z,26.73,-91.3,8.2,196
2020-10-28T17:31:50Z,26.73,-91.3,8.2,196
2020-10-28T17:31:51Z,26.73,-91.3,8.2,196
2020-10-28T17:31:52Z,26.73,-91.3,8.2,196
2020-10-28T17:31:53Z,26.73,-91.38,8.2,196
2020-10-28T17:31:54Z,26.73,-91.33,8.2,196
2020-10-28T17:31:55Z,26.73,-91.32,8.2,196
2020-10-28T17:31:56Z,26.73,-91.32,8.2,196
2020-10-28T17:31:57Z,26.73,-91.32,8.2,196
2020-10-28T17:31:58Z,26.73,-91.32,8.2,196
2020-10-28T17:31:59Z,26.73,-91.32,8.2,196
2020-10-28T17:32:00Z,26.73,-91.32,8.2,196
2020-10-28T17:32:01Z,26.73,-91.3,8.2,196
2020-10-28T17:32:02Z,26.73,-91.3,8.2,196
2020-10-28T17:32:03Z,26.73,-91.32,8.2,196
2020-10-28T17:32:04Z,26.73,-91.3,8.2,196
2020-10-28T17:32:05Z,26.73,-91.3,8.2,196
2020-10-28T17:32:06Z,26.73,-91.3,8.2,196
2020-10-28T17:32:07Z,26.73,-91.3,8.2,196
2020-10-28T17:32:08Z,26.73,-91.3,8.2,196
2020-10-28T17:32:09Z,26.73,-91.32,8.2,196
2020-10-28T17:32:10Z,26.73,-91.32,8.2,196
2020-10-28T17:32:11Z,26.73,-91.32,8.2,196
2020-10-28T17:32:12Z,26.73,-91.32,8.2,196
2020-10-28T17:32:13Z,26.73,-91.32,8.2,196
2020-10-28T17:32:14Z,26.73,-91.32,8.2,196
2020-10-28T17:32:15Z,26.73,-91.32,8.2,196
2020-10-28T17:32:16Z,26.73,-91.32,8.2,196
2020-10-28T17:32:17Z,26.73,-91.32,8.2,196
2020-10-28T17:32:18Z,26.73,-91.32,8.2,196
2020-10-28T17:32:19Z,26.73,-91.33,8.2,196
2020-10-28T17:32:20Z,26.73,-91.33,8.2,196
2020-10-28T17:32:21Z,26.73,-91.33,8.2,196
2020-10-28T17:32:22Z,26.73,-91.32,8.2,196
2020-10-28T17:32:23Z,26.73,-91.32,8.2,196
2020-10-28T17:32:24Z,26.73,-91.32,8.2,196
2020-10-28T17:32:25Z,26.73,-91.32,8.2,196
2020-10-28T17:32:26Z,26.73,-91.32,8.2,196
2020-10-28T17:32:27Z,26.73,-91.33,8.2,196
2020-10-28T17:32:28Z,26.73,-91.32,8.2,196
2020-10-28T17:32:29Z,26.73,-91.32,8.2,196
2020-10-28T17:32:30Z,26.73,-91.32,8.2,196
2020-10-28T17:32:31Z,26.73,-91.32,8.2,196
2020-10-28T17:32:32Z,26.73,-91.32,8.2,196
2020-10-28T17:32:33Z,26.73,-91.32,8.2,196
2020-10-28T17:32:34Z,26.73,-91.32,8.2,196
2020-10-28T17:32:35Z,26.73,-91.32,8.2,196
2020-10-28T17:32:36Z,26.73,-91.32,8.2,196
2020-10-28T17:32:37Z,26.73,-91.32,8.2,196
2020-10-28T17:32:38Z,26.73,-91.32,8.2,196
2020-10-28T17:32:39Z,26.73,-91.32,8.2,196
2020-10-28T17:32:40Z,26.73,-91.32,8.2,196
2020-10-28T17:32:41Z,26.73,-91.32,8.2,196
2020-10-28T17:32:42Z,26.73,-91.32,8.2,196
2020-10-28T17:32:43Z,26.73,-91.32,8.2,196
2020-10-28T17:32:44Z,26.73,-91.32,8.2,196
2020-10-28T17:32:45Z,26.73,-91.32,8.2,196
2020-10-28T17:32:46Z,26.73,-91.32,8.2,196
2020-10-28T17:32:47Z,26.73,-91.32,8.2,196
2020-10-28T17:32:48Z,26.73,-91.32,8.2,196
2020-10-28T17:32:49Z,26.73,-91.32,8.2,196
2020-10-28T17:32:50Z,26.73,-91.32,8.2,196
2020-10-28T17:32:51Z,26.73,-91.32,8.2,196
2020-10-28T17:32:52Z,26.73,-91.32,8.2,196
2020-10-28T17:32:53Z,26.73,-91.32,8.2,196
2020-10-28T17:32:54Z,26.73,-91.32,8.2,196
2020-10-28T17:32:55Z,26.73,-91.32,8.2,196
2020-10-28T17:32:56Z,26.71,-91.32,8.2,196
2020-10-28T17:32:57Z,26.71,-91.32,8.2,196
2020-10-28T17:32:58Z,26.71,-91.32,8.2,196
2020-10-28T17:32:59Z,26.71,-91.32,8.2,196
2020-10-28T17:33:00Z,26.71,-91.32,8.2,196
2020-10-28T17:33:01Z,26.71,-91.32,8.2,196
2020-10-28T17:33:02Z,26.71,-91.32,8.2,196
2020-10-28T17:33:03Z,26.71,-91.32,8.2,196
2020-10-28T17:33:04Z,26.71,-91.32,8.2,196
2020-10-28T17:33:05Z,26.71,-91.32,8.2,196
2020-10-28T17:33:06Z,26.71,-91.32,8.2,196
2020-10-28T17:33:07Z,26.71,-91.32,8.2,196
2020-10-28T17:33:08Z,26.71,-91.32,8.2,196
2020-10-28T17:33:09Z,26.71,-91.32,8.2,196
2020-10-28T17:33:10Z,26.71,-91.32,8.2,196
2020-10-28T17:33:11Z,26.71,-91.32,8.2,196
2020-10-28T17:33:12Z,26.71,-91.32,8.2,196
2020-10-28T17:33:13Z,26.71,-91.32,8.2,196
2020-10-28T17:33:14Z,26.71,-91.32,8.2,196
2020-10-28T17:33:15Z,26.71,-91.32,8.2,196
2020-10-28T17:33:16Z,26.71,-91.32,8.2,196
2020-10-28T17:33:17Z,26.71,-91.32,8.2,196
2020-10-28T17:33:18Z,26.71,-91.32,8.2,196
2020-10-28T17:33:19Z,26.71,-91.32,8.2,196
2020-10-28T17:33:20Z,26.71,-91.32,8.2,196
2020-10-28T17:33:21Z,26.71,-91.32,8.2,196
2020-10-28T17:33:22Z,26.71,-91.32,8.2,196
2020-10-28T17:33:23Z,26.71,-91.32,8.2,196
2020-10-28T17:33:24Z,26.71,-91.32,8.2,196
2020-10-28T17:33:25Z,26.71,-91.33,8.2,196
2020-10-28T17:33:26Z,26.71,-91.33,8.2,196
2020-10-28T17:33:27Z,26.71,-91.32,8.2,196
2020-10-28T17:33:28Z,26.71,-91.32,8.2,196
2020-10-28T17:33:29Z,26.71,-91.32,8.2,196
2020-10-28T17:33:30Z,26.71,-91.32,8.2,196
2020-10-28T17:33:31Z,26.71,-91.32,8.2,196
2020-10-28T17:33:32Z,26.71,-91.32,8.2,196
2020-10-28T17:33:33Z,26.71,-91.32,8.2,196
2020-10-28T17:33:34Z,26.71,-91.33,8.2,196
2020-10-28T17:33:35Z,26.71,-91.33,8.2,196
2020-10-28T17:33:36Z,26.71,-91.33,8.2,196
2020-10-28T17:33:37Z,26.71,-91.33,8.2,196
2020-10-28T17:33:38Z,26.71,-91.33,8.2,196
2020-10-28T17:33:39Z,26.71,-91.32,8.2,196
2020-10-28T17:33:40Z,26.71,-91.33,8.2,196
2020-10-28T17:33:41Z,26.71,-91.33,8.2,196
2020-10-28T17:33:42Z,26.71,-91.33,8.2,196
2020-10-28T17:33:43Z,26.71,-91.33,8.2,196
2020-10-28T17:33:44Z,26.71,-91.33,8.2,196
2020-10-28T17:33:45Z,26.71,-91.33,8.2,196
2020-10-28T17:33:46Z,26.71,-91.33,8.2,196
2020-10-28T17:33:47Z,26.71,-91.33,8.2,196
2020-10-28T17:33:48Z,26.71,-91.33,8.2,196
2020-10-28T17:33:49Z,26.71,-91.33,8.2,196
2020-10-28T17:33:50Z,26.71,-91.33,8.2,196
2020-10-28T17:33:51Z,26.71,-91.33,8.2,196
2020-10-28T17:33:52Z,26.71,-91.33,8.2,196
2020-10-28T17:33:53Z,26.71,-91.33,8.2,196
2020-10-28T17:33:54Z,26.71,-91.33,8.2,196
2020-10-28T17:33:55Z,26.71,-91.33,8.2,196
2020-10-28T17:33:56Z,26.71,-91.33,8.2,196
2020-10-28T17:33:57Z,26.71,-91.33,8.2,196
2020-10-28T17:33:58Z,26.71,-91.33,8.2,196
2020-10-28T17:33:59Z,26.71,-91.33,8.2,196
2020-10-28T17:34:00Z,26.71,-91.33,8.2,196
2020-10-28T17:34:01Z,26.71,-91.33,8.2,196
2020-10-28T17:34:02Z,26.71,-91.33,8.2,196
2020-10-28T17:34:03Z,26.71,-91.33,8.2,196
2020-10-28T17:34:04Z,26.71,-91.33,8.2,196
2020-10-28T17:34:05Z,26.71,-91.33,8.2,196
2020-10-28T17:34:06Z,26.71,-91.33,8.2,196
2020-10-28T17:34:07Z,26.71,-91.33,8.2,196
2020-10-28T17:34:08Z,26.71,-91.35,8.2,196
2020-10-28T17:34:09Z,26.71,-91.33,8.2,196
2020-10-28T17:34:10Z,26.71,-91.33,8.2,196
2020-10-28T17:34:11Z,26.71,-91.33,8.2,196
2020-10-28T17:34:12Z,26.71,-91.35,8.2,196
2020-10-28T17:34:13Z,26.71,-91.35,8.2,196
2020-10-28T17:34:14Z,26.71,-91.35,8.2,196
2020-10-28T17:34:15Z,26.71,-91.35,8.2,196
2020-10-28T17:34:16Z,26.71,-91.35,8.2,196
2020-10-28T17:34:17Z,26.71,-91.35,8.2,196
2020-10-28T17:34:18Z,26.71,-91.35,8.2,196
2020-10-28T17:34:19Z,26.71,-91.35,8.2,196
2020-10-28T17:34:20Z,26.71,-91.35,8.2,196
2020-10-28T17:34:21Z,26.71,-91.35,8.2,196
2020-10-28T17:34:22Z,26.71,-91.35,8.2,196
2020-10-28T17:34:23Z,26.71,-91.35,8.2,196
2020-10-28T17:34:24Z,26.71,-91.35,8.2,196
2020-10-28T17:34:25Z,26.71,-91.35,8.2,196
2020-10-28T17:34:26Z,26.71,-91.35,8.2,196
2020-10-28T17:34:27Z,26.71,-91.35,8.2,196
2020-10-28T17:34:28Z,26.71,-91.35,8.2,196
2020-10-28T17:34:29Z,26.71,-91.35,8.2,196
2020-10-28T17:34:30Z,26.71,-91.35,8.2,196
2020-10-28T17:34:31Z,26.71,-91.35,8.2,196
2020-10-28T17:34:32Z,26.71,-91.35,8.2,196
2020-10-28T17:34:33Z,26.71,-91.35,8.2,196
2020-10-28T17:34:34Z,26.71,-91.35,8.2,196
2020-10-28T17:34:35Z,26.71,-91.35,8.2,196
2020-10-28T17:34:36Z,26.71,-91.35,8.2,196
2020-10-28T17:34:37Z,26.71,-91.35,8.2,196
2020-10-28T17:34:38Z,26.71,-91.35,8.2,196
2020-10-28T17:34:39Z,26.71,-91.35,8.2,196
2020-10-28T17:34:40Z,26.71,-91.35,8.2,196
2020-10-28T17:34:41Z,26.71,-91.35,8.2,196
2020-10-28T17:34:42Z,26.71,-91.35,8.2,196
2020-10-28T17:34:43Z,26.71,-91.35,8.2,196
2020-10-28T17:34:44Z,26.71,-91.35,8.2,196
2020-10-28T17:34:45Z,26.71,-91.35,8.2,196
2020-10-28T17:34:46Z,26.71,-91.35,8.2,196
2020-10-28T17:34:47Z,26.71,-91.35,8.2,196
2020-10-28T17:34:48Z,26.71,-91.35,8.2,196
2020-10-28T17:34:49Z,26.71,-91.35,8.2,196
2020-10-28T17:34:50Z,26.71,-91.35,8.2,196
2020-10-28T17:34:51Z,26.71,-91.35,8.2,196
2020-10-28T17:34:52Z,26.71,-91.35,8.2,196
2020-10-28T17:34:53Z,26.71,-91.35,8.2,196
2020-10-28T17:34:54Z,26.71,-91.35,8.2,196
2020-10-28T17:34:55Z,26.71,-91.35,8.2,196
2020-10-28T17:34:56Z,26.71,-91.35,8.2,196
2020-10-28T17:34:57Z,26.71,-91.35,8.2,196
2020-10-28T17:34:58Z,26.71,-91.35,8.2,196
2020-10-28T17:34:59Z,26.71,-91.35,8.2,196
2020-10-28T17:35:00Z,26.71,-91.35,8.2,196
2020-10-28T17:35:01Z,26.71,-91.35,8.2,196
2020-10-28T17:35:02Z,26.71,-91.35,8.2,196
2020-10-28T17:35:03Z,26.71,-91.35,8.2,196
2020-10-28T17:35:04Z,26.71,-91.35,8.2,196
2020-10-28T17:35:05Z,26.71,-91.35,8.2,196
2020-10-28T17:35:06Z,26.71,-91.35,8.2,196
2020-10-28T17:35:07Z,26.71,-91.14,8.2,196
2020-10-28T17:35:08Z,26.71,-91.27,8.2,196
2020-10-28T17:35:09Z,26.71,-91.32,8.2,196
2020-10-28T17:35:10Z,26.71,-91.32,8.2,196
2020-10-28T17:35:11Z,26.71,-91.33,8.2,196
2020-10-28T17:35:12Z,26.71,-91.33,8.2,196
2020-10-28T17:35:13Z,26.71,-91.35,8.2,196
2020-10-28T17:35:14Z,26.71,-91.35,8.2,196
2020-10-28T17:35:15Z,26.71,-91.35,8.2,196
2020-10-28T17:35:16Z,26.71,-91.35,8.2,196
2020-10-28T17:35:17Z,26.71,-91.35,8.2,196
2020-10-28T17:35:18Z,26.71,-91.35,8.2,196
2020-10-28T17:35:19Z,26.71,-91.35,8.2,196
2020-10-28T17:35:20Z,26.71,-91.35,8.2,196
2020-10-28T17:35:21Z,26.71,-91.35,8.2,196
2020-10-28T17:35:22Z,26.71,-91.35,8.2,196
2020-10-28T17:35:23Z,26.71,-91.35,8.2,196
2020-10-28T17:35:24Z,26.71,-91.35,8.2,196
2020-10-28T17:35:25Z,26.71,-91.35,8.2,196
2020-10-28T17:35:26Z,26.71,-91.35,8.2,196
2020-10-28T17:35:27Z,26.71,-91.35,8.2,196
2020-10-28T17:35:28Z,26.71,-91.35,8.2,196
2020-10-28T17:35:29Z,26.71,-91.35,8.2,196
2020-10-28T17:35:30Z,26.71,-91.35,8.2,196
2020-10-28T17:35:31Z,26.71,-91.35,8.2,196
2020-10-28T17:35:32Z,26.71,-91.35,8.2,196
2020-10-28T17:35:33Z,26.71,-91.35,8.2,196
2020-10-28T17:35:34Z,26.71,-91.35,8.2,196
2020-10-28T17:35:35Z,26.71,-91.35,8.2,196
2020-10-28T17:35:36Z,26.71,-91.35,8.2,196
2020-10-28T17:35:37Z,26.71,-91.35,8.2,196
2020-10-28T17:35:38Z,26.71,-91.35,8.2,196
2020-10-28T17:35:39Z,26.71,-91.35,8.2,196
2020-10-28T17:35:40Z,26.71,-91.35,8.2,196
2020-10-28T17:35:41Z,26.71,-91.35,8.2,196
2020-10-28T17:35:42Z,26.71,-91.35,8.2,196
2020-10-28T17:35:43Z,26.71,-91.35,8.2,196
2020-10-28T17:35:44Z,26.71,-91.35,8.2,196
2020-10-28T17:35:45Z,26.71,-91.35,8.2,196
2020-10-28T17:35:46Z,26.71,-91.35,8.2,196
2020-10-28T17:35:47Z,26.71,-91.35,8.2,196
2020-10-28T17:35:48Z,26.71,-91.35,8.2,196
2020-10-28T17:35:49Z,26.71,-91.35,8.2,196
2020-10-28T17:35:50Z,26.71,-91.35,8.2,196
2020-10-28T17:35:51Z,26.71,-91.35,8.2,196
2020-10-28T17:35:52Z,26.71,-91.35,8.2,196
2020-10-28T17:35:53Z,26.71,-91.35,8.2,196
2020-10-28T17:35:54Z,26.71,-91.35,8.2,196
2020-10-28T17:35:55Z,26.71,-91.35,8.2,196
2020-10-28T17:35:56Z,26.71,-91.35,8.2,196
2020-10-28T17:35:57Z,26.71,-91.35,8.2,196
2020-10-28T17:35:58Z,26.71,-91.35,8.2,196
2020-10-28T17:35:59Z,26.71,-91.35,8.2,196
2020-10-28T17:36:00Z,26.71,-91.35,8.2,196
2020-10-28T17:36:01Z,26.71,-91.35,8.2,196
2020-10-28T17:36:02Z,26.71,-91.33,8.2,196
2020-10-28T17:36:03Z,26.71,-91.35,8.2,196
2020-10-28T17:36:04Z,26.71,-91.35,8.2,196
2020-10-28T17:36:05Z,26.71,-91.35,8.2,196
2020-10-28T17:36:06Z,26.71,-91.35,8.2,196
2020-10-28T17:36:07Z,26.71,-91.35,8.2,196
2020-10-28T17:36:08Z,26.71,-91.35,8.2,196
2020-10-28T17:36:09Z,26.71,-91.35,8.2,196
2020-10-28T17:36:10Z,26.71,-91.35,8.2,196
2020-10-28T17:36:11Z,26.71,-91.35,8.2,196
2020-10-28T17:36:12Z,26.71,-91.35,8.2,196
2020-10-28T17:36:13Z,26.71,-91.35,8.2,196
2020-10-28T17:36:14Z,26.71,-91.35,8.2,196
2020-10-28T17:36:15Z,26.71,-91.35,8.2,196
2020-10-28T17:36:16Z,26.71,-91.35,8.2,196
2020-10-28T17:36:17Z,26.71,-91.35,8.2,196
2020-10-28T17:36:18Z,26.71,-91.33,8.2,196
2020-10-28T17:36:19Z,26.71,-91.35,8.2,196
2020-10-28T17:36:20Z,26.71,-91.35,8.2,196
2020-10-28T17:36:21Z,26.71,-91.35,8.2,196
2020-10-28T17:36:22Z,26.71,-91.35,8.2,196
2020-10-28T17:36:23Z,26.71,-91.35,8.2,196
2020-10-28T17:36:24Z,26.71,-91.35,8.2,196
2020-10-28T17:36:25Z,26.71,-91.35,8.2,196
2020-10-28T17:36:26Z,26.71,-91.35,8.2,196
2020-10-28T17:36:27Z,26.71,-91.35,8.2,196
2020-10-28T17:36:28Z,26.71,-91.35,8.2,196
2020-10-28T17:36:29Z,26.71,-91.35,8.2,196
2020-10-28T17:36:30Z,26.71,-91.35,8.2,196
2020-10-28T17:36:31Z,26.71,-91.35,8.2,196
2020-10-28T17:36:32Z,26.71,-91.35,8.2,196
2020-10-28T17:36:33Z,26.71,-91.35,8.2,196
2020-10-28T17:36:34Z,26.71,-91.35,8.2,196
2020-10-28T17:36:35Z,26.71,-91.35,8.2,196
2020-10-28T17:36:36Z,26.71,-91.33,8.2,196
2020-10-28T17:36:37Z,26.71,-91.35,8.2,196
2020-10-28T17:36:38Z,26.71,-91.33,8.2,196
2020-10-28T17:36:39Z,26.71,-91.33,8.2,196
2020-10-28T17:36:40Z,26.71,-91.35,8.2,196
2020-10-28T17:36:41Z,26.71,-91.35,8.2,196
2020-10-28T17:36:42Z,26.71,-91.33,8.2,196
2020-10-28T17:36:43Z,26.71,-91.33,8.2,196
2020-10-28T17:36:44Z,26.71,-91.33,8.2,196
2020-10-28T17:36:45Z,26.71,-91.35,8.2,196
2020-10-28T17:36:46Z,26.71,-91.35,8.2,196
2020-10-28T17:36:47Z,26.71,-91.35,8.2,196
2020-10-28T17:36:48Z,26.71,-91.33,8.2,196
2020-10-28T17:36:49Z,26.71,-91.33,8.2,196
2020-10-28T17:36:50Z,26.71,-91.35,8.2,196
2020-10-28T17:36:51Z,26.71,-91.35,8.2,196
2020-10-28T17:36:52Z,26.71,-91.33,8.2,196
2020-10-28T17:36:53Z,26.71,-91.33,8.2,196
2020-10-28T17:36:54Z,26.71,-91.33,8.2,196
2020-10-28T17:36:55Z,26.71,-91.35,8.2,196
2020-10-28T17:36:56Z,26.71,-91.35,8.2,196
2020-10-28T17:36:57Z,26.71,-91.35,8.2,196
2020-10-28T17:36:58Z,26.71,-91.33,8.2,196
2020-10-28T17:36:59Z,26.71,-91.33,8.2,196
2020-10-28T17:37:00Z,26.71,-91.33,8.2,196
2020-10-28T17:37:01Z,26.71,-91.33,8.2,196
2020-10-28T17:37:02Z,26.71,-91.33,8.2,196
2020-10-28T17:37:03Z,26.71,-91.33,8.2,196
2020-10-28T17:37:04Z,26.71,-91.33,8.2,196
2020-10-28T17:37:05Z,26.71,-91.33,8.2,196
2020-10-28T17:37:06Z,26.71,-91.33,8.2,196
2020-10-28T17:37:07Z,26.71,-91.33,8.2,196
2020-10-28T17:37:08Z,26.71,-91.33,8.2,196
2020-10-28T17:37:09Z,26.71,-91.33,8.2,196
2020-10-28T17:37:10Z,26.71,-91.33,8.2,196
2020-10-28T17:37:11Z,26.71,-91.33,8.2,196
2020-10-28T17:37:12Z,26.71,-91.33,8.2,196
2020-10-28T17:37:13Z,26.71,-91.33,8.2,196
2020-10-28T17:37:14Z,26.71,-91.33,8.2,196
2020-10-28T17:37:15Z,26.71,-91.33,8.2,196
2020-10-28T17:37:16Z,26.71,-91.33,8.2,196
2020-10-28T17:37:17Z,26.71,-91.33,8.2,196
2020-10-28T17:37:18Z,26.71,-91.33,8.2,196
2020-10-28T17:37:19Z,26.71,-91.33,8.2,196
2020-10-28T17:37:20Z,26.71,-91.33,8.2,196
2020-10-28T17:37:21Z,26.71,-91.33,8.2,196
2020-10-28T17:37:22Z,26.71,-91.33,8.2,196
2020-10-28T17:37:23Z,26.71,-91.33,8.2,196
2020-10-28T17:37:24Z,26.71,-91.33,8.2,196
2020-10-28T17:37:25Z,26.71,-91.33,8.2,196
2020-10-28T17:37:26Z,26.71,-91.33,8.2,196
2020-10-28T17:37:27Z,26.71,-91.33,8.2,196
2020-10-28T17:37:28Z,26.71,-91.33,8.2,196
2020-10-28T17:37:29Z,26.71,-91.33,8.2,196
2020-10-28T17:37:30Z,26.71,-91.33,8.2,196
2020-10-28T17:37:31Z,26.71,-91.33,8.2,196
2020-10-28T17:37:32Z,26.71,-91.33,8.2,196
2020-10-28T17:37:33Z,26.71,-91.33,8.2,196
2020-10-28T17:37:34Z,26.71,-91.33,8.2,196
2020-10-28T17:37:35Z,26.71,-91.33,8.2,196
2020-10-28T17:37:36Z,26.71,-91.41,8.21,196
2020-10-28T17:37:37Z,26.71,-91.35,8.2,196
2020-10-28T17:37:38Z,26.71,-91.35,8.2,196
2020-10-28T17:37:39Z,26.71,-91.33,8.2,196
2020-10-28T17:37:40Z,26.71,-91.33,8.2,196
2020-10-28T17:37:41Z,26.71,-91.33,8.2,196
2020-10-28T17:37:42Z,26.71,-91.33,8.2,196
2020-10-28T17:37:43Z,26.71,-91.33,8.2,196
2020-10-28T17:37:44Z,26.71,-91.33,8.2,196
2020-10-28T17:37:45Z,26.71,-91.33,8.2,196
2020-10-28T17:37:46Z,26.71,-91.32,8.2,196
2020-10-28T17:37:47Z,26.71,-91.33,8.2,196
2020-10-28T17:37:48Z,26.71,-91.33,8.2,196
2020-10-28T17:37:49Z,26.71,-91.33,8.2,196
2020-10-28T17:37:50Z,26.71,-91.33,8.2,196
2020-10-28T17:37:51Z,26.71,-91.32,8.2,196
2020-10-28T17:37:52Z,26.71,-91.33,8.2,196
2020-10-28T17:37:53Z,26.71,-91.33,8.2,196
2020-10-28T17:37:54Z,26.71,-91.33,8.2,196
2020-10-28T17:37:55Z,26.71,-91.33,8.2,196
2020-10-28T17:37:56Z,26.71,-91.33,8.2,196
2020-10-28T17:37:57Z,26.71,-91.33,8.2,196
2020-10-28T17:37:58Z,26.71,-91.32,8.2,196
2020-10-28T17:37:59Z,26.71,-91.32,8.2,196
2020-10-28T17:38:00Z,26.71,-91.32,8.2,196
2020-10-28T17:38:01Z,26.71,-91.32,8.2,196
2020-10-28T17:38:02Z,26.68,-91.33,8.2,196
2020-10-28T17:38:03Z,26.71,-91.32,8.2,196
2020-10-28T17:38:04Z,26.71,-91.32,8.2,196
2020-10-28T17:38:05Z,26.68,-91.32,8.2,196
2020-10-28T17:38:06Z,26.68,-91.33,8.2,196
2020-10-28T17:38:07Z,26.71,-91.32,8.2,196
2020-10-28T17:38:08Z,26.68,-91.32,8.2,196
2020-10-28T17:38:09Z,26.68,-91.33,8.2,196
2020-10-28T17:38:10Z,26.68,-91.32,8.2,196
2020-10-28T17:38:11Z,26.68,-91.3,8.2,196
2020-10-28T17:38:12Z,26.68,-91.32,8.2,196
2020-10-28T17:38:13Z,26.68,-91.32,8.2,196
2020-10-28T17:38:14Z,26.68,-91.32,8.2,196
2020-10-28T17:38:15Z,26.68,-91.32,8.2,196
2020-10-28T17:38:16Z,26.68,-91.32,8.2,196
2020-10-28T17:38:17Z,26.68,-91.32,8.2,196
2020-10-28T17:38:18Z,26.68,-91.32,8.2,196
2020-10-28T17:38:19Z,26.68,-91.32,8.2,196
2020-10-28T17:38:20Z,26.68,-91.32,8.2,196
2020-10-28T17:38:21Z,26.68,-91.32,8.2,196
2020-10-28T17:38:22Z,26.68,-91.32,8.2,196
2020-10-28T17:38:23Z,26.68,-91.32,8.2,196
2020-10-28T17:38:24Z,26.68,-91.32,8.2,196
2020-10-28T17:38:25Z,26.68,-91.32,8.2,196
2020-10-28T17:38:26Z,26.68,-91.32,8.2,196
2020-10-28T17:38:27Z,26.68,-91.32,8.2,196
2020-10-28T17:38:28Z,26.68,-91.32,8.2,196
2020-10-28T17:38:29Z,26.68,-91.32,8.2,196
2020-10-28T17:38:30Z,26.68,-91.32,8.2,196
2020-10-28T17:38:31Z,26.68,-91.32,8.2,196
2020-10-28T17:38:32Z,26.68,-91.32,8.2,196
2020-10-28T17:38:33Z,26.68,-91.3,8.2,196
2020-10-28T17:38:34Z,26.68,-91.32,8.2,196
2020-10-28T17:38:35Z,26.68,-91.32,8.2,196
2020-10-28T17:38:36Z,26.68,-91.32,8.2,196
2020-10-28T17:38:37Z,26.68,-91.32,8.2,196
2020-10-28T17:38:38Z,26.68,-91.32,8.2,196
2020-10-28T17:38:39Z,26.68,-91.32,8.2,196
2020-10-28T17:38:40Z,26.68,-91.32,8.2,196
2020-10-28T17:38:41Z,26.68,-91.3,8.2,196
2020-10-28T17:38:42Z,26.68,-91.32,8.2,196
2020-10-28T17:38:43Z,26.68,-91.32,8.2,196
2020-10-28T17:38:44Z,26.68,-91.32,8.2,196
2020-10-28T17:38:45Z,26.68,-91.32,8.2,196
2020-10-28T17:38:46Z,26.68,-91.32,8.2,196
2020-10-28T17:38:47Z,26.68,-91.32,8.2,196
2020-10-28T17:38:48Z,26.68,-91.32,8.2,196
2020-10-28T17:38:49Z,26.68,-91.3,8.2,196
2020-10-28T17:38:50Z,26.68,-91.32,8.2,196
2020-10-28T17:38:51Z,26.68,-91.32,8.2,196
2020-10-28T17:38:52Z,26.68,-91.32,8.2,196
2020-10-28T17:38:53Z,26.68,-91.32,8.2,196
2020-10-28T17:38:54Z,26.68,-91.32,8.2,196
2020-10-28T17:38:55Z,26.68,-91.32,8.2,196
2020-10-28T17:38:56Z,26.68,-91.32,8.2,196
2020-10-28T17:38:57Z,26.68,-91.32,8.2,196
2020-10-28T17:38:58Z,26.68,-91.32,8.2,196
2020-10-28T17:38:59Z,26.68,-91.32,8.2,196
2020-10-28T17:39:00Z,26.68,-91.3,8.2,196
2020-10-28T17:39:01Z,26.68,-91.32,8.2,196
2020-10-28T17:39:02Z,26.68,-91.32,8.2,196
2020-10-28T17:39:03Z,26.68,-91.32,8.2,196
2020-10-28T17:39:04Z,26.68,-91.32,8.2,196
2020-10-28T17:39:05Z,26.68,-91.32,8.2,196
2020-10-28T17:39:06Z,26.68,-91.32,8.2,196
2020-10-28T17:39:07Z,26.68,-91.32,8.2,196
2020-10-28T17:39:08Z,26.68,-91.3,8.2,196
2020-10-28T17:39:09Z,26.68,-91.32,8.2,196
2020-10-28T17:39:10Z,26.68,-91.3,8.2,196
2020-10-28T17:39:11Z,26.68,-91.32,8.2,196
2020-10-28T17:39:12Z,26.68,-91.32,8.2,196
2020-10-28T17:39:13Z,26.68,-91.3,8.2,196
2020-10-28T17:39:14Z,26.68,-91.32,8.2,196
2020-10-28T17:39:15Z,26.68,-91.32,8.2,196
2020-10-28T17:39:16Z,26.68,-91.32,8.2,196
2020-10-28T17:39:17Z,26.68,-91.32,8.2,196
2020-10-28T17:39:18Z,26.68,-91.3,8.2,196
2020-10-28T17:39:19Z,26.68,-91.32,8.2,196
2020-10-28T17:39:20Z,26.68,-91.32,8.2,196
2020-10-28T17:39:21Z,26.68,-91.32,8.2,196
2020-10-28T17:39:22Z,26.68,-91.32,8.2,196
2020-10-28T17:39:23Z,26.68,-91.32,8.2,196
2020-10-28T17:39:24Z,26.68,-91.32,8.2,196
2020-10-28T17:39:25Z,26.68,-91.32,8.2,196
2020-10-28T17:39:26Z,26.68,-91.32,8.2,196
2020-10-28T17:39:27Z,26.68,-91.32,8.2,196
2020-10-28T17:39:28Z,26.68,-91.32,8.2,196
2020-10-28T17:39:29Z,26.68,-91.32,8.2,196
2020-10-28T17:39:30Z,26.68,-91.32,8.2,196
2020-10-28T17:39:31Z,26.68,-91.32,8.2,196
2020-10-28T17:39:32Z,26.68,-91.3,8.2,196
2020-10-28T17:39:33Z,26.68,-91.3,8.2,196
2020-10-28T17:39:34Z,26.68,-91.32,8.2,196
2020-10-28T17:39:35Z,26.68,-91.32,8.2,196
2020-10-28T17:39:36Z,26.68,-91.32,8.2,196
2020-10-28T17:39:37Z,26.68,-91.32,8.2,196
2020-10-28T17:39:38Z,26.68,-91.32,8.2,196
2020-10-28T17:39:39Z,26.68,-91.32,8.2,196
2020-10-28T17:39:40Z,26.68,-91.25,8.2,196
2020-10-28T17:39:41Z,26.68,-91.28,8.2,196
2020-10-28T17:39:42Z,26.68,-91.3,8.2,196
2020-10-28T17:39:43Z,26.68,-91.3,8.2,196
2020-10-28T17:39:44Z,26.68,-91.3,8.2,196
2020-10-28T17:39:45Z,26.68,-91.3,8.2,196
2020-10-28T17:39:46Z,26.68,-91.3,8.2,196
2020-10-28T17:39:47Z,26.68,-91.3,8.2,196
2020-10-28T17:39:48Z,26.68,-91.3,8.2,196
2020-10-28T17:39:49Z,26.68,-91.3,8.2,196
2020-10-28T17:39:50Z,26.68,-91.3,8.2,196
2020-10-28T17:39:51Z,26.68,-91.32,8.2,196
2020-10-28T17:39:52Z,26.68,-91.3,8.2,196
2020-10-28T17:39:53Z,26.68,-91.3,8.2,196
2020-10-28T17:39:54Z,26.68,-91.3,8.2,196
2020-10-28T17:39:55Z,26.68,-91.32,8.2,196
2020-10-28T17:39:56Z,26.68,-91.3,8.2,196
2020-10-28T17:39:57Z,26.68,-91.32,8.2,196
2020-10-28T17:39:58Z,26.68,-91.32,8.2,196
2020-10-28T17:39:59Z,26.68,-91.32,8.2,196
2020-10-28T17:40:00Z,26.68,-91.32,8.2,196
2020-10-28T17:40:01Z,26.68,-91.3,8.2,196
2020-10-28T17:40:02Z,26.68,-91.3,8.2,196
2020-10-28T17:40:03Z,26.71,-91.3,8.2,196
2020-10-28T17:40:04Z,26.71,-91.3,8.2,196
2020-10-28T17:40:05Z,26.68,-91.3,8.2,196
2020-10-28T17:40:06Z,26.68,-91.3,8.2,196
2020-10-28T17:40:07Z,26.71,-91.3,8.2,196
2020-10-28T17:40:08Z,26.68,-91.3,8.2,196
2020-10-28T17:40:09Z,26.71,-91.3,8.2,196
2020-10-28T17:40:10Z,26.71,-91.3,8.2,196
2020-10-28T17:40:11Z,26.71,-91.32,8.2,196
2020-10-28T17:40:12Z,26.68,-91.32,8.2,196
2020-10-28T17:40:13Z,26.71,-91.3,8.2,196
2020-10-28T17:40:14Z,26.71,-91.3,8.2,196
2020-10-28T17:40:15Z,26.71,-91.32,8.2,196
2020-10-28T17:40:16Z,26.71,-91.3,8.2,196
2020-10-28T17:40:17Z,26.71,-91.3,8.2,196
2020-10-28T17:40:18Z,26.71,-91.3,8.2,196
2020-10-28T17:40:19Z,26.71,-91.32,8.2,196
2020-10-28T17:40:20Z,26.71,-91.3,8.2,196
2020-10-28T17:40:21Z,26.71,-91.32,8.2,196
2020-10-28T17:40:22Z,26.71,-91.3,8.2,196
2020-10-28T17:40:23Z,26.71,-91.3,8.2,196
2020-10-28T17:40:24Z,26.71,-91.3,8.2,196
2020-10-28T17:40:25Z,26.71,-91.3,8.2,196
2020-10-28T17:40:26Z,26.71,-91.3,8.2,196
2020-10-28T17:40:27Z,26.71,-91.3,8.2,196
2020-10-28T17:40:28Z,26.71,-91.3,8.2,196
2020-10-28T17:40:29Z,26.71,-91.28,8.2,196
2020-10-28T17:40:30Z,26.71,-91.3,8.2,196
2020-10-28T17:40:31Z,26.71,-91.3,8.2,196
2020-10-28T17:40:32Z,26.71,-91.3,8.2,196
2020-10-28T17:40:33Z,26.71,-91.3,8.2,196
2020-10-28T17:40:34Z,26.71,-91.3,8.2,196
2020-10-28T17:40:35Z,26.71,-91.32,8.2,196
2020-10-28T17:40:36Z,26.71,-91.85,8.21,196
2020-10-28T17:40:37Z,26.71,-91.46,8.21,196
2020-10-28T17:40:38Z,26.71,-91.38,8.2,196
2020-10-28T17:40:39Z,26.71,-91.36,8.2,196
2020-10-28T17:40:40Z,26.71,-91.33,8.2,196
2020-10-28T17:40:41Z,26.71,-91.33,8.2,196
2020-10-28T17:40:42Z,26.71,-91.32,8.2,196
2020-10-28T17:40:43Z,26.71,-91.32,8.2,196
2020-10-28T17:40:44Z,26.71,-91.32,8.2,196
2020-10-28T17:40:45Z,26.71,-91.32,8.2,196
2020-10-28T17:40:46Z,26.71,-91.32,8.2,196
2020-10-28T17:40:47Z,26.71,-91.3,8.2,196
2020-10-28T17:40:48Z,26.71,-91.32,8.2,196
2020-10-28T17:40:49Z,26.71,-91.3,8.2,196
2020-10-28T17:40:50Z,26.71,-91.32,8.2,196
2020-10-28T17:40:51Z,26.71,-91.3,8.2,196
2020-10-28T17:40:52Z,26.71,-91.3,8.2,196
2020-10-28T17:40:53Z,26.71,-91.3,8.2,196
2020-10-28T17:40:54Z,26.71,-91.3,8.2,196
2020-10-28T17:40:55Z,26.71,-91.3,8.2,196
2020-10-28T17:40:56Z,26.71,-91.3,8.2,196
2020-10-28T17:40:57Z,26.71,-91.3,8.2,196
2020-10-28T17:40:58Z,26.71,-91.3,8.2,196
2020-10-28T17:40:59Z,26.71,-91.3,8.2,196
2020-10-28T17:41:00Z,26.71,-91.3,8.2,196
2020-10-28T17:41:01Z,26.71,-91.3,8.2,196
2020-10-28T17:41:02Z,26.71,-91.3,8.2,196
2020-10-28T17:41:03Z,26.71,-91.3,8.2,196
2020-10-28T17:41:04Z,26.71,-91.3,8.2,196
2020-10-28T17:41:05Z,26.71,-91.3,8.2,196
2020-10-28T17:41:06Z,26.71,-91.3,8.2,196
2020-10-28T17:41:07Z,26.71,-91.3,8.2,196
2020-10-28T17:41:08Z,26.71,-91.3,8.2,196
2020-10-28T17:41:09Z,26.71,-91.3,8.2,196
2020-10-28T17:41:10Z,26.71,-91.3,8.2,196
2020-10-28T17:41:11Z,26.71,-91.3,8.2,196
2020-10-28T17:41:12Z,26.71,-91.3,8.2,196
2020-10-28T17:41:13Z,26.71,-91.3,8.2,196
2020-10-28T17:41:14Z,26.71,-91.3,8.2,196
2020-10-28T17:41:15Z,26.71,-91.3,8.2,196
2020-10-28T17:41:16Z,26.71,-91.3,8.2,196
2020-10-28T17:41:17Z,26.71,-91.3,8.2,196
2020-10-28T17:41:18Z,26.71,-91.3,8.2,196
2020-10-28T17:41:19Z,26.71,-91.28,8.2,196
2020-10-28T17:41:20Z,26.71,-91.3,8.2,196
2020-10-28T17:41:21Z,26.71,-91.3,8.2,196
2020-10-28T17:41:22Z,26.71,-91.28,8.2,196
2020-10-28T17:41:23Z,26.71,-91.3,8.2,196
2020-10-28T17:41:24Z,26.71,-91.3,8.2,196
2020-10-28T17:41:25Z,26.71,-91.3,8.2,196
2020-10-28T17:41:26Z,26.71,-91.3,8.2,196
2020-10-28T17:41:27Z,26.71,-91.3,8.2,196
2020-10-28T17:41:28Z,26.71,-91.3,8.2,196
2020-10-28T17:41:29Z,26.71,-91.3,8.2,196
2020-10-28T17:41:30Z,26.71,-91.28,8.2,196
2020-10-28T17:41:31Z,26.71,-91.28,8.2,196
2020-10-28T17:41:32Z,26.71,-91.28,8.2,196
2020-10-28T17:41:33Z,26.71,-91.3,8.2,196
2020-10-28T17:41:34Z,26.71,-91.28,8.2,196
2020-10-28T17:41:35Z,26.71,-91.28,8.2,196
2020-10-28T17:41:36Z,26.71,-91.3,8.2,196
2020-10-28T17:41:37Z,26.71,-91.28,8.2,196
2020-10-28T17:41:38Z,26.71,-91.28,8.2,196
2020-10-28T17:41:39Z,26.71,-91.28,8.2,196
2020-10-28T17:41:40Z,26.71,-91.28,8.2,196
2020-10-28T17:41:41Z,26.71,-91.28,8.2,196
2020-10-28T17:41:42Z,26.71,-91.28,8.2,196
2020-10-28T17:41:43Z,26.71,-91.28,8.2,196
2020-10-28T17:41:44Z,26.71,-91.28,8.2,196
2020-10-28T17:41:45Z,26.71,-91.28,8.2,196
2020-10-28T17:41:46Z,26.71,-91.28,8.2,196
2020-10-28T17:41:47Z,26.71,-91.28,8.2,196
2020-10-28T17:41:48Z,26.71,-91.28,8.2,196
2020-10-28T17:41:49Z,26.71,-91.27,8.2,196
2020-10-28T17:41:50Z,26.71,-91.28,8.2,196
2020-10-28T17:41:51Z,26.71,-91.28,8.2,196
2020-10-28T17:41:52Z,26.71,-91.28,8.2,196
2020-10-28T17:41:53Z,26.71,-91.28,8.2,196
2020-10-28T17:41:54Z,26.71,-91.28,8.2,196
2020-10-28T17:41:55Z,26.71,-91.28,8.2,196
2020-10-28T17:41:56Z,26.71,-91.28,8.2,196
2020-10-28T17:41:57Z,26.71,-91.28,8.2,196
2020-10-28T17:41:58Z,26.71,-91.28,8.2,196
2020-10-28T17:41:59Z,26.71,-91.28,8.2,196
2020-10-28T17:42:00Z,26.71,-91.28,8.2,196
2020-10-28T17:42:01Z,26.71,-91.28,8.2,196
2020-10-28T17:42:02Z,26.71,-91.28,8.2,196
2020-10-28T17:42:03Z,26.71,-91.28,8.2,196
2020-10-28T17:42:04Z,26.71,-91.28,8.2,196
2020-10-28T17:42:05Z,26.71,-91.28,8.2,196
2020-10-28T17:42:06Z,26.71,-91.28,8.2,196
2020-10-28T17:42:07Z,26.71,-91.28,8.2,196
2020-10-28T17:42:08Z,26.71,-91.28,8.2,196
2020-10-28T17:42:09Z,26.71,-91.28,8.2,196
2020-10-28T17:42:10Z,26.71,-91.28,8.2,196
2020-10-28T17:42:11Z,26.71,-91.28,8.2,196
2020-10-28T17:42:12Z,26.71,-91.3,8.2,196
2020-10-28T17:42:13Z,26.71,-91.28,8.2,196
2020-10-28T17:42:14Z,26.71,-91.28,8.2,196
2020-10-28T17:42:15Z,26.71,-91.28,8.2,196
2020-10-28T17:42:16Z,26.71,-91.28,8.2,196
2020-10-28T17:42:17Z,26.71,-91.28,8.2,196
2020-10-28T17:42:18Z,26.71,-91.28,8.2,196
2020-10-28T17:42:19Z,26.71,-91.28,8.2,196
2020-10-28T17:42:20Z,26.71,-91.28,8.2,196
2020-10-28T17:42:21Z,26.71,-91.28,8.2,196
2020-10-28T17:42:22Z,26.71,-91.28,8.2,196
2020-10-28T17:42:23Z,26.71,-91.28,8.2,196
2020-10-28T17:42:24Z,26.71,-91.28,8.2,196
2020-10-28T17:42:25Z,26.71,-91.28,8.2,196
2020-10-28T17:42:26Z,26.71,-91.28,8.2,196
2020-10-28T17:42:27Z,26.71,-91.28,8.2,196
2020-10-28T17:42:28Z,26.71,-91.28,8.2,196
2020-10-28T17:42:29Z,26.71,-91.27,8.2,196
2020-10-28T17:42:30Z,26.71,-91.27,8.2,196
2020-10-28T17:42:31Z,26.71,-91.28,8.2,196
2020-10-28T17:42:32Z,26.71,-91.27,8.2,196
2020-10-28T17:42:33Z,26.71,-91.28,8.2,196
2020-10-28T17:42:34Z,26.71,-91.28,8.2,196
2020-10-28T17:42:35Z,26.71,-91.28,8.2,196
2020-10-28T17:42:36Z,26.71,-91.28,8.2,196
2020-10-28T17:42:37Z,26.71,-91.28,8.2,196
2020-10-28T17:42:38Z,26.71,-91.28,8.2,196
2020-10-28T17:42:39Z,26.71,-91.28,8.2,196
2020-10-28T17:42:40Z,26.71,-91.28,8.2,196
2020-10-28T17:42:41Z,26.71,-91.28,8.2,196
2020-10-28T17:42:42Z,26.71,-91.28,8.2,196
2020-10-28T17:42:43Z,26.71,-91.28,8.2,196
2020-10-28T17:42:44Z,26.71,-91.28,8.2,196
2020-10-28T17:42:45Z,26.71,-91.28,8.2,196
2020-10-28T17:42:46Z,26.71,-91.28,8.2,196
2020-10-28T17:42:47Z,26.71,-91.28,8.2,196
2020-10-28T17:42:48Z,26.71,-91.28,8.2,196
2020-10-28T17:42:49Z,26.71,-91.28,8.2,196
2020-10-28T17:42:50Z,26.71,-91.28,8.2,196
2020-10-28T17:42:51Z,26.71,-91.28,8.2,196
2020-10-28T17:42:52Z,26.71,-91.28,8.2,196
2020-10-28T17:42:53Z,26.71,-91.28,8.2,196
2020-10-28T17:42:54Z,26.71,-91.28,8.2,196
2020-10-28T17:42:55Z,26.71,-91.28,8.2,196
2020-10-28T17:42:56Z,26.71,-91.28,8.2,196
2020-10-28T17:42:57Z,26.71,-91.28,8.2,196
2020-10-28T17:42:58Z,26.71,-91.28,8.2,196
2020-10-28T17:42:59Z,26.71,-91.28,8.2,196
2020-10-28T17:43:00Z,26.71,-91.28,8.2,196
2020-10-28T17:43:01Z,26.71,-91.28,8.2,196
2020-10-28T17:43:02Z,26.71,-91.28,8.2,196
2020-10-28T17:43:03Z,26.71,-91.28,8.2,196
2020-10-28T17:43:04Z,26.71,-91.28,8.2,196
2020-10-28T17:43:05Z,26.71,-91.28,8.2,196
2020-10-28T17:43:06Z,26.71,-91.28,8.2,196
2020-10-28T17:43:07Z,26.71,-91.28,8.2,196
2020-10-28T17:43:08Z,26.71,-91.28,8.2,196
2020-10-28T17:43:09Z,26.71,-91.28,8.2,196
2020-10-28T17:43:10Z,26.71,-91.28,8.2,196
2020-10-28T17:43:11Z,26.71,-91.28,8.2,196
2020-10-28T17:43:12Z,26.71,-91.28,8.2,196
2020-10-28T17:43:13Z,26.71,-91.28,8.2,196
2020-10-28T17:43:14Z,26.71,-91.28,8.2,196
2020-10-28T17:43:15Z,26.71,-91.28,8.2,196
2020-10-28T17:43:16Z,26.71,-91.28,8.2,196
2020-10-28T17:43:17Z,26.71,-91.28,8.2,196
2020-10-28T17:43:18Z,26.71,-91.28,8.2,196
2020-10-28T17:43:19Z,26.71,-91.35,8.2,196
2020-10-28T17:43:20Z,26.71,-91.32,8.2,196
2020-10-28T17:43:21Z,26.71,-91.3,8.2,196
2020-10-28T17:43:22Z,26.71,-91.28,8.2,196
2020-10-28T17:43:23Z,26.71,-91.28,8.2,196
2020-10-28T17:43:24Z,26.71,-91.28,8.2,196
2020-10-28T17:43:25Z,26.71,-91.28,8.2,196
2020-10-28T17:43:26Z,26.71,-91.28,8.2,196
2020-10-28T17:43:27Z,26.71,-91.28,8.2,196
2020-10-28T17:43:28Z,26.71,-91.28,8.2,196
2020-10-28T17:43:29Z,26.71,-91.28,8.2,196
2020-10-28T17:43:30Z,26.71,-91.28,8.2,196
2020-10-28T17:43:31Z,26.71,-91.28,8.2,196
2020-10-28T17:43:32Z,26.71,-91.28,8.2,196
2020-10-28T17:43:33Z,26.71,-91.28,8.2,196
2020-10-28T17:43:34Z,26.71,-91.28,8.2,196
2020-10-28T17:43:35Z,26.71,-91.28,8.2,196
2020-10-28T17:43:36Z,26.71,-91.28,8.2,196
2020-10-28T17:43:37Z,26.71,-91.28,8.2,196
2020-10-28T17:43:38Z,26.71,-91.28,8.2,196
2020-10-28T17:43:39Z,26.71,-91.28,8.2,196
2020-10-28T17:43:40Z,26.71,-91.28,8.2,196
2020-10-28T17:43:41Z,26.71,-91.28,8.2,196
2020-10-28T17:43:42Z,26.71,-91.28,8.2,196
2020-10-28T17:43:43Z,26.71,-91.28,8.2,196
2020-10-28T17:43:44Z,26.71,-91.28,8.2,196
2020-10-28T17:43:45Z,26.71,-91.28,8.2,196
2020-10-28T17:43:46Z,26.71,-91.28,8.2,196
2020-10-28T17:43:47Z,26.71,-91.28,8.2,196
2020-10-28T17:43:48Z,26.71,-91.28,8.2,196
2020-10-28T17:43:49Z,26.71,-91.28,8.2,196
2020-10-28T17:43:50Z,26.71,-91.28,8.2,196
2020-10-28T17:43:51Z,26.71,-91.28,8.2,196
2020-10-28T17:43:52Z,26.71,-91.28,8.2,196
2020-10-28T17:43:53Z,26.71,-91.28,8.2,196
2020-10-28T17:43:54Z,26.71,-91.28,8.2,196
2020-10-28T17:43:55Z,26.71,-91.28,8.2,196
2020-10-28T17:43:56Z,26.71,-91.28,8.2,196
2020-10-28T17:43:57Z,26.71,-91.28,8.2,196
2020-10-28T17:43:58Z,26.71,-91.28,8.2,196
2020-10-28T17:43:59Z,26.71,-91.28,8.2,196
2020-10-28T17:44:00Z,26.71,-91.28,8.2,196
2020-10-28T17:44:01Z,26.71,-91.28,8.2,196
2020-10-28T17:44:02Z,26.71,-91.28,8.2,196
2020-10-28T17:44:03Z,26.71,-91.28,8.2,196
2020-10-28T17:44:04Z,26.71,-91.28,8.2,196
2020-10-28T17:44:05Z,26.71,-91.28,8.2,196
2020-10-28T17:44:06Z,26.71,-91.28,8.2,196
2020-10-28T17:44:07Z,26.71,-91.28,8.2,196
2020-10-28T17:44:08Z,26.71,-91.28,8.2,196
2020-10-28T17:44:09Z,26.71,-91.28,8.2,196
2020-10-28T17:44:10Z,26.71,-91.28,8.2,196
2020-10-28T17:44:11Z,26.71,-91.28,8.2,196
2020-10-28T17:44:12Z,26.71,-91.28,8.2,196
2020-10-28T17:44:13Z,26.71,-91.28,8.2,196
2020-10-28T17:44:14Z,26.71,-91.28,8.2,196
2020-10-28T17:44:15Z,26.71,-91.28,8.2,196
2020-10-28T17:44:16Z,26.71,-91.28,8.2,196
2020-10-28T17:44:17Z,26.71,-91.28,8.2,196
2020-10-28T17:44:18Z,26.71,-91.28,8.2,196
2020-10-28T17:44:19Z,26.71,-91.28,8.2,196
2020-10-28T17:44:20Z,26.71,-91.28,8.2,196
2020-10-28T17:44:21Z,26.71,-91.28,8.2,196
2020-10-28T17:44:22Z,26.71,-91.28,8.2,196
2020-10-28T17:44:23Z,26.71,-91.28,8.2,196
2020-10-28T17:44:24Z,26.71,-91.28,8.2,196
2020-10-28T17:44:25Z,26.71,-91.28,8.2,196
2020-10-28T17:44:26Z,26.71,-91.28,8.2,196
2020-10-28T17:44:27Z,26.71,-91.28,8.2,196
2020-10-28T17:44:28Z,26.71,-91.28,8.2,196
2020-10-28T17:44:29Z,26.71,-91.28,8.2,196
2020-10-28T17:44:30Z,26.71,-91.28,8.2,196
2020-10-28T17:44:31Z,26.71,-91.27,8.2,196
2020-10-28T17:44:32Z,26.71,-91.27,8.2,196
2020-10-28T17:44:33Z,26.71,-91.28,8.2,196
2020-10-28T17:44:34Z,26.71,-91.28,8.2,196
2020-10-28T17:44:35Z,26.71,-91.28,8.2,196
2020-10-28T17:44:36Z,26.71,-91.28,8.2,196
2020-10-28T17:44:37Z,26.71,-91.28,8.2,196
2020-10-28T17:44:38Z,26.71,-91.28,8.2,196
2020-10-28T17:44:39Z,26.71,-91.28,8.2,196
2020-10-28T17:44:40Z,26.71,-91.28,8.2,196
2020-10-28T17:44:41Z,26.71,-91.28,8.2,196
2020-10-28T17:44:42Z,26.71,-91.28,8.2,196
2020-10-28T17:44:43Z,26.71,-91.28,8.2,196
2020-10-28T17:44:44Z,26.71,-91.28,8.2,196
2020-10-28T17:44:45Z,26.71,-91.28,8.2,196
2020-10-28T17:44:46Z,26.71,-91.28,8.2,196
2020-10-28T17:44:47Z,26.71,-91.28,8.2,196
2020-10-28T17:44:48Z,26.71,-91.28,8.2,196
2020-10-28T17:44:49Z,26.71,-91.28,8.2,196
2020-10-28T17:44:50Z,26.71,-91.28,8.2,196
2020-10-28T17:44:51Z,26.71,-91.28,8.2,196
2020-10-28T17:44:52Z,26.71,-91.28,8.2,196
2020-10-28T17:44:53Z,26.71,-91.28,8.2,196
2020-10-28T17:44:54Z,26.71,-91.28,8.2,196
2020-10-28T17:44:55Z,26.71,-91.28,8.2,196
2020-10-28T17:44:56Z,26.71,-91.27,8.2,196
2020-10-28T17:44:57Z,26.71,-91.28,8.2,196
2020-10-28T17:44:58Z,26.71,-91.28,8.2,196
2020-10-28T17:44:59Z,26.71,-91.28,8.2,196
2020-10-28T17:45:00Z,26.71,-91.28,8.2,196
2020-10-28T17:45:01Z,26.71,-91.28,8.2,196
2020-10-28T17:45:02Z,26.71,-91.28,8.2,196
2020-10-28T17:45:03Z,26.71,-91.28,8.2,196
2020-10-28T17:45:04Z,26.71,-91.27,8.2,196
2020-10-28T17:45:05Z,26.71,-91.28,8.2,196
2020-10-28T17:45:06Z,26.71,-91.28,8.2,196
2020-10-28T17:45:07Z,26.71,-91.28,8.2,196
2020-10-28T17:45:08Z,26.71,-91.28,8.2,196
2020-10-28T17:45:09Z,26.71,-91.27,8.2,196
2020-10-28T17:45:10Z,26.71,-91.28,8.2,196
2020-10-28T17:45:11Z,26.71,-91.27,8.2,196
2020-10-28T17:45:12Z,26.71,-91.27,8.2,196
2020-10-28T17:45:13Z,26.71,-91.28,8.2,196
2020-10-28T17:45:14Z,26.71,-91.28,8.2,196
2020-10-28T17:45:15Z,26.71,-91.27,8.2,196
2020-10-28T17:45:16Z,26.71,-91.27,8.2,196
2020-10-28T17:45:17Z,26.71,-91.27,8.2,196
2020-10-28T17:45:18Z,26.71,-91.28,8.2,196
2020-10-28T17:45:19Z,26.71,-91.27,8.2,196
2020-10-28T17:45:20Z,26.71,-91.28,8.2,196
2020-10-28T17:45:21Z,26.71,-91.28,8.2,196
2020-10-28T17:45:22Z,26.71,-91.28,8.2,196
2020-10-28T17:45:23Z,26.71,-91.27,8.2,196
2020-10-28T17:45:24Z,26.71,-91.27,8.2,196
2020-10-28T17:45:25Z,26.71,-91.28,8.2,196
2020-10-28T17:45:26Z,26.71,-91.28,8.2,196
2020-10-28T17:45:27Z,26.71,-91.28,8.2,196
2020-10-28T17:45:28Z,26.71,-91.28,8.2,196
2020-10-28T17:45:29Z,26.71,-91.28,8.2,196
2020-10-28T17:45:30Z,26.71,-91.28,8.2,196
2020-10-28T17:45:31Z,26.71,-91.28,8.2,196
2020-10-28T17:45:32Z,26.71,-91.28,8.2,196
2020-10-28T17:45:33Z,26.71,-91.28,8.2,196
2020-10-28T17:45:34Z,26.71,-91.28,8.2,196
2020-10-28T17:45:35Z,26.71,-91.28,8.2,196
2020-10-28T17:45:36Z,26.71,-91.28,8.2,196
2020-10-28T17:45:37Z,26.71,-91.27,8.2,196
2020-10-28T17:45:38Z,26.71,-91.28,8.2,196
2020-10-28T17:45:39Z,26.71,-91.28,8.2,196
2020-10-28T17:45:40Z,26.71,-91.27,8.2,196
2020-10-28T17:45:41Z,26.71,-91.28,8.2,196
2020-10-28T17:45:42Z,26.71,-91.28,8.2,196
2020-10-28T17:45:43Z,26.71,-91.28,8.2,196
2020-10-28T17:45:44Z,26.71,-91.28,8.2,196
2020-10-28T17:45:45Z,26.71,-91.28,8.2,196
2020-10-28T17:45:46Z,26.71,-91.27,8.2,196
2020-10-28T17:45:47Z,26.71,-91.27,8.2,196
2020-10-28T17:45:48Z,26.71,-91.28,8.2,196
2020-10-28T17:45:49Z,26.71,-91.28,8.2,196
2020-10-28T17:45:50Z,26.71,-91.28,8.2,196
2020-10-28T17:45:51Z,26.71,-91.27,8.2,196
2020-10-28T17:45:52Z,26.71,-91.28,8.2,196
2020-10-28T17:45:53Z,26.71,-91.27,8.2,196
2020-10-28T17:45:54Z,26.71,-91.27,8.2,196
2020-10-28T17:45:55Z,26.71,-91.28,8.2,196
2020-10-28T17:45:56Z,26.71,-91.27,8.2,196
2020-10-28T17:45:57Z,26.71,-91.27,8.2,196
2020-10-28T17:45:58Z,26.71,-91.27,8.2,196
2020-10-28T17:45:59Z,26.71,-91.27,8.2,196
2020-10-28T17:46:00Z,26.71,-91.28,8.2,196
2020-10-28T17:46:01Z,26.71,-91.28,8.2,196
2020-10-28T17:46:02Z,26.71,-91.28,8.2,196
2020-10-28T17:46:03Z,26.71,-91.28,8.2,196
2020-10-28T17:46:04Z,26.71,-91.28,8.2,196
2020-10-28T17:46:05Z,26.71,-91.28,8.2,196
2020-10-28T17:46:06Z,26.71,-91.28,8.2,196
2020-10-28T17:46:07Z,26.71,-91.27,8.2,196
2020-10-28T17:46:08Z,26.71,-91.28,8.2,196
2020-10-28T17:46:09Z,26.71,-91.27,8.2,196
2020-10-28T17:46:10Z,26.71,-91.27,8.2,196
2020-10-28T17:46:11Z,26.71,-91.27,8.2,196
2020-10-28T17:46:12Z,26.71,-91.27,8.2,196
2020-10-28T17:46:13Z,26.71,-91.28,8.2,196
2020-10-28T17:46:14Z,26.71,-91.27,8.2,196
2020-10-28T17:46:15Z,26.71,-91.27,8.2,196
2020-10-28T17:46:16Z,26.71,-91.27,8.2,196
2020-10-28T17:46:17Z,26.71,-91.27,8.2,196
2020-10-28T17:46:18Z,26.71,-91.27,8.2,196
2020-10-28T17:46:19Z,26.71,-91.27,8.2,196
2020-10-28T17:46:20Z,26.71,-91.27,8.2,196
2020-10-28T17:46:21Z,26.71,-91.27,8.2,196
2020-10-28T17:46:22Z,26.71,-91.27,8.2,196
2020-10-28T17:46:23Z,26.71,-91.27,8.2,196
2020-10-28T17:46:24Z,26.71,-91.27,8.2,196
2020-10-28T17:46:25Z,26.71,-91.27,8.2,196
2020-10-28T17:46:26Z,26.71,-91.27,8.2,196
2020-10-28T17:46:27Z,26.71,-91.27,8.2,196
2020-10-28T17:46:28Z,26.71,-91.27,8.2,196
2020-10-28T17:46:29Z,26.71,-91.27,8.2,196
2020-10-28T17:46:30Z,26.71,-91.27,8.2,196
2020-10-28T17:46:31Z,26.71,-91.27,8.2,196
2020-10-28T17:46:32Z,26.71,-91.27,8.2,196
2020-10-28T17:46:33Z,26.71,-91.27,8.2,196
2020-10-28T17:46:34Z,26.71,-91.27,8.2,196
2020-10-28T17:46:35Z,26.71,-91.27,8.2,196
2020-10-28T17:46:36Z,26.71,-91.27,8.2,196
2020-10-28T17:46:37Z,26.71,-91.28,8.2,196
2020-10-28T17:46:38Z,26.71,-91.27,8.2,196
2020-10-28T17:46:39Z,26.71,-91.27,8.2,196
2020-10-28T17:46:40Z,26.71,-91.27,8.2,196
2020-10-28T17:46:41Z,26.71,-91.27,8.2,196
2020-10-28T17:46:42Z,26.71,-91.27,8.2,196
2020-10-28T17:46:43Z,26.71,-91.27,8.2,196
2020-10-28T17:46:44Z,26.71,-91.27,8.2,196
2020-10-28T17:46:45Z,26.71,-91.27,8.2,196
2020-10-28T17:46:46Z,26.71,-91.27,8.2,196
2020-10-28T17:46:47Z,26.71,-91.27,8.2,196
2020-10-28T17:46:48Z,26.71,-91.27,8.2,196
2020-10-28T17:46:49Z,26.71,-91.27,8.2,196
2020-10-28T17:46:50Z,26.71,-91.27,8.2,196
2020-10-28T17:46:51Z,26.71,-91.27,8.2,196
2020-10-28T17:46:52Z,26.71,-91.27,8.2,196
2020-10-28T17:46:53Z,26.71,-91.27,8.2,196
2020-10-28T17:46:54Z,26.71,-91.27,8.2,196
2020-10-28T17:46:55Z,26.71,-91.27,8.2,196
2020-10-28T17:46:56Z,26.71,-91.27,8.2,196
2020-10-28T17:46:57Z,26.71,-91.27,8.2,196
2020-10-28T17:46:58Z,26.71,-91.27,8.2,196
2020-10-28T17:46:59Z,26.71,-91.27,8.2,196
2020-10-28T17:47:00Z,26.71,-91.27,8.2,196
2020-10-28T17:47:01Z,26.71,-91.27,8.2,196
2020-10-28T17:47:02Z,26.71,-91.27,8.2,196
2020-10-28T17:47:03Z,26.71,-91.27,8.2,196
2020-10-28T17:47:04Z,26.71,-91.27,8.2,196
2020-10-28T17:47:05Z,26.71,-91.27,8.2,196
2020-10-28T17:47:06Z,26.71,-91.27,8.2,196
2020-10-28T17:47:07Z,26.71,-91.27,8.2,196
2020-10-28T17:47:08Z,26.71,-91.27,8.2,196
2020-10-28T17:47:09Z,26.71,-91.27,8.2,196
2020-10-28T17:47:10Z,26.71,-91.27,8.2,196
2020-10-28T17:47:11Z,26.71,-91.27,8.2,196
2020-10-28T17:47:12Z,26.71,-91.27,8.2,196
2020-10-28T17:47:13Z,26.71,-91.27,8.2,196
2020-10-28T17:47:14Z,26.71,-91.27,8.2,196
2020-10-28T17:47:15Z,26.71,-91.27,8.2,196
2020-10-28T17:47:16Z,26.71,-91.27,8.2,196
2020-10-28T17:47:17Z,26.71,-91.25,8.2,196
2020-10-28T17:47:18Z,26.71,-91.27,8.2,196
2020-10-28T17:47:19Z,26.71,-91.25,8.2,196
2020-10-28T17:47:20Z,26.71,-91.25,8.2,196
2020-10-28T17:47:21Z,26.71,-91.27,8.2,196
2020-10-28T17:47:22Z,26.71,-91.27,8.2,196
2020-10-28T17:47:23Z,26.71,-91.27,8.2,196
2020-10-28T17:47:24Z,26.71,-91.25,8.2,196
2020-10-28T17:47:25Z,26.71,-91.25,8.2,196
2020-10-28T17:47:26Z,26.71,-91.27,8.2,196
2020-10-28T17:47:27Z,26.71,-91.25,8.2,196
2020-10-28T17:47:28Z,26.71,-91.25,8.2,196
2020-10-28T17:47:29Z,26.71,-91.25,8.2,196
2020-10-28T17:47:30Z,26.71,-91.25,8.2,196
2020-10-28T17:47:31Z,26.71,-91.25,8.2,196
2020-10-28T17:47:32Z,26.71,-91.25,8.2,196
2020-10-28T17:47:33Z,26.71,-91.25,8.2,196
2020-10-28T17:47:34Z,26.71,-91.25,8.2,196
2020-10-28T17:47:35Z,26.71,-91.25,8.2,196
2020-10-28T17:47:36Z,26.71,-91.25,8.2,196
2020-10-28T17:47:37Z,26.71,-91.25,8.2,196
2020-10-28T17:47:38Z,26.71,-91.25,8.2,196
2020-10-28T17:47:39Z,26.71,-91.25,8.2,196
2020-10-28T17:47:40Z,26.71,-91.25,8.2,196
2020-10-28T17:47:41Z,26.71,-91.25,8.2,196
2020-10-28T17:47:42Z,26.71,-91.25,8.2,196
2020-10-28T17:47:43Z,26.71,-91.25,8.2,196
2020-10-28T17:47:44Z,26.71,-91.25,8.2,196
2020-10-28T17:47:45Z,26.71,-91.25,8.2,196
2020-10-28T17:47:46Z,26.71,-91.25,8.2,196
2020-10-28T17:47:47Z,26.71,-91.25,8.2,196
2020-10-28T17:47:48Z,26.71,-91.25,8.2,196
2020-10-28T17:47:49Z,26.71,-91.25,8.2,196
2020-10-28T17:47:50Z,26.71,-91.25,8.2,196
2020-10-28T17:47:51Z,26.71,-91.25,8.2,196
2020-10-28T17:47:52Z,26.71,-91.25,8.2,196
2020-10-28T17:47:53Z,26.71,-91.24,8.2,196
2020-10-28T17:47:54Z,26.71,-91.24,8.2,196
2020-10-28T17:47:55Z,26.71,-91.24,8.2,196
2020-10-28T17:47:56Z,26.71,-91.24,8.2,196
2020-10-28T17:47:57Z,26.71,-91.25,8.2,196
2020-10-28T17:47:58Z,26.71,-91.24,8.2,196
2020-10-28T17:47:59Z,26.71,-91.24,8.2,196
2020-10-28T17:48:00Z,26.71,-91.24,8.2,196
2020-10-28T17:48:01Z,26.71,-91.24,8.2,196
2020-10-28T17:48:02Z,26.71,-91.24,8.2,196
2020-10-28T17:48:03Z,26.71,-91.24,8.2,196
2020-10-28T17:48:04Z,26.71,-91.24,8.2,196
2020-10-28T17:48:05Z,26.71,-91.24,8.2,196
2020-10-28T17:48:06Z,26.71,-91.24,8.2,196
2020-10-28T17:48:07Z,26.71,-91.24,8.2,196
2020-10-28T17:48:08Z,26.71,-91.24,8.2,196
2020-10-28T17:48:09Z,26.71,-91.24,8.2,196
2020-10-28T17:48:10Z,26.71,-91.24,8.2,196
2020-10-28T17:48:11Z,26.71,-91.24,8.2,196
2020-10-28T17:48:12Z,26.71,-91.22,8.2,196
2020-10-28T17:48:13Z,26.71,-91.22,8.2,196
2020-10-28T17:48:14Z,26.71,-91.22,8.2,196
2020-10-28T17:48:15Z,26.71,-91.24,8.2,196
2020-10-28T17:48:16Z,26.71,-91.22,8.2,196
2020-10-28T17:48:17Z,26.71,-91.22,8.2,196
2020-10-28T17:48:18Z,26.71,-91.22,8.2,196
2020-10-28T17:48:19Z,26.71,-91.22,8.2,196
2020-10-28T17:48:20Z,26.71,-91.22,8.2,196
2020-10-28T17:48:21Z,26.71,-91.22,8.2,196
2020-10-28T17:48:22Z,26.71,-91.22,8.2,196
2020-10-28T17:48:23Z,26.71,-91.21,8.2,196
2020-10-28T17:48:24Z,26.71,-91.21,8.2,196
2020-10-28T17:48:25Z,26.71,-91.22,8.2,196
2020-10-28T17:48:26Z,26.71,-91.22,8.2,196
2020-10-28T17:48:27Z,26.71,-91.22,8.2,196
2020-10-28T17:48:28Z,26.71,-91.21,8.2,196
2020-10-28T17:48:29Z,26.71,-91.22,8.2,196
2020-10-28T17:48:30Z,26.71,-91.21,8.2,196
2020-10-28T17:48:31Z,26.73,-91.22,8.2,196
2020-10-28T17:48:32Z,26.73,-91.21,8.2,196
2020-10-28T17:48:33Z,26.73,-91.21,8.2,196
2020-10-28T17:48:34Z,26.73,-91.21,8.2,196
2020-10-28T17:48:35Z,26.73,-91.21,8.2,196
2020-10-28T17:48:36Z,26.73,-91.21,8.2,196
2020-10-28T17:48:37Z,26.73,-91.21,8.2,196
2020-10-28T17:48:38Z,26.73,-91.21,8.2,196
2020-10-28T17:48:39Z,26.73,-91.21,8.2,196
2020-10-28T17:48:40Z,26.73,-91.21,8.2,196
2020-10-28T17:48:41Z,26.73,-91.21,8.2,196
2020-10-28T17:48:42Z,26.73,-91.21,8.2,196
2020-10-28T17:48:43Z,26.73,-91.21,8.2,196
2020-10-28T17:48:44Z,26.73,-91.21,8.2,196
2020-10-28T17:48:45Z,26.73,-91.21,8.2,196
2020-10-28T17:48:46Z,26.73,-91.21,8.2,196
2020-10-28T17:48:47Z,26.73,-91.21,8.2,196
2020-10-28T17:48:48Z,26.73,-91.21,8.2,196
2020-10-28T17:48:49Z,26.73,-91.19,8.2,196
2020-10-28T17:48:50Z,26.73,-91.19,8.2,196
2020-10-28T17:48:51Z,26.73,-91.19,8.2,196
2020-10-28T17:48:52Z,26.73,-91.19,8.2,196
2020-10-28T17:48:53Z,26.73,-91.19,8.2,196
2020-10-28T17:48:54Z,26.73,-91.19,8.2,196
2020-10-28T17:48:55Z,26.73,-91.19,8.2,196
2020-10-28T17:48:56Z,26.73,-91.19,8.2,196
2020-10-28T17:48:57Z,26.73,-91.19,8.2,196
2020-10-28T17:48:58Z,26.73,-91.19,8.2,196
2020-10-28T17:48:59Z,26.73,-91.19,8.2,196
2020-10-28T17:49:00Z,26.73,-91.19,8.2,196
2020-10-28T17:49:01Z,26.73,-91.19,8.2,196
2020-10-28T17:49:02Z,26.73,-91.25,8.2,196
2020-10-28T17:49:03Z,26.73,-91.22,8.2,196
2020-10-28T17:49:04Z,26.73,-91.21,8.2,196
2020-10-28T17:49:05Z,26.73,-91.14,8.2,196
2020-10-28T17:49:06Z,26.73,-91.17,8.2,196
2020-10-28T17:49:07Z,26.73,-91.17,8.2,196
2020-10-28T17:49:08Z,26.73,-91.19,8.2,196
2020-10-28T17:49:09Z,26.73,-91.17,8.2,196
2020-10-28T17:49:10Z,26.73,-91.19,8.2,196
2020-10-28T17:49:11Z,26.73,-91.19,8.2,196
2020-10-28T17:49:12Z,26.73,-91.19,8.2,196
2020-10-28T17:49:13Z,26.73,-91.19,8.2,196
2020-10-28T17:49:14Z,26.73,-91.19,8.2,196
2020-10-28T17:49:15Z,26.73,-91.19,8.2,196
2020-10-28T17:49:16Z,26.73,-91.19,8.2,196
2020-10-28T17:49:17Z,26.73,-91.19,8.2,196
2020-10-28T17:49:18Z,26.73,-91.17,8.2,196
2020-10-28T17:49:19Z,26.73,-91.19,8.2,196
2020-10-28T17:49:20Z,26.73,-91.17,8.2,196
2020-10-28T17:49:21Z,26.73,-91.19,8.2,196
2020-10-28T17:49:22Z,26.73,-91.19,8.2,196
2020-10-28T17:49:23Z,26.73,-91.17,8.2,196
2020-10-28T17:49:24Z,26.73,-91.19,8.2,196
2020-10-28T17:49:25Z,26.73,-91.17,8.2,196
2020-10-28T17:49:26Z,26.73,-91.19,8.2,196
2020-10-28T17:49:27Z,26.73,-91.19,8.2,196
2020-10-28T17:49:28Z,26.73,-91.19,8.2,196
2020-10-28T17:49:29Z,26.73,-91.19,8.2,196
2020-10-28T17:49:30Z,26.73,-91.19,8.2,196
2020-10-28T17:49:31Z,26.73,-91.19,8.2,196
2020-10-28T17:49:32Z,26.73,-91.19,8.2,196
2020-10-28T17:49:33Z,26.73,-91.19,8.2,196
2020-10-28T17:49:34Z,26.73,-91.17,8.2,196
2020-10-28T17:49:35Z,26.73,-91.17,8.2,196
2020-10-28T17:49:36Z,26.73,-91.17,8.2,196
2020-10-28T17:49:37Z,26.73,-91.19,8.2,196
2020-10-28T17:49:38Z,26.73,-91.17,8.2,196
2020-10-28T17:49:39Z,26.73,-91.19,8.2,196
2020-10-28T17:49:40Z,26.73,-91.19,8.2,196
2020-10-28T17:49:41Z,26.73,-91.17,8.2,196
2020-10-28T17:49:42Z,26.73,-91.19,8.2,196
2020-10-28T17:49:43Z,26.73,-91.19,8.2,196
2020-10-28T17:49:44Z,26.73,-91.17,8.2,196
2020-10-28T17:49:45Z,26.73,-91.17,8.2,196
2020-10-28T17:49:46Z,26.73,-91.17,8.2,196
2020-10-28T17:49:47Z,26.73,-91.17,8.2,196
2020-10-28T17:49:48Z,26.73,-91.17,8.2,196
2020-10-28T17:49:49Z,26.73,-91.17,8.2,196
2020-10-28T17:49:50Z,26.73,-91.17,8.2,196
2020-10-28T17:49:51Z,26.73,-91.17,8.2,196
2020-10-28T17:49:52Z,26.73,-91.17,8.2,196
2020-10-28T17:49:53Z,26.73,-91.17,8.2,196
2020-10-28T17:49:54Z,26.73,-91.17,8.2,196
2020-10-28T17:49:55Z,26.73,-91.17,8.2,196
2020-10-28T17:49:56Z,26.73,-91.17,8.2,196
2020-10-28T17:49:57Z,26.73,-91.17,8.2,196
2020-10-28T17:49:58Z,26.73,-91.17,8.2,196
2020-10-28T17:49:59Z,26.73,-91.17,8.2,196
2020-10-28T17:50:00Z,26.73,-91.17,8.2,196
2020-10-28T17:50:01Z,26.73,-91.17,8.2,196
2020-10-28T17:50:02Z,26.73,-91.17,8.2,196
2020-10-28T17:50:03Z,26.73,-91.17,8.2,196
2020-10-28T17:50:04Z,26.73,-91.17,8.2,196
2020-10-28T17:50:05Z,26.73,-91.17,8.2,196
2020-10-28T17:50:06Z,26.73,-91.17,8.2,196
2020-10-28T17:50:07Z,26.73,-91.17,8.2,196
2020-10-28T17:50:08Z,26.73,-91.17,8.2,196
2020-10-28T17:50:09Z,26.73,-91.17,8.2,196
2020-10-28T17:50:10Z,26.73,-91.17,8.2,196
2020-10-28T17:50:11Z,26.73,-91.17,8.2,196
2020-10-28T17:50:12Z,26.73,-91.17,8.2,196
2020-10-28T17:50:13Z,26.73,-91.17,8.2,196
2020-10-28T17:50:14Z,26.73,-91.17,8.2,196
2020-10-28T17:50:15Z,26.73,-91.17,8.2,196
2020-10-28T17:50:16Z,26.73,-91.17,8.2,196
2020-10-28T17:50:17Z,26.73,-91.17,8.2,196
2020-10-28T17:50:18Z,26.73,-91.17,8.2,196
2020-10-28T17:50:19Z,26.73,-91.17,8.2,196
2020-10-28T17:50:20Z,26.73,-91.17,8.2,196
2020-10-28T17:50:21Z,26.73,-91.17,8.2,196
2020-10-28T17:50:22Z,26.73,-91.17,8.2,196
2020-10-28T17:50:23Z,26.73,-91.17,8.2,196
2020-10-28T17:50:24Z,26.73,-91.17,8.2,196
2020-10-28T17:50:25Z,26.73,-91.17,8.2,196
2020-10-28T17:50:26Z,26.73,-91.17,8.2,196
2020-10-28T17:50:27Z,26.73,-91.17,8.2,196
2020-10-28T17:50:28Z,26.73,-91.17,8.2,196
2020-10-28T17:50:29Z,26.73,-91.17,8.2,196
2020-10-28T17:50:30Z,26.73,-91.17,8.2,196
2020-10-28T17:50:31Z,26.73,-91.17,8.2,196
2020-10-28T17:50:32Z,26.73,-91.17,8.2,196
2020-10-28T17:50:33Z,26.73,-91.17,8.2,196
2020-10-28T17:50:34Z,26.73,-91.28,8.2,196
2020-10-28T17:50:35Z,26.73,-91.21,8.2,196
2020-10-28T17:50:36Z,26.73,-91.19,8.2,196
2020-10-28T17:50:37Z,26.73,-91.19,8.2,196
2020-10-28T17:50:38Z,26.73,-91.19,8.2,196
2020-10-28T17:50:39Z,26.73,-91.17,8.2,196
2020-10-28T17:50:40Z,26.73,-91.17,8.2,196
2020-10-28T17:50:41Z,26.73,-91.17,8.2,196
2020-10-28T17:50:42Z,26.73,-91.17,8.2,196
2020-10-28T17:50:43Z,26.73,-91.17,8.2,196
2020-10-28T17:50:44Z,26.73,-91.17,8.2,196
2020-10-28T17:50:45Z,26.73,-91.17,8.2,196
2020-10-28T17:50:46Z,26.73,-91.17,8.2,196
2020-10-28T17:50:47Z,26.73,-91.17,8.2,196
2020-10-28T17:50:48Z,26.73,-91.17,8.2,196
2020-10-28T17:50:49Z,26.73,-91.17,8.2,196
2020-10-28T17:50:50Z,26.73,-91.17,8.2,196
2020-10-28T17:50:51Z,26.73,-91.17,8.2,196
2020-10-28T17:50:52Z,26.73,-91.17,8.2,196
2020-10-28T17:50:53Z,26.73,-91.16,8.2,196
2020-10-28T17:50:54Z,26.73,-91.17,8.2,196
2020-10-28T17:50:55Z,26.73,-91.17,8.2,196
2020-10-28T17:50:56Z,26.73,-91.17,8.2,196
2020-10-28T17:50:57Z,26.73,-91.17,8.2,196
2020-10-28T17:50:58Z,26.73,-91.17,8.2,196
2020-10-28T17:50:59Z,26.73,-91.17,8.2,196
2020-10-28T17:51:00Z,26.73,-91.16,8.2,196
2020-10-28T17:51:01Z,26.73,-91.17,8.2,196
2020-10-28T17:51:02Z,26.73,-91.17,8.2,196
2020-10-28T17:51:03Z,26.73,-91.17,8.2,196
2020-10-28T17:51:04Z,26.73,-91.17,8.2,196
2020-10-28T17:51:05Z,26.73,-91.17,8.2,196
2020-10-28T17:51:06Z,26.73,-91.17,8.2,196
2020-10-28T17:51:07Z,26.73,-91.17,8.2,196
2020-10-28T17:51:08Z,26.73,-91.17,8.2,196
2020-10-28T17:51:09Z,26.73,-91.17,8.2,196
2020-10-28T17:51:10Z,26.76,-91.17,8.2,196
2020-10-28T17:51:11Z,26.76,-91.17,8.2,196
2020-10-28T17:51:12Z,26.76,-91.17,8.2,196
2020-10-28T17:51:13Z,26.76,-91.16,8.2,196
2020-10-28T17:51:14Z,26.76,-91.16,8.2,196
2020-10-28T17:51:15Z,26.76,-91.17,8.2,196
2020-10-28T17:51:16Z,26.76,-91.16,8.2,196
2020-10-28T17:51:17Z,26.76,-91.17,8.2,196
2020-10-28T17:51:18Z,26.76,-91.17,8.2,196
2020-10-28T17:51:19Z,26.76,-91.16,8.2,196
2020-10-28T17:51:20Z,26.76,-91.17,8.2,196
2020-10-28T17:51:21Z,26.76,-91.17,8.2,196
2020-10-28T17:51:22Z,26.76,-91.16,8.2,196
2020-10-28T17:51:23Z,26.76,-91.16,8.2,196
2020-10-28T17:51:24Z,26.76,-91.16,8.2,196
2020-10-28T17:51:25Z,26.76,-91.16,8.2,196
2020-10-28T17:51:26Z,26.76,-91.16,8.2,196
2020-10-28T17:51:27Z,26.76,-91.16,8.2,196
2020-10-28T17:51:28Z,26.76,-91.16,8.2,196
2020-10-28T17:51:29Z,26.76,-91.16,8.2,196
2020-10-28T17:51:30Z,26.76,-91.16,8.2,196
2020-10-28T17:51:31Z,26.76,-91.16,8.2,196
2020-10-28T17:51:32Z,26.76,-91.16,8.2,196
2020-10-28T17:51:33Z,26.76,-91.16,8.2,196
2020-10-28T17:51:34Z,26.76,-91.16,8.2,196
2020-10-28T17:51:35Z,26.76,-91.16,8.2,196
2020-10-28T17:51:36Z,26.76,-91.16,8.2,196
2020-10-28T17:51:37Z,26.76,-91.16,8.2,196
2020-10-28T17:51:38Z,26.76,-91.16,8.2,196
2020-10-28T17:51:39Z,26.76,-91.16,8.2,196
2020-10-28T17:51:40Z,26.76,-91.16,8.2,196
2020-10-28T17:51:41Z,26.76,-91.16,8.2,196
2020-10-28T17:51:42Z,26.76,-91.16,8.2,196
2020-10-28T17:51:43Z,26.76,-91.16,8.2,196
2020-10-28T17:51:44Z,26.76,-91.16,8.2,196
2020-10-28T17:51:45Z,26.76,-91.16,8.2,196
2020-10-28T17:51:46Z,26.76,-91.16,8.2,196
2020-10-28T17:51:47Z,26.76,-91.16,8.2,196
2020-10-28T17:51:48Z,26.76,-91.16,8.2,196
2020-10-28T17:51:49Z,26.76,-91.16,8.2,196
2020-10-28T17:51:50Z,26.76,-91.16,8.2,196
2020-10-28T17:51:51Z,26.76,-91.16,8.2,196
2020-10-28T17:51:52Z,26.76,-91.16,8.2,196
2020-10-28T17:51:53Z,26.76,-91.16,8.2,196
2020-10-28T17:51:54Z,26.76,-91.16,8.2,196
2020-10-28T17:51:55Z,26.76,-91.16,8.2,196
2020-10-28T17:51:56Z,26.76,-91.16,8.2,196
2020-10-28T17:51:57Z,26.76,-91.16,8.2,196
2020-10-28T17:51:58Z,26.76,-91.16,8.2,196
2020-10-28T17:51:59Z,26.76,-91.16,8.2,196
2020-10-28T17:52:00Z,26.76,-91.16,8.2,196
2020-10-28T17:52:01Z,26.76,-91.16,8.2,196
2020-10-28T17:52:02Z,26.76,-91.16,8.2,196
2020-10-28T17:52:03Z,26.76,-91.14,8.2,196
2020-10-28T17:52:04Z,26.76,-91.16,8.2,196
2020-10-28T17:52:05Z,26.76,-91.16,8.2,196
2020-10-28T17:52:06Z,26.76,-91.16,8.2,196
2020-10-28T17:52:07Z,26.76,-91.16,8.2,196
2020-10-28T17:52:08Z,26.76,-91.16,8.2,196
2020-10-28T17:52:09Z,26.76,-91.16,8.2,196
2020-10-28T17:52:10Z,26.76,-91.16,8.2,196
2020-10-28T17:52:11Z,26.76,-91.16,8.2,196
2020-10-28T17:52:12Z,26.76,-91.14,8.2,196
2020-10-28T17:52:13Z,26.76,-91.16,8.2,196
2020-10-28T17:52:14Z,26.76,-91.16,8.2,196
2020-10-28T17:52:15Z,26.76,-91.16,8.2,196
2020-10-28T17:52:16Z,26.76,-91.16,8.2,196
2020-10-28T17:52:17Z,26.76,-91.14,8.2,196
2020-10-28T17:52:18Z,26.76,-91.14,8.2,196
2020-10-28T17:52:19Z,26.76,-91.16,8.2,196
2020-10-28T17:52:20Z,26.76,-91.14,8.2,196
2020-10-28T17:52:21Z,26.76,-91.14,8.2,196
2020-10-28T17:52:22Z,26.76,-91.14,8.2,196
2020-10-28T17:52:23Z,26.76,-91.14,8.2,196
2020-10-28T17:52:24Z,26.76,-91.14,8.2,196
2020-10-28T17:52:25Z,26.76,-91.14,8.2,196
2020-10-28T17:52:26Z,26.76,-91.14,8.2,196
2020-10-28T17:52:27Z,26.76,-91.14,8.2,196
2020-10-28T17:52:28Z,26.76,-91.14,8.2,196
2020-10-28T17:52:29Z,26.76,-91.14,8.2,196
2020-10-28T17:52:30Z,26.76,-91.14,8.2,196
2020-10-28T17:52:31Z,26.76,-91.14,8.2,196
2020-10-28T17:52:32Z,26.76,-91.14,8.2,196
2020-10-28T17:52:33Z,26.76,-91.14,8.2,196
2020-10-28T17:52:34Z,26.76,-91.14,8.2,196
2020-10-28T17:52:35Z,26.76,-91.14,8.2,196
2020-10-28T17:52:36Z,26.76,-91.14,8.2,196
2020-10-28T17:52:37Z,26.76,-91.14,8.2,196
2020-10-28T17:52:38Z,26.76,-91.14,8.2,196
2020-10-28T17:52:39Z,26.76,-91.14,8.2,196
2020-10-28T17:52:40Z,26.76,-91.14,8.2,196
2020-10-28T17:52:41Z,26.76,-91.14,8.2,196
2020-10-28T17:52:42Z,26.76,-91.14,8.2,196
2020-10-28T17:52:43Z,26.76,-91.14,8.2,196
2020-10-28T17:52:44Z,26.76,-91.14,8.2,196
2020-10-28T17:52:45Z,26.76,-91.14,8.2,196
2020-10-28T17:52:46Z,26.76,-91.14,8.2,196
2020-10-28T17:52:47Z,26.76,-91.14,8.2,196
2020-10-28T17:52:48Z,26.76,-91.14,8.2,196
2020-10-28T17:52:49Z,26.76,-91.14,8.2,196
2020-10-28T17:52:50Z,26.76,-91.14,8.2,196
2020-10-28T17:52:51Z,26.76,-91.14,8.2,196
2020-10-28T17:52:52Z,26.76,-91.14,8.2,196
2020-10-28T17:52:53Z,26.76,-91.14,8.2,196
2020-10-28T17:52:54Z,26.76,-91.14,8.2,196
2020-10-28T17:52:55Z,26.76,-91.14,8.2,196
2020-10-28T17:52:56Z,26.76,-91.14,8.2,196
2020-10-28T17:52:57Z,26.76,-91.14,8.2,196
2020-10-28T17:52:58Z,26.76,-91.14,8.2,196
2020-10-28T17:52:59Z,26.76,-91.14,8.2,196
2020-10-28T17:53:00Z,26.76,-91.14,8.2,196
2020-10-28T17:53:01Z,26.76,-91.14,8.2,196
2020-10-28T17:53:02Z,26.76,-91.14,8.2,196
2020-10-28T17:53:03Z,26.76,-91.14,8.2,196
2020-10-28T17:53:04Z,26.76,-91.14,8.2,196
2020-10-28T17:53:05Z,26.76,-91.14,8.2,196
2020-10-28T17:53:06Z,26.76,-91.14,8.2,196
2020-10-28T17:53:07Z,26.76,-91.14,8.2,196
2020-10-28T17:53:08Z,26.76,-91.14,8.2,196
2020-10-28T17:53:09Z,26.76,-91.14,8.2,196
2020-10-28T17:53:10Z,26.76,-91.14,8.2,196
2020-10-28T17:53:11Z,26.76,-91.14,8.2,196
2020-10-28T17:53:12Z,26.76,-91.14,8.2,196
2020-10-28T17:53:13Z,26.76,-91.14,8.2,196
2020-10-28T17:53:14Z,26.78,-91.14,8.2,196
2020-10-28T17:53:15Z,26.78,-91.13,8.2,196
2020-10-28T17:53:16Z,26.78,-91.13,8.2,196
2020-10-28T17:53:17Z,26.78,-91.14,8.2,196
2020-10-28T17:53:18Z,26.78,-91.13,8.2,196
2020-10-28T17:53:19Z,26.78,-91.14,8.2,196
2020-10-28T17:53:20Z,26.78,-91.14,8.2,196
2020-10-28T17:53:21Z,26.78,-91.13,8.2,196
2020-10-28T17:53:22Z,26.78,-91.13,8.2,196
2020-10-28T17:53:23Z,26.78,-91.13,8.2,196
2020-10-28T17:53:24Z,26.78,-91.13,8.2,196
2020-10-28T17:53:25Z,26.78,-91.13,8.2,196
2020-10-28T17:53:26Z,26.78,-91.13,8.2,196
2020-10-28T17:53:27Z,26.78,-91.13,8.2,196
2020-10-28T17:53:28Z,26.78,-91.13,8.2,196
2020-10-28T17:53:29Z,26.78,-91.13,8.2,196
2020-10-28T17:53:30Z,26.78,-91.13,8.2,196
2020-10-28T17:53:31Z,26.78,-91.13,8.2,196
2020-10-28T17:53:32Z,26.78,-91.13,8.2,196
2020-10-28T17:53:33Z,26.78,-91.13,8.2,196
2020-10-28T17:53:34Z,26.78,-91.13,8.2,196
2020-10-28T17:53:35Z,26.78,-91.13,8.2,196
2020-10-28T17:53:36Z,26.78,-91.13,8.2,196
2020-10-28T17:53:37Z,26.78,-91.13,8.2,196
2020-10-28T17:53:38Z,26.78,-91.13,8.2,196
2020-10-28T17:53:39Z,26.78,-91.13,8.2,196
2020-10-28T17:53:40Z,26.78,-91.13,8.2,196
2020-10-28T17:53:41Z,26.78,-91.13,8.2,196
2020-10-28T17:53:42Z,26.78,-91.13,8.2,196
2020-10-28T17:53:43Z,26.78,-91.13,8.2,196
2020-10-28T17:53:44Z,26.78,-91.13,8.2,196
2020-10-28T17:53:45Z,26.78,-91.13,8.2,196
2020-10-28T17:53:46Z,26.78,-91.13,8.2,196
2020-10-28T17:53:47Z,26.78,-91.13,8.2,196
2020-10-28T17:53:48Z,26.78,-91.13,8.2,196
2020-10-28T17:53:49Z,26.78,-91.13,8.2,196
2020-10-28T17:53:50Z,26.78,-91.13,8.2,196
2020-10-28T17:53:51Z,26.78,-91.13,8.2,196
2020-10-28T17:53:52Z,26.78,-91.13,8.2,196
2020-10-28T17:53:53Z,26.78,-91.13,8.2,196
2020-10-28T17:53:54Z,26.78,-91.13,8.2,196
2020-10-28T17:53:55Z,26.78,-91.13,8.2,196
2020-10-28T17:53:56Z,26.78,-91.13,8.2,196
2020-10-28T17:53:57Z,26.78,-91.13,8.2,196
2020-10-28T17:53:58Z,26.78,-91.13,8.2,196
2020-10-28T17:53:59Z,26.78,-91.13,8.2,196
2020-10-28T17:54:00Z,26.78,-91.11,8.2,196
2020-10-28T17:54:01Z,26.78,-91.13,8.2,196
2020-10-28T17:54:02Z,26.78,-91.11,8.2,196
2020-10-28T17:54:03Z,26.78,-91.13,8.2,196
2020-10-28T17:54:04Z,26.78,-91.13,8.2,196
2020-10-28T17:54:05Z,26.78,-91.13,8.2,196
2020-10-28T17:54:06Z,26.78,-91.13,8.2,196
2020-10-28T17:54:07Z,26.78,-91.13,8.2,196
2020-10-28T17:54:08Z,26.78,-91.13,8.2,196
2020-10-28T17:54:09Z,26.78,-91.13,8.2,196
2020-10-28T17:54:10Z,26.78,-91.13,8.2,196
2020-10-28T17:54:11Z,26.78,-91.13,8.2,196
2020-10-28T17:54:12Z,26.78,-91.13,8.2,196
2020-10-28T17:54:13Z,26.78,-91.11,8.2,196
2020-10-28T17:54:14Z,26.78,-91.13,8.2,196
2020-10-28T17:54:15Z,26.78,-91.11,8.2,196
2020-10-28T17:54:16Z,26.78,-91.13,8.2,196
2020-10-28T17:54:17Z,26.78,-91.13,8.2,196
2020-10-28T17:54:18Z,26.78,-91.13,8.2,196
2020-10-28T17:54:19Z,26.78,-91.11,8.2,196
2020-10-28T17:54:20Z,26.78,-91.11,8.2,196
2020-10-28T17:54:21Z,26.78,-91.13,8.2,196
2020-10-28T17:54:22Z,26.78,-91.13,8.2,196
2020-10-28T17:54:23Z,26.78,-91.11,8.2,196
2020-10-28T17:54:24Z,26.78,-91.13,8.2,196
2020-10-28T17:54:25Z,26.78,-91.13,8.2,196
2020-10-28T17:54:26Z,26.78,-91.13,8.2,196
2020-10-28T17:54:27Z,26.78,-91.11,8.2,196
2020-10-28T17:54:28Z,26.78,-91.11,8.2,196
2020-10-28T17:54:29Z,26.78,-91.11,8.2,196
2020-10-28T17:54:30Z,26.78,-91.13,8.2,196
2020-10-28T17:54:31Z,26.78,-91.13,8.2,196
2020-10-28T17:54:32Z,26.78,-91.13,8.2,196
2020-10-28T17:54:33Z,26.78,-91.11,8.2,196
2020-10-28T17:54:34Z,26.78,-91.13,8.2,196
2020-10-28T17:54:35Z,26.78,-91.11,8.2,196
2020-10-28T17:54:36Z,26.78,-91.11,8.2,196
2020-10-28T17:54:37Z,26.78,-91.13,8.2,196
2020-10-28T17:54:38Z,26.78,-91.11,8.2,196
2020-10-28T17:54:39Z,26.78,-91.11,8.2,196
2020-10-28T17:54:40Z,26.78,-91.11,8.2,196
2020-10-28T17:54:41Z,26.78,-91.11,8.2,196
2020-10-28T17:54:42Z,26.78,-91.11,8.2,196
2020-10-28T17:54:43Z,26.78,-91.11,8.2,196
2020-10-28T17:54:44Z,26.78,-91.11,8.2,196
2020-10-28T17:54:45Z,26.78,-91.07,8.2,196
2020-10-28T17:54:46Z,26.78,-91.1,8.2,196
2020-10-28T17:54:47Z,26.78,-91.1,8.2,196
2020-10-28T17:54:48Z,26.78,-91.11,8.2,196
2020-10-28T17:54:49Z,26.78,-91.11,8.2,196
2020-10-28T17:54:50Z,26.78,-91.11,8.2,196
2020-10-28T17:54:51Z,26.78,-91.11,8.2,196
2020-10-28T17:54:52Z,26.78,-91.11,8.2,196
2020-10-28T17:54:53Z,26.78,-91.11,8.2,196
2020-10-28T17:54:54Z,26.78,-91.11,8.2,196
2020-10-28T17:54:55Z,26.78,-91.11,8.2,196
2020-10-28T17:54:56Z,26.78,-91.11,8.2,196
2020-10-28T17:54:57Z,26.78,-91.11,8.2,196
2020-10-28T17:54:58Z,26.78,-91.11,8.2,196
2020-10-28T17:54:59Z,26.78,-91.11,8.2,196
2020-10-28T17:55:00Z,26.78,-91.11,8.2,196
2020-10-28T17:55:01Z,26.78,-91.11,8.2,196
2020-10-28T17:55:02Z,26.78,-91.11,8.2,196
2020-10-28T17:55:03Z,26.78,-91.11,8.2,196
2020-10-28T17:55:04Z,26.78,-91.11,8.2,196
2020-10-28T17:55:05Z,26.78,-91.11,8.2,196
2020-10-28T17:55:06Z,26.78,-91.11,8.2,196
2020-10-28T17:55:07Z,26.78,-91.11,8.2,196
2020-10-28T17:55:08Z,26.78,-91.11,8.2,196
2020-10-28T17:55:09Z,26.78,-91.11,8.2,196
2020-10-28T17:55:10Z,26.78,-91.11,8.2,196
2020-10-28T17:55:11Z,26.78,-91.11,8.2,196
2020-10-28T17:55:12Z,26.78,-91.11,8.2,196
2020-10-28T17:55:13Z,26.78,-91.11,8.2,196
2020-10-28T17:55:14Z,26.78,-91.11,8.2,196
2020-10-28T17:55:15Z,26.78,-91.11,8.2,196
2020-10-28T17:55:16Z,26.78,-91.11,8.2,196
2020-10-28T17:55:17Z,26.78,-91.11,8.2,196
2020-10-28T17:55:18Z,26.78,-91.11,8.2,196
2020-10-28T17:55:19Z,26.78,-91.1,8.2,196
2020-10-28T17:55:20Z,26.78,-91.1,8.2,196
2020-10-28T17:55:21Z,26.78,-91.1,8.2,196
2020-10-28T17:55:22Z,26.78,-91.11,8.2,196
2020-10-28T17:55:23Z,26.78,-91.11,8.2,196
2020-10-28T17:55:24Z,26.78,-91.1,8.2,196
2020-10-28T17:55:25Z,26.78,-91.11,8.2,196
2020-10-28T17:55:26Z,26.78,-91.11,8.2,196
2020-10-28T17:55:27Z,26.78,-91.11,8.2,196
2020-10-28T17:55:28Z,26.78,-91.1,8.2,196
2020-10-28T17:55:29Z,26.78,-91.1,8.2,196
2020-10-28T17:55:30Z,26.78,-91.11,8.2,196
2020-10-28T17:55:31Z,26.78,-91.1,8.2,196
2020-10-28T17:55:32Z,26.78,-91.11,8.2,196
2020-10-28T17:55:33Z,26.78,-91.1,8.2,196
2020-10-28T17:55:34Z,26.78,-91.1,8.2,196
2020-10-28T17:55:35Z,26.78,-91.11,8.2,196
2020-10-28T17:55:36Z,26.78,-91.64,8.21,196
2020-10-28T17:55:37Z,26.78,-91.25,8.2,196
2020-10-28T17:55:38Z,26.78,-91.17,8.2,196
2020-10-28T17:55:39Z,26.78,-91.14,8.2,196
2020-10-28T17:55:40Z,26.78,-91.13,8.2,196
2020-10-28T17:55:41Z,26.78,-91.13,8.2,196
2020-10-28T17:55:42Z,26.78,-91.11,8.2,196
2020-10-28T17:55:43Z,26.78,-91.11,8.2,196
2020-10-28T17:55:44Z,26.78,-91.11,8.2,196
2020-10-28T17:55:45Z,26.78,-91.11,8.2,196
2020-10-28T17:55:46Z,26.78,-91.1,8.2,196
2020-10-28T17:55:47Z,26.78,-91.11,8.2,196
2020-10-28T17:55:48Z,26.78,-91.1,8.2,196
2020-10-28T17:55:49Z,26.78,-91.1,8.2,196
2020-10-28T17:55:50Z,26.78,-91.1,8.2,196
2020-10-28T17:55:51Z,26.78,-91.1,8.2,196
2020-10-28T17:55:52Z,26.78,-91.1,8.2,196
2020-10-28T17:55:53Z,26.81,-91.1,8.2,196
2020-10-28T17:55:54Z,26.78,-91.1,8.2,196
2020-10-28T17:55:55Z,26.81,-91.1,8.2,196
2020-10-28T17:55:56Z,26.81,-91.1,8.2,196
2020-10-28T17:55:57Z,26.81,-91.1,8.2,196
2020-10-28T17:55:58Z,26.81,-91.1,8.2,196
2020-10-28T17:55:59Z,26.81,-91.1,8.2,196
2020-10-28T17:56:00Z,26.81,-91.1,8.2,196
2020-10-28T17:56:01Z,26.81,-91.1,8.2,196
2020-10-28T17:56:02Z,26.81,-91.1,8.2,196
2020-10-28T17:56:03Z,26.81,-91.1,8.2,196
2020-10-28T17:56:04Z,26.81,-91.1,8.2,196
2020-10-28T17:56:05Z,26.81,-91.1,8.2,196
2020-10-28T17:56:06Z,26.81,-91.1,8.2,196
2020-10-28T17:56:07Z,26.81,-91.1,8.2,196
2020-10-28T17:56:08Z,26.81,-91.1,8.2,196
2020-10-28T17:56:09Z,26.81,-91.1,8.2,196
2020-10-28T17:56:10Z,26.81,-91.1,8.2,196
2020-10-28T17:56:11Z,26.81,-91.1,8.2,196
2020-10-28T17:56:12Z,26.81,-91.05,8.2,196
2020-10-28T17:56:13Z,26.81,-91.08,8.2,196
2020-10-28T17:56:14Z,26.81,-91.08,8.2,196
2020-10-28T17:56:15Z,26.81,-91.08,8.2,196
2020-10-28T17:56:16Z,26.81,-91.1,8.2,196
2020-10-28T17:56:17Z,26.81,-91.1,8.2,196
2020-10-28T17:56:18Z,26.81,-91.1,8.2,196
2020-10-28T17:56:19Z,26.81,-91.1,8.2,196
2020-10-28T17:56:20Z,26.81,-91.1,8.2,196
2020-10-28T17:56:21Z,26.81,-91.1,8.2,196
2020-10-28T17:56:22Z,26.81,-91.08,8.2,196
2020-10-28T17:56:23Z,26.81,-91.08,8.2,196
2020-10-28T17:56:24Z,26.81,-91.08,8.2,196
2020-10-28T17:56:25Z,26.81,-91.1,8.2,196
2020-10-28T17:56:26Z,26.81,-91.08,8.2,196
2020-10-28T17:56:27Z,26.81,-91.08,8.2,196
2020-10-28T17:56:28Z,26.81,-91.08,8.2,196
2020-10-28T17:56:29Z,26.81,-91.08,8.2,196
2020-10-28T17:56:30Z,26.81,-91.08,8.2,196
2020-10-28T17:56:31Z,26.81,-91.08,8.2,196
2020-10-28T17:56:32Z,26.81,-91.08,8.2,196
2020-10-28T17:56:33Z,26.81,-91.08,8.2,196
2020-10-28T17:56:34Z,26.81,-91.08,8.2,196
2020-10-28T17:56:35Z,26.81,-91.1,8.2,196
2020-10-28T17:56:36Z,26.81,-91.08,8.2,196
2020-10-28T17:56:37Z,26.81,-91.08,8.2,196
2020-10-28T17:56:38Z,26.81,-91.08,8.2,196
2020-10-28T17:56:39Z,26.81,-91.08,8.2,196
2020-10-28T17:56:40Z,26.81,-91.08,8.2,196
2020-10-28T17:56:41Z,26.81,-91.08,8.2,196
2020-10-28T17:56:42Z,26.81,-91.08,8.2,196
2020-10-28T17:56:43Z,26.81,-91.08,8.2,196
2020-10-28T17:56:44Z,26.81,-91.08,8.2,196
2020-10-28T17:56:45Z,26.81,-91.08,8.2,196
2020-10-28T17:56:46Z,26.81,-91.08,8.2,196
2020-10-28T17:56:47Z,26.81,-91.08,8.2,196
2020-10-28T17:56:48Z,26.81,-91.08,8.2,196
2020-10-28T17:56:49Z,26.81,-91.08,8.2,196
2020-10-28T17:56:50Z,26.81,-91.08,8.2,196
2020-10-28T17:56:51Z,26.81,-91.08,8.2,196
2020-10-28T17:56:52Z,26.81,-91.08,8.2,196
2020-10-28T17:56:53Z,26.81,-91.08,8.2,196
2020-10-28T17:56:54Z,26.81,-91.08,8.2,196
2020-10-28T17:56:55Z,26.81,-91.08,8.2,196
2020-10-28T17:56:56Z,26.81,-91.08,8.2,196
2020-10-28T17:56:57Z,26.81,-91.08,8.2,196
2020-10-28T17:56:58Z,26.81,-91.08,8.2,196
2020-10-28T17:56:59Z,26.81,-91.08,8.2,196
2020-10-28T17:57:00Z,26.81,-91.08,8.2,196
2020-10-28T17:57:01Z,26.81,-91.08,8.2,196
2020-10-28T17:57:02Z,26.81,-91.08,8.2,196
2020-10-28T17:57:03Z,26.81,-91.08,8.2,196
2020-10-28T17:57:04Z,26.81,-91.08,8.2,196
2020-10-28T17:57:05Z,26.81,-91.08,8.2,196
2020-10-28T17:57:06Z,26.81,-91.08,8.2,196
2020-10-28T17:57:07Z,26.81,-91.08,8.2,196
2020-10-28T17:57:08Z,26.81,-91.08,8.2,196
2020-10-28T17:57:09Z,26.81,-91.08,8.2,196
2020-10-28T17:57:10Z,26.81,-91.08,8.2,196
2020-10-28T17:57:11Z,26.81,-91.08,8.2,196
2020-10-28T17:57:12Z,26.81,-91.08,8.2,196
2020-10-28T17:57:13Z,26.81,-91.07,8.2,196
2020-10-28T17:57:14Z,26.81,-91.08,8.2,196
2020-10-28T17:57:15Z,26.81,-91.08,8.2,196
2020-10-28T17:57:16Z,26.81,-91.07,8.2,196
2020-10-28T17:57:17Z,26.81,-91.08,8.2,196
2020-10-28T17:57:18Z,26.81,-91.07,8.2,196
2020-10-28T17:57:19Z,26.81,-91.07,8.2,196
2020-10-28T17:57:20Z,26.81,-91.08,8.2,196
2020-10-28T17:57:21Z,26.81,-91.07,8.2,196
2020-10-28T17:57:22Z,26.81,-91.08,8.2,196
2020-10-28T17:57:23Z,26.81,-91.08,8.2,196
2020-10-28T17:57:24Z,26.81,-91.08,8.2,196
2020-10-28T17:57:25Z,26.81,-91.08,8.2,196
2020-10-28T17:57:26Z,26.81,-91.07,8.2,196
2020-10-28T17:57:27Z,26.81,-91.07,8.2,196
2020-10-28T17:57:28Z,26.81,-91.08,8.2,196
2020-10-28T17:57:29Z,26.81,-91.07,8.2,196
2020-10-28T17:57:30Z,26.81,-91.08,8.2,196
2020-10-28T17:57:31Z,26.81,-91.07,8.2,196
2020-10-28T17:57:32Z,26.81,-91.07,8.2,196
2020-10-28T17:57:33Z,26.81,-91.07,8.2,196
2020-10-28T17:57:34Z,26.81,-91.07,8.2,196
2020-10-28T17:57:35Z,26.81,-91.08,8.2,196
2020-10-28T17:57:36Z,26.81,-91.07,8.2,196
2020-10-28T17:57:37Z,26.81,-91.08,8.2,196
2020-10-28T17:57:38Z,26.81,-91.08,8.2,196
2020-10-28T17:57:39Z,26.81,-91.07,8.2,196
2020-10-28T17:57:40Z,26.81,-91.07,8.2,196
2020-10-28T17:57:41Z,26.81,-91.07,8.2,196
2020-10-28T17:57:42Z,26.81,-91.07,8.2,196
2020-10-28T17:57:43Z,26.81,-91.07,8.2,196
2020-10-28T17:57:44Z,26.81,-91.07,8.2,196
2020-10-28T17:57:45Z,26.81,-91.07,8.2,196
2020-10-28T17:57:46Z,26.81,-91.07,8.2,196
2020-10-28T17:57:47Z,26.81,-91.07,8.2,196
2020-10-28T17:57:48Z,26.81,-91.07,8.2,196
2020-10-28T17:57:49Z,26.81,-91.07,8.2,196
2020-10-28T17:57:50Z,26.81,-91.07,8.2,196
2020-10-28T17:57:51Z,26.81,-91.07,8.2,196
2020-10-28T17:57:52Z,26.81,-91.07,8.2,196
2020-10-28T17:57:53Z,26.81,-91.07,8.2,196
2020-10-28T17:57:54Z,26.81,-91.07,8.2,196
2020-10-28T17:57:55Z,26.81,-91.07,8.2,196
2020-10-28T17:57:56Z,26.81,-91.07,8.2,196
2020-10-28T17:57:57Z,26.81,-91.07,8.2,196
2020-10-28T17:57:58Z,26.81,-91.07,8.2,196
2020-10-28T17:57:59Z,26.81,-91.07,8.2,196
2020-10-28T17:58:00Z,26.81,-91.07,8.2,196
2020-10-28T17:58:01Z,26.81,-91.07,8.2,196
2020-10-28T17:58:02Z,26.81,-91.07,8.2,196
2020-10-28T17:58:03Z,26.81,-91.07,8.2,196
2020-10-28T17:58:04Z,26.81,-91.07,8.2,196
2020-10-28T17:58:05Z,26.81,-91.07,8.2,196
2020-10-28T17:58:06Z,26.81,-91.07,8.2,196
2020-10-28T17:58:07Z,26.81,-91.07,8.2,196
2020-10-28T17:58:08Z,26.81,-91.07,8.2,196
2020-10-28T17:58:09Z,26.81,-91.07,8.2,196
2020-10-28T17:58:10Z,26.81,-91.07,8.2,196
2020-10-28T17:58:11Z,26.81,-91.07,8.2,196
2020-10-28T17:58:12Z,26.81,-91.07,8.2,196
2020-10-28T17:58:13Z,26.81,-91.07,8.2,196
2020-10-28T17:58:14Z,26.81,-91.05,8.2,196
2020-10-28T17:58:15Z,26.83,-91.05,8.2,196
2020-10-28T17:58:16Z,26.83,-91.05,8.2,196
2020-10-28T17:58:17Z,26.83,-91.07,8.2,196
2020-10-28T17:58:18Z,26.83,-91.05,8.2,196
2020-10-28T17:58:19Z,26.83,-91.07,8.2,196
2020-10-28T17:58:20Z,26.83,-91.05,8.2,196
2020-10-28T17:58:21Z,26.83,-91.05,8.2,196
2020-10-28T17:58:22Z,26.83,-91.05,8.2,196
2020-10-28T17:58:23Z,26.83,-91.07,8.2,196
2020-10-28T17:58:24Z,26.83,-91.05,8.2,196
2020-10-28T17:58:25Z,26.83,-91.07,8.2,196
2020-10-28T17:58:26Z,26.83,-91.05,8.2,196
2020-10-28T17:58:27Z,26.83,-91.05,8.2,196
2020-10-28T17:58:28Z,26.83,-91.05,8.2,196
2020-10-28T17:58:29Z,26.83,-91.05,8.2,196
2020-10-28T17:58:30Z,26.83,-91.05,8.2,196
2020-10-28T17:58:31Z,26.83,-91.05,8.2,196
2020-10-28T17:58:32Z,26.83,-91.05,8.2,196
2020-10-28T17:58:33Z,26.83,-91.05,8.2,196
2020-10-28T17:58:34Z,26.83,-91.05,8.2,196
2020-10-28T17:58:35Z,26.83,-91.05,8.2,196
2020-10-28T17:58:36Z,26.83,-91.05,8.2,196
2020-10-28T17:58:37Z,26.83,-91.05,8.2,196
2020-10-28T17:58:38Z,26.83,-91.05,8.2,196
2020-10-28T17:58:39Z,26.83,-91.05,8.2,196
2020-10-28T17:58:40Z,26.83,-91.05,8.2,196
2020-10-28T17:58:41Z,26.83,-91.05,8.2,196
2020-10-28T17:58:42Z,26.83,-91.05,8.2,196
2020-10-28T17:58:43Z,26.83,-91.07,8.2,196
2020-10-28T17:58:44Z,26.83,-91.05,8.2,196
2020-10-28T17:58:45Z,26.83,-91.05,8.2,196
2020-10-28T17:58:46Z,26.83,-91.05,8.2,196
2020-10-28T17:58:47Z,26.83,-91.05,8.2,196
2020-10-28T17:58:48Z,26.83,-91.05,8.2,196
2020-10-28T17:58:49Z,26.83,-91.05,8.2,196
2020-10-28T17:58:50Z,26.83,-91.05,8.2,196
2020-10-28T17:58:51Z,26.83,-91.05,8.2,196
2020-10-28T17:58:52Z,26.83,-91.05,8.2,196
2020-10-28T17:58:53Z,26.83,-91.05,8.2,196
2020-10-28T17:58:54Z,26.83,-91.05,8.2,196
2020-10-28T17:58:55Z,26.83,-91.05,8.2,196
2020-10-28T17:58:56Z,26.83,-91.05,8.2,196
2020-10-28T17:58:57Z,26.83,-91.05,8.2,196
2020-10-28T17:58:58Z,26.83,-91.05,8.2,196
2020-10-28T17:58:59Z,26.83,-91.05,8.2,196
2020-10-28T17:59:00Z,26.83,-91.05,8.2,196
2020-10-28T17:59:01Z,26.83,-91.05,8.2,196
2020-10-28T17:59:02Z,26.83,-91.05,8.2,196
2020-10-28T17:59:03Z,26.83,-91.05,8.2,196
2020-10-28T17:59:04Z,26.83,-91.05,8.2,196
2020-10-28T17:59:05Z,26.83,-91.05,8.2,196
2020-10-28T17:59:06Z,26.83,-91.05,8.2,196
2020-10-28T17:59:07Z,26.83,-91.05,8.2,196
2020-10-28T17:59:08Z,26.83,-91.05,8.2,196
2020-10-28T17:59:09Z,26.83,-91.03,8.2,196
2020-10-28T17:59:10Z,26.83,-90.92,8.2,196
2020-10-28T17:59:11Z,26.83,-91,8.2,196
2020-10-28T17:59:12Z,26.83,-91.02,8.2,196
2020-10-28T17:59:13Z,26.83,-91.02,8.2,196
2020-10-28T17:59:14Z,26.83,-91.03,8.2,196
2020-10-28T17:59:15Z,26.83,-91.03,8.2,196
2020-10-28T17:59:16Z,26.83,-91.03,8.2,196
2020-10-28T17:59:17Z,26.83,-91.03,8.2,196
2020-10-28T17:59:18Z,26.83,-91.03,8.2,196
2020-10-28T17:59:19Z,26.83,-91.03,8.2,196
2020-10-28T17:59:20Z,26.83,-91.03,8.2,196
2020-10-28T17:59:21Z,26.83,-91.03,8.2,196
2020-10-28T17:59:22Z,26.83,-91.03,8.2,196
2020-10-28T17:59:23Z,26.83,-91.03,8.2,196
2020-10-28T17:59:24Z,26.83,-91.03,8.2,196
2020-10-28T17:59:25Z,26.83,-91.03,8.2,196
2020-10-28T17:59:26Z,26.83,-91.03,8.2,196
2020-10-28T17:59:27Z,26.83,-91.03,8.2,196
2020-10-28T17:59:28Z,26.83,-91.03,8.2,196
2020-10-28T17:59:29Z,26.83,-91.03,8.2,196
2020-10-28T17:59:30Z,26.83,-91.03,8.2,196
2020-10-28T17:59:31Z,26.83,-91.03,8.2,196
2020-10-28T17:59:32Z,26.83,-91.03,8.2,196
2020-10-28T17:59:33Z,26.83,-91.02,8.2,196
2020-10-28T17:59:34Z,26.83,-91.03,8.2,196
2020-10-28T17:59:35Z,26.83,-91.03,8.2,196
2020-10-28T17:59:36Z,26.83,-91.03,8.2,196
2020-10-28T17:59:37Z,26.83,-91.03,8.2,196
2020-10-28T17:59:38Z,26.83,-91.03,8.2,196
2020-10-28T17:59:39Z,26.83,-91.03,8.2,196
2020-10-28T17:59:40Z,26.83,-91.03,8.2,196
2020-10-28T17:59:41Z,26.83,-91.03,8.2,196
2020-10-28T17:59:42Z,26.83,-91.03,8.2,196
2020-10-28T17:59:43Z,26.83,-91.03,8.2,196
2020-10-28T17:59:44Z,26.83,-91.03,8.2,196
2020-10-28T17:59:45Z,26.83,-91.03,8.2,196
2020-10-28T17:59:46Z,26.83,-91.03,8.2,196
2020-10-28T17:59:47Z,26.83,-91.03,8.2,196
2020-10-28T17:59:48Z,26.83,-91.03,8.2,196
2020-10-28T17:59:49Z,26.83,-91.03,8.2,196
2020-10-28T17:59:50Z,26.83,-91.02,8.2,196
2020-10-28T17:59:51Z,26.83,-91.02,8.2,196
2020-10-28T17:59:52Z,26.83,-91.03,8.2,196
2020-10-28T17:59:53Z,26.83,-91.02,8.2,196
2020-10-28T17:59:54Z,26.83,-91.02,8.2,196
2020-10-28T17:59:55Z,26.83,-91.02,8.2,196
2020-10-28T17:59:56Z,26.83,-91.03,8.2,196
2020-10-28T17:59:57Z,26.83,-91.02,8.2,196
2020-10-28T17:59:58Z,26.83,-91.02,8.2,196
2020-10-28T17:59:59Z,26.83,-90.99,8.2,196
2020-10-28T18:00:00Z,26.83,-91.02,8.2,196
2020-10-28T18:00:01Z,26.83,-91.02,8.2,196
2020-10-28T18:00:02Z,26.83,-91.02,8.2,196
2020-10-28T18:00:03Z,26.83,-91.02,8.2,196
2020-10-28T18:00:04Z,26.83,-91.02,8.2,196
2020-10-28T18:00:05Z,26.83,-91.02,8.2,196
2020-10-28T18:00:06Z,26.83,-91.02,8.2,196
2020-10-28T18:00:07Z,26.83,-91.02,8.2,196
2020-10-28T18:00:08Z,26.83,-91.02,8.2,196
2020-10-28T18:00:09Z,26.83,-91.02,8.2,196
2020-10-28T18:00:10Z,26.83,-91.02,8.2,196
2020-10-28T18:00:11Z,26.83,-91.02,8.2,196
2020-10-28T18:00:12Z,26.83,-91.02,8.2,196
2020-10-28T18:00:13Z,26.83,-91.02,8.2,196
2020-10-28T18:00:14Z,26.83,-91.02,8.2,196
2020-10-28T18:00:15Z,26.83,-91.02,8.2,196
2020-10-28T18:00:16Z,26.83,-91.02,8.2,196
2020-10-28T18:00:17Z,26.83,-91.02,8.2,196
2020-10-28T18:00:18Z,26.83,-91.02,8.2,196
2020-10-28T18:00:19Z,26.83,-91.02,8.2,196
2020-10-28T18:00:20Z,26.83,-91.02,8.2,196
2020-10-28T18:00:21Z,26.83,-91.02,8.2,196
2020-10-28T18:00:22Z,26.83,-91.02,8.2,196
2020-10-28T18:00:23Z,26.83,-91.02,8.2,196
2020-10-28T18:00:24Z,26.83,-91.02,8.2,196
2020-10-28T18:00:25Z,26.83,-91.02,8.2,196
2020-10-28T18:00:26Z,26.83,-91.02,8.2,196
2020-10-28T18:00:27Z,26.83,-91.02,8.2,196
2020-10-28T18:00:28Z,26.83,-91.08,8.2,196
2020-10-28T18:00:29Z,26.83,-91.05,8.2,196
2020-10-28T18:00:30Z,26.83,-91.03,8.2,196
2020-10-28T18:00:31Z,26.83,-91.02,8.2,196
2020-10-28T18:00:32Z,26.83,-91,8.2,196
2020-10-28T18:00:33Z,26.83,-91.02,8.2,196
2020-10-28T18:00:34Z,26.83,-91.02,8.2,196
2020-10-28T18:00:35Z,26.83,-91.02,8.2,196
2020-10-28T18:00:36Z,26.83,-91.02,8.2,196
2020-10-28T18:00:37Z,26.83,-91,8.2,196
2020-10-28T18:00:38Z,26.83,-91.02,8.2,196
2020-10-28T18:00:39Z,26.83,-91,8.2,196
2020-10-28T18:00:40Z,26.83,-91.02,8.2,196
2020-10-28T18:00:41Z,26.83,-91.02,8.2,196
2020-10-28T18:00:42Z,26.83,-91.02,8.2,196
2020-10-28T18:00:43Z,26.83,-91.02,8.2,196
2020-10-28T18:00:44Z,26.83,-91.02,8.2,196
2020-10-28T18:00:45Z,26.85,-91,8.2,196
2020-10-28T18:00:46Z,26.85,-91,8.2,196
2020-10-28T18:00:47Z,26.85,-91,8.2,196
2020-10-28T18:00:48Z,26.85,-91.02,8.2,196
2020-10-28T18:00:49Z,26.85,-91,8.2,196
2020-10-28T18:00:50Z,26.85,-91.02,8.2,196
2020-10-28T18:00:51Z,26.85,-91,8.2,196
2020-10-28T18:00:52Z,26.85,-91,8.2,196
2020-10-28T18:00:53Z,26.85,-91,8.2,196
2020-10-28T18:00:54Z,26.85,-91,8.2,196
2020-10-28T18:00:55Z,26.85,-91.02,8.2,196
2020-10-28T18:00:56Z,26.85,-91.02,8.2,196
2020-10-28T18:00:57Z,26.85,-91,8.2,196
2020-10-28T18:00:58Z,26.85,-91.02,8.2,196
2020-10-28T18:00:59Z,26.85,-91,8.2,196
2020-10-28T18:01:00Z,26.85,-91,8.2,196
2020-10-28T18:01:01Z,26.85,-91,8.2,196
2020-10-28T18:01:02Z,26.85,-91,8.2,196
2020-10-28T18:01:03Z,26.85,-91,8.2,196
2020-10-28T18:01:04Z,26.85,-91,8.2,196
2020-10-28T18:01:05Z,26.85,-91,8.2,196
2020-10-28T18:01:06Z,26.85,-91,8.2,196
2020-10-28T18:01:07Z,26.85,-91,8.2,196
2020-10-28T18:01:08Z,26.85,-91,8.2,196
2020-10-28T18:01:09Z,26.85,-91,8.2,196
2020-10-28T18:01:10Z,26.85,-91,8.2,196
2020-10-28T18:01:11Z,26.85,-91,8.2,196
2020-10-28T18:01:12Z,26.85,-91,8.2,196
2020-10-28T18:01:13Z,26.85,-91,8.2,196
2020-10-28T18:01:14Z,26.85,-91,8.2,196
2020-10-28T18:01:15Z,26.85,-91,8.2,196
2020-10-28T18:01:16Z,26.85,-91,8.2,196
2020-10-28T18:01:17Z,26.85,-91,8.2,196
2020-10-28T18:01:18Z,26.85,-91,8.2,196
2020-10-28T18:01:19Z,26.85,-91,8.2,196
2020-10-28T18:01:20Z,26.85,-91,8.2,196
2020-10-28T18:01:21Z,26.85,-91,8.2,196
2020-10-28T18:01:22Z,26.85,-91,8.2,196
2020-10-28T18:01:23Z,26.85,-91,8.2,196
2020-10-28T18:01:24Z,26.85,-91,8.2,196
2020-10-28T18:01:25Z,26.85,-91,8.2,196
2020-10-28T18:01:26Z,26.85,-91,8.2,196
2020-10-28T18:01:27Z,26.85,-91,8.2,196
2020-10-28T18:01:28Z,26.85,-90.99,8.2,196
2020-10-28T18:01:29Z,26.85,-91,8.2,196
2020-10-28T18:01:30Z,26.85,-91,8.2,196
2020-10-28T18:01:31Z,26.85,-91,8.2,196
2020-10-28T18:01:32Z,26.85,-90.99,8.2,196
2020-10-28T18:01:33Z,26.85,-91,8.2,196
2020-10-28T18:01:34Z,26.85,-91,8.2,196
2020-10-28T18:01:35Z,26.85,-91,8.2,196
2020-10-28T18:01:36Z,26.85,-91,8.2,196
2020-10-28T18:01:37Z,26.85,-91,8.2,196
2020-10-28T18:01:38Z,26.85,-91,8.2,196
2020-10-28T18:01:39Z,26.85,-90.99,8.2,196
2020-10-28T18:01:40Z,26.85,-91,8.2,196
2020-10-28T18:01:41Z,26.85,-91,8.2,196
2020-10-28T18:01:42Z,26.85,-91,8.2,196
2020-10-28T18:01:43Z,26.85,-90.99,8.2,196
2020-10-28T18:01:44Z,26.85,-91,8.2,196
2020-10-28T18:01:45Z,26.85,-90.99,8.2,196
2020-10-28T18:01:46Z,26.85,-91,8.2,196
2020-10-28T18:01:47Z,26.85,-90.99,8.2,196
2020-10-28T18:01:48Z,26.85,-90.99,8.2,196
2020-10-28T18:01:49Z,26.85,-90.99,8.2,196
2020-10-28T18:01:50Z,26.85,-90.99,8.2,196
2020-10-28T18:01:51Z,26.85,-91,8.2,196
2020-10-28T18:01:52Z,26.85,-91,8.2,196
2020-10-28T18:01:53Z,26.85,-90.99,8.2,196
2020-10-28T18:01:54Z,26.85,-90.99,8.2,196
2020-10-28T18:01:55Z,26.85,-90.99,8.2,196
2020-10-28T18:01:56Z,26.85,-90.99,8.2,196
2020-10-28T18:01:57Z,26.85,-90.99,8.2,196
2020-10-28T18:01:58Z,26.85,-90.99,8.2,196
2020-10-28T18:01:59Z,26.85,-90.99,8.2,196
2020-10-28T18:02:00Z,26.85,-90.99,8.2,196
2020-10-28T18:02:01Z,26.85,-90.99,8.2,196
2020-10-28T18:02:02Z,26.85,-90.99,8.2,196
2020-10-28T18:02:03Z,26.85,-90.99,8.2,196
2020-10-28T18:02:04Z,26.85,-90.99,8.2,196
2020-10-28T18:02:05Z,26.85,-90.99,8.2,196
2020-10-28T18:02:06Z,26.85,-90.99,8.2,196
2020-10-28T18:02:07Z,26.85,-90.99,8.2,196
2020-10-28T18:02:08Z,26.85,-90.99,8.2,196
2020-10-28T18:02:09Z,26.85,-90.99,8.2,196
2020-10-28T18:02:10Z,26.85,-90.99,8.2,196
2020-10-28T18:02:11Z,26.85,-90.99,8.2,196
2020-10-28T18:02:12Z,26.85,-90.99,8.2,196
2020-10-28T18:02:13Z,26.85,-90.99,8.2,196
2020-10-28T18:02:14Z,26.85,-90.99,8.2,196
2020-10-28T18:02:15Z,26.85,-90.99,8.2,196
2020-10-28T18:02:16Z,26.85,-90.99,8.2,196
2020-10-28T18:02:17Z,26.85,-90.99,8.2,196
2020-10-28T18:02:18Z,26.85,-90.99,8.2,196
2020-10-28T18:02:19Z,26.85,-90.99,8.2,196
2020-10-28T18:02:20Z,26.85,-90.99,8.2,196
2020-10-28T18:02:21Z,26.85,-90.99,8.2,196
2020-10-28T18:02:22Z,26.85,-90.99,8.2,196
2020-10-28T18:02:23Z,26.85,-90.99,8.2,196
2020-10-28T18:02:24Z,26.85,-90.99,8.2,196
2020-10-28T18:02:25Z,26.85,-90.99,8.2,196
2020-10-28T18:02:26Z,26.85,-90.99,8.2,196
2020-10-28T18:02:27Z,26.85,-90.99,8.2,196
2020-10-28T18:02:28Z,26.85,-90.99,8.2,196
2020-10-28T18:02:29Z,26.85,-90.99,8.2,196
2020-10-28T18:02:30Z,26.85,-90.99,8.2,196
2020-10-28T18:02:31Z,26.85,-90.99,8.2,196
2020-10-28T18:02:32Z,26.85,-90.99,8.2,196
2020-10-28T18:02:33Z,26.85,-90.99,8.2,196
2020-10-28T18:02:34Z,26.85,-90.97,8.2,196
2020-10-28T18:02:35Z,26.85,-90.97,8.2,196
2020-10-28T18:02:36Z,26.85,-90.99,8.2,196
2020-10-28T18:02:37Z,26.85,-90.99,8.2,196
2020-10-28T18:02:38Z,26.85,-90.99,8.2,196
2020-10-28T18:02:39Z,26.85,-90.99,8.2,196
2020-10-28T18:02:40Z,26.85,-90.99,8.2,196
2020-10-28T18:02:41Z,26.85,-90.99,8.2,196
2020-10-28T18:02:42Z,26.85,-90.97,8.2,196
2020-10-28T18:02:43Z,26.85,-90.99,8.2,196
2020-10-28T18:02:44Z,26.85,-90.97,8.2,196
2020-10-28T18:02:45Z,26.85,-90.97,8.2,196
2020-10-28T18:02:46Z,26.85,-90.97,8.2,196
2020-10-28T18:02:47Z,26.85,-90.97,8.2,196
2020-10-28T18:02:48Z,26.85,-90.97,8.2,196
2020-10-28T18:02:49Z,26.85,-90.97,8.2,196
2020-10-28T18:02:50Z,26.85,-90.97,8.2,196
2020-10-28T18:02:51Z,26.85,-90.97,8.2,196
2020-10-28T18:02:52Z,26.85,-90.97,8.2,196
2020-10-28T18:02:53Z,26.85,-90.99,8.2,196
2020-10-28T18:02:54Z,26.85,-90.97,8.2,196
2020-10-28T18:02:55Z,26.85,-90.97,8.2,196
2020-10-28T18:02:56Z,26.85,-90.97,8.2,196
2020-10-28T18:02:57Z,26.85,-90.92,8.2,196
2020-10-28T18:02:58Z,26.85,-90.96,8.2,196
2020-10-28T18:02:59Z,26.85,-90.97,8.2,196
2020-10-28T18:03:00Z,26.85,-90.97,8.2,196
2020-10-28T18:03:01Z,26.85,-90.97,8.2,196
2020-10-28T18:03:02Z,26.85,-90.97,8.2,196
2020-10-28T18:03:03Z,26.85,-90.97,8.2,196
2020-10-28T18:03:04Z,26.85,-90.97,8.2,196
2020-10-28T18:03:05Z,26.85,-90.97,8.2,196
2020-10-28T18:03:06Z,26.85,-90.97,8.2,196
2020-10-28T18:03:07Z,26.85,-90.97,8.2,196
2020-10-28T18:03:08Z,26.85,-90.97,8.2,196
2020-10-28T18:03:09Z,26.85,-90.97,8.2,196
2020-10-28T18:03:10Z,26.85,-90.97,8.2,196
2020-10-28T18:03:11Z,26.85,-90.97,8.2,196
2020-10-28T18:03:12Z,26.85,-90.97,8.2,196
2020-10-28T18:03:13Z,26.85,-90.97,8.2,196
2020-10-28T18:03:14Z,26.85,-90.97,8.2,196
2020-10-28T18:03:15Z,26.85,-90.97,8.2,196
2020-10-28T18:03:16Z,26.85,-90.97,8.2,196
2020-10-28T18:03:17Z,26.85,-90.97,8.2,196
2020-10-28T18:03:18Z,26.85,-90.97,8.2,196
2020-10-28T18:03:19Z,26.85,-90.97,8.2,196
2020-10-28T18:03:20Z,26.85,-90.97,8.2,196
2020-10-28T18:03:21Z,26.85,-90.97,8.2,196
2020-10-28T18:03:22Z,26.85,-90.97,8.2,196
2020-10-28T18:03:23Z,26.85,-90.97,8.2,196
2020-10-28T18:03:24Z,26.85,-90.97,8.2,196
2020-10-28T18:03:25Z,26.85,-90.97,8.2,196
2020-10-28T18:03:26Z,26.85,-90.97,8.2,196
2020-10-28T18:03:27Z,26.85,-90.96,8.2,196
2020-10-28T18:03:28Z,26.85,-90.97,8.2,196
2020-10-28T18:03:29Z,26.85,-90.97,8.2,196
2020-10-28T18:03:30Z,26.85,-90.96,8.2,196
2020-10-28T18:03:31Z,26.85,-90.97,8.2,196
2020-10-28T18:03:32Z,26.85,-90.97,8.2,196
2020-10-28T18:03:33Z,26.85,-90.97,8.2,196
2020-10-28T18:03:34Z,26.85,-90.97,8.2,196
2020-10-28T18:03:35Z,26.85,-90.96,8.2,196
2020-10-28T18:03:36Z,26.85,-90.96,8.2,196
2020-10-28T18:03:37Z,26.85,-90.96,8.2,196
2020-10-28T18:03:38Z,26.85,-90.97,8.2,196
2020-10-28T18:03:39Z,26.85,-90.96,8.2,196
2020-10-28T18:03:40Z,26.85,-90.97,8.2,196
2020-10-28T18:03:41Z,26.85,-90.96,8.2,196
2020-10-28T18:03:42Z,26.85,-90.97,8.2,196
2020-10-28T18:03:43Z,26.85,-90.96,8.2,196
2020-10-28T18:03:44Z,26.85,-90.96,8.2,196
2020-10-28T18:03:45Z,26.85,-90.96,8.2,196
2020-10-28T18:03:46Z,26.85,-90.96,8.2,196
2020-10-28T18:03:47Z,26.85,-90.96,8.2,196
2020-10-28T18:03:48Z,26.85,-90.96,8.2,196
2020-10-28T18:03:49Z,26.85,-90.96,8.2,196
2020-10-28T18:03:50Z,26.85,-90.96,8.2,196
2020-10-28T18:03:51Z,26.85,-90.96,8.2,196
2020-10-28T18:03:52Z,26.85,-90.96,8.2,196
2020-10-28T18:03:53Z,26.85,-90.96,8.2,196
2020-10-28T18:03:54Z,26.85,-90.96,8.2,196
2020-10-28T18:03:55Z,26.85,-90.96,8.2,196
2020-10-28T18:03:56Z,26.85,-90.96,8.2,196
2020-10-28T18:03:57Z,26.85,-90.96,8.2,196
2020-10-28T18:03:58Z,26.85,-90.96,8.2,196
2020-10-28T18:03:59Z,26.85,-90.96,8.2,196
2020-10-28T18:04:00Z,26.85,-90.96,8.2,196
2020-10-28T18:04:01Z,26.85,-90.96,8.2,196
2020-10-28T18:04:02Z,26.85,-90.96,8.2,196
2020-10-28T18:04:03Z,26.85,-90.96,8.2,196
2020-10-28T18:04:04Z,26.85,-90.96,8.2,196
2020-10-28T18:04:05Z,26.85,-90.96,8.2,196
2020-10-28T18:04:06Z,26.85,-90.96,8.2,196
2020-10-28T18:04:07Z,26.85,-90.96,8.2,196
2020-10-28T18:04:08Z,26.85,-90.96,8.2,196
2020-10-28T18:04:09Z,26.85,-90.96,8.2,196
2020-10-28T18:04:10Z,26.85,-90.96,8.2,196
2020-10-28T18:04:11Z,26.85,-90.96,8.2,196
2020-10-28T18:04:12Z,26.85,-90.96,8.2,196
2020-10-28T18:04:13Z,26.88,-90.96,8.2,196
2020-10-28T18:04:14Z,26.88,-90.96,8.2,196
2020-10-28T18:04:15Z,26.88,-90.96,8.2,196
2020-10-28T18:04:16Z,26.88,-90.96,8.2,196
2020-10-28T18:04:17Z,26.88,-90.96,8.2,196
2020-10-28T18:04:18Z,26.88,-90.96,8.2,196
2020-10-28T18:04:19Z,26.88,-90.96,8.2,196
2020-10-28T18:04:20Z,26.88,-90.96,8.2,196
2020-10-28T18:04:21Z,26.88,-90.96,8.2,196
2020-10-28T18:04:22Z,26.88,-90.96,8.2,196
2020-10-28T18:04:23Z,26.88,-90.96,8.2,196
2020-10-28T18:04:24Z,26.88,-90.96,8.2,196
2020-10-28T18:04:25Z,26.88,-90.96,8.2,196
2020-10-28T18:04:26Z,26.88,-90.96,8.2,196
2020-10-28T18:04:27Z,26.88,-90.96,8.2,196
2020-10-28T18:04:28Z,26.88,-90.96,8.2,196
2020-10-28T18:04:29Z,26.88,-90.96,8.2,196
2020-10-28T18:04:30Z,26.88,-90.96,8.2,196
2020-10-28T18:04:31Z,26.88,-90.96,8.2,196
2020-10-28T18:04:32Z,26.88,-90.96,8.2,196
2020-10-28T18:04:33Z,26.88,-90.96,8.2,196
2020-10-28T18:04:34Z,26.88,-90.96,8.2,196
2020-10-28T18:04:35Z,26.88,-90.96,8.2,196
2020-10-28T18:04:36Z,26.88,-90.96,8.2,196
2020-10-28T18:04:37Z,26.88,-90.96,8.2,196
2020-10-28T18:04:38Z,26.88,-90.94,8.2,196
2020-10-28T18:04:39Z,26.88,-90.96,8.2,196
2020-10-28T18:04:40Z,26.88,-90.96,8.2,196
2020-10-28T18:04:41Z,26.88,-90.94,8.2,196
2020-10-28T18:04:42Z,26.88,-90.96,8.2,196
2020-10-28T18:04:43Z,26.88,-90.96,8.2,196
2020-10-28T18:04:44Z,26.88,-90.94,8.2,196
2020-10-28T18:04:45Z,26.88,-90.94,8.2,196
2020-10-28T18:04:46Z,26.88,-90.96,8.2,196
2020-10-28T18:04:47Z,26.88,-90.94,8.2,196
2020-10-28T18:04:48Z,26.88,-90.94,8.2,196
2020-10-28T18:04:49Z,26.88,-90.94,8.2,196
2020-10-28T18:04:50Z,26.88,-90.94,8.2,196
2020-10-28T18:04:51Z,26.88,-90.94,8.2,196
2020-10-28T18:04:52Z,26.88,-90.94,8.2,196
2020-10-28T18:04:53Z,26.88,-90.94,8.2,196
2020-10-28T18:04:54Z,26.88,-90.94,8.2,196
2020-10-28T18:04:55Z,26.88,-90.94,8.2,196
2020-10-28T18:04:56Z,26.88,-90.96,8.2,196
2020-10-28T18:04:57Z,26.88,-90.94,8.2,196
2020-10-28T18:04:58Z,26.88,-90.94,8.2,196
2020-10-28T18:04:59Z,26.88,-90.94,8.2,196
2020-10-28T18:05:00Z,26.88,-90.94,8.2,196
2020-10-28T18:05:01Z,26.88,-90.94,8.2,196
2020-10-28T18:05:02Z,26.88,-90.94,8.2,196
2020-10-28T18:05:03Z,26.88,-90.94,8.2,196
2020-10-28T18:05:04Z,26.88,-90.94,8.2,196
2020-10-28T18:05:05Z,26.88,-90.94,8.2,196
2020-10-28T18:05:06Z,26.88,-90.91,8.2,196
2020-10-28T18:05:07Z,26.88,-90.94,8.2,196
2020-10-28T18:05:08Z,26.88,-90.92,8.2,196
2020-10-28T18:05:09Z,26.88,-90.94,8.2,196
2020-10-28T18:05:10Z,26.88,-90.94,8.2,196
2020-10-28T18:05:11Z,26.88,-90.92,8.2,196
2020-10-28T18:05:12Z,26.88,-90.94,8.2,196
2020-10-28T18:05:13Z,26.88,-90.94,8.2,196
2020-10-28T18:05:14Z,26.88,-90.94,8.2,196
2020-10-28T18:05:15Z,26.88,-90.94,8.2,196
2020-10-28T18:05:16Z,26.88,-90.94,8.2,196
2020-10-28T18:05:17Z,26.88,-90.92,8.2,196
2020-10-28T18:05:18Z,26.88,-90.94,8.2,196
2020-10-28T18:05:19Z,26.88,-90.94,8.2,196
2020-10-28T18:05:20Z,26.88,-90.94,8.2,196
2020-10-28T18:05:21Z,26.88,-90.92,8.2,196
2020-10-28T18:05:22Z,26.88,-90.94,8.2,196
2020-10-28T18:05:23Z,26.88,-90.94,8.2,196
2020-10-28T18:05:24Z,26.88,-90.94,8.2,196
2020-10-28T18:05:25Z,26.88,-90.94,8.2,196
2020-10-28T18:05:26Z,26.88,-90.92,8.2,196
2020-10-28T18:05:27Z,26.88,-90.94,8.2,196
2020-10-28T18:05:28Z,26.88,-90.92,8.2,196
2020-10-28T18:05:29Z,26.88,-90.92,8.2,196
2020-10-28T18:05:30Z,26.88,-90.92,8.2,196
2020-10-28T18:05:31Z,26.88,-90.92,8.2,196
2020-10-28T18:05:32Z,26.88,-90.94,8.2,196
2020-10-28T18:05:33Z,26.88,-90.92,8.2,196
2020-10-28T18:05:34Z,26.88,-90.92,8.2,196
2020-10-28T18:05:35Z,26.88,-90.92,8.2,196
2020-10-28T18:05:36Z,26.88,-90.92,8.2,196
2020-10-28T18:05:37Z,26.88,-90.92,8.2,196
2020-10-28T18:05:38Z,26.88,-90.92,8.2,196
2020-10-28T18:05:39Z,26.88,-90.92,8.2,196
2020-10-28T18:05:40Z,26.88,-90.92,8.2,196
2020-10-28T18:05:41Z,26.88,-90.92,8.2,196
2020-10-28T18:05:42Z,26.88,-90.92,8.2,196
2020-10-28T18:05:43Z,26.88,-90.92,8.2,196
2020-10-28T18:05:44Z,26.88,-90.92,8.2,196
2020-10-28T18:05:45Z,26.88,-90.92,8.2,196
2020-10-28T18:05:46Z,26.88,-90.92,8.2,196
2020-10-28T18:05:47Z,26.88,-90.92,8.2,196
2020-10-28T18:05:48Z,26.88,-90.92,8.2,196
2020-10-28T18:05:49Z,26.88,-90.92,8.2,196
2020-10-28T18:05:50Z,26.88,-90.92,8.2,196
2020-10-28T18:05:51Z,26.88,-90.92,8.2,196
2020-10-28T18:05:52Z,26.88,-90.92,8.2,196
2020-10-28T18:05:53Z,26.88,-90.92,8.2,196
2020-10-28T18:05:54Z,26.88,-90.92,8.2,196
2020-10-28T18:05:55Z,26.88,-90.92,8.2,196
2020-10-28T18:05:56Z,26.88,-90.72,8.19,196
2020-10-28T18:05:57Z,26.88,-90.85,8.2,196
2020-10-28T18:05:58Z,26.88,-90.88,8.2,196
2020-10-28T18:05:59Z,26.88,-90.89,8.2,196
2020-10-28T18:06:00Z,26.88,-90.91,8.2,196
2020-10-28T18:06:01Z,26.88,-90.91,8.2,196
2020-10-28T18:06:02Z,26.88,-90.91,8.2,196
2020-10-28T18:06:03Z,26.88,-90.91,8.2,196
2020-10-28T18:06:04Z,26.88,-90.91,8.2,196
2020-10-28T18:06:05Z,26.88,-90.91,8.2,196
2020-10-28T18:06:06Z,26.88,-90.91,8.2,196
2020-10-28T18:06:07Z,26.88,-90.91,8.2,196
2020-10-28T18:06:08Z,26.88,-90.91,8.2,196
2020-10-28T18:06:09Z,26.88,-90.91,8.2,196
2020-10-28T18:06:10Z,26.88,-90.91,8.2,196
2020-10-28T18:06:11Z,26.88,-90.97,8.2,196
2020-10-28T18:06:12Z,26.88,-90.94,8.2,196
2020-10-28T18:06:13Z,26.88,-90.92,8.2,196
2020-10-28T18:06:14Z,26.88,-90.92,8.2,196
2020-10-28T18:06:15Z,26.88,-90.91,8.2,196
2020-10-28T18:06:16Z,26.88,-90.92,8.2,196
2020-10-28T18:06:17Z,26.88,-90.91,8.2,196
2020-10-28T18:06:18Z,26.88,-90.91,8.2,196
2020-10-28T18:06:19Z,26.88,-90.91,8.2,196
2020-10-28T18:06:20Z,26.88,-90.91,8.2,196
2020-10-28T18:06:21Z,26.88,-90.91,8.2,196
2020-10-28T18:06:22Z,26.88,-90.91,8.2,196
2020-10-28T18:06:23Z,26.88,-90.91,8.2,196
2020-10-28T18:06:24Z,26.88,-90.91,8.2,196
2020-10-28T18:06:25Z,26.88,-90.91,8.2,196
2020-10-28T18:06:26Z,26.88,-90.91,8.2,196
2020-10-28T18:06:27Z,26.88,-90.91,8.2,196
2020-10-28T18:06:28Z,26.88,-90.91,8.2,196
2020-10-28T18:06:29Z,26.88,-90.91,8.2,196
2020-10-28T18:06:30Z,26.88,-90.91,8.2,196
2020-10-28T18:06:31Z,26.88,-90.91,8.2,196
2020-10-28T18:06:32Z,26.88,-90.91,8.2,196
2020-10-28T18:06:33Z,26.88,-90.91,8.2,196
2020-10-28T18:06:34Z,26.88,-90.91,8.2,196
2020-10-28T18:06:35Z,26.88,-90.91,8.2,196
2020-10-28T18:06:36Z,26.88,-90.91,8.2,196
2020-10-28T18:06:37Z,26.88,-90.89,8.2,196
2020-10-28T18:06:38Z,26.88,-90.91,8.2,196
2020-10-28T18:06:39Z,26.88,-90.91,8.2,196
2020-10-28T18:06:40Z,26.88,-90.91,8.2,196
2020-10-28T18:06:41Z,26.88,-90.89,8.2,196
2020-10-28T18:06:42Z,26.88,-90.91,8.2,196
2020-10-28T18:06:43Z,26.88,-90.89,8.2,196
2020-10-28T18:06:44Z,26.88,-90.89,8.2,196
2020-10-28T18:06:45Z,26.88,-90.91,8.2,196
2020-10-28T18:06:46Z,26.88,-90.91,8.2,196
2020-10-28T18:06:47Z,26.88,-90.91,8.2,196
2020-10-28T18:06:48Z,26.88,-90.89,8.2,196
2020-10-28T18:06:49Z,26.88,-90.91,8.2,196
2020-10-28T18:06:50Z,26.88,-90.91,8.2,196
2020-10-28T18:06:51Z,26.88,-90.91,8.2,196
2020-10-28T18:06:52Z,26.9,-90.89,8.2,196
2020-10-28T18:06:53Z,26.9,-90.91,8.2,196
2020-10-28T18:06:54Z,26.9,-90.89,8.2,196
2020-10-28T18:06:55Z,26.9,-90.91,8.2,196
2020-10-28T18:06:56Z,26.9,-90.89,8.2,196
2020-10-28T18:06:57Z,26.9,-90.89,8.2,196
2020-10-28T18:06:58Z,26.9,-90.91,8.2,196
2020-10-28T18:06:59Z,26.9,-90.89,8.2,196
2020-10-28T18:07:00Z,26.9,-90.89,8.2,196
2020-10-28T18:07:01Z,26.9,-90.89,8.2,196
2020-10-28T18:07:02Z,26.9,-90.89,8.2,196
2020-10-28T18:07:03Z,26.9,-90.89,8.2,196
2020-10-28T18:07:04Z,26.9,-90.89,8.2,196
2020-10-28T18:07:05Z,26.9,-90.89,8.2,196
2020-10-28T18:07:06Z,26.9,-90.89,8.2,196
2020-10-28T18:07:07Z,26.9,-90.89,8.2,196
2020-10-28T18:07:08Z,26.9,-90.89,8.2,196
2020-10-28T18:07:09Z,26.9,-90.89,8.2,196
2020-10-28T18:07:10Z,26.9,-90.89,8.2,196
2020-10-28T18:07:11Z,26.9,-90.91,8.2,196
2020-10-28T18:07:12Z,26.9,-90.89,8.2,196
2020-10-28T18:07:13Z,26.9,-90.89,8.2,196
2020-10-28T18:07:14Z,26.9,-90.89,8.2,196
2020-10-28T18:07:15Z,26.9,-90.89,8.2,196
2020-10-28T18:07:16Z,26.9,-90.89,8.2,196
2020-10-28T18:07:17Z,26.9,-90.89,8.2,196
2020-10-28T18:07:18Z,26.9,-90.89,8.2,196
2020-10-28T18:07:19Z,26.9,-90.89,8.2,196
2020-10-28T18:07:20Z,26.9,-90.89,8.2,196
2020-10-28T18:07:21Z,26.9,-90.89,8.2,196
2020-10-28T18:07:22Z,26.9,-90.89,8.2,196
2020-10-28T18:07:23Z,26.9,-90.89,8.2,196
2020-10-28T18:07:24Z,26.9,-90.89,8.2,196
2020-10-28T18:07:25Z,26.9,-90.89,8.2,196
2020-10-28T18:07:26Z,26.9,-90.89,8.2,196
2020-10-28T18:07:27Z,26.9,-90.89,8.2,196
2020-10-28T18:07:28Z,26.9,-90.89,8.2,196
2020-10-28T18:07:29Z,26.9,-90.89,8.2,196
2020-10-28T18:07:30Z,26.9,-90.89,8.2,196
2020-10-28T18:07:31Z,26.9,-90.89,8.2,196
2020-10-28T18:07:32Z,26.9,-90.89,8.2,196
2020-10-28T18:07:33Z,26.9,-90.89,8.2,196
2020-10-28T18:07:34Z,26.9,-90.89,8.2,196
2020-10-28T18:07:35Z,26.9,-90.89,8.2,196
2020-10-28T18:07:36Z,26.9,-90.89,8.2,196
2020-10-28T18:07:37Z,26.9,-90.88,8.2,196
2020-10-28T18:07:38Z,26.9,-90.89,8.2,196
2020-10-28T18:07:39Z,26.9,-90.89,8.2,196
2020-10-28T18:07:40Z,26.9,-90.88,8.2,196
2020-10-28T18:07:41Z,26.9,-90.88,8.2,196
2020-10-28T18:07:42Z,26.9,-90.88,8.2,196
2020-10-28T18:07:43Z,26.9,-90.88,8.2,196
2020-10-28T18:07:44Z,26.9,-90.89,8.2,196
2020-10-28T18:07:45Z,26.9,-90.88,8.2,196
2020-10-28T18:07:46Z,26.9,-90.88,8.2,196
2020-10-28T18:07:47Z,26.9,-90.88,8.2,196
2020-10-28T18:07:48Z,26.9,-90.88,8.2,196
2020-10-28T18:07:49Z,26.9,-90.89,8.2,196
2020-10-28T18:07:50Z,26.9,-90.88,8.2,196
2020-10-28T18:07:51Z,26.9,-90.88,8.2,196
2020-10-28T18:07:52Z,26.9,-90.88,8.2,196
2020-10-28T18:07:53Z,26.9,-90.88,8.2,196
2020-10-28T18:07:54Z,26.9,-90.88,8.2,196
2020-10-28T18:07:55Z,26.9,-90.88,8.2,196
2020-10-28T18:07:56Z,26.9,-90.88,8.2,196
2020-10-28T18:07:57Z,26.9,-90.88,8.2,196
2020-10-28T18:07:58Z,26.9,-90.88,8.2,196
2020-10-28T18:07:59Z,26.9,-90.88,8.2,196
2020-10-28T18:08:00Z,26.9,-90.88,8.2,196
2020-10-28T18:08:01Z,26.9,-90.88,8.2,196
2020-10-28T18:08:02Z,26.9,-90.88,8.2,196
2020-10-28T18:08:03Z,26.9,-90.88,8.2,196
2020-10-28T18:08:04Z,26.9,-90.88,8.2,196
2020-10-28T18:08:05Z,26.9,-90.88,8.2,196
2020-10-28T18:08:06Z,26.9,-90.88,8.2,196
2020-10-28T18:08:07Z,26.9,-90.88,8.2,196
2020-10-28T18:08:08Z,26.9,-90.88,8.2,196
2020-10-28T18:08:09Z,26.9,-90.88,8.2,196
2020-10-28T18:08:10Z,26.9,-90.88,8.2,196
2020-10-28T18:08:11Z,26.9,-90.88,8.2,196
2020-10-28T18:08:12Z,26.9,-90.88,8.2,196
2020-10-28T18:08:13Z,26.9,-90.88,8.2,196
2020-10-28T18:08:14Z,26.9,-90.88,8.2,196
2020-10-28T18:08:15Z,26.9,-90.88,8.2,196
2020-10-28T18:08:16Z,26.9,-90.88,8.2,196
2020-10-28T18:08:17Z,26.9,-90.86,8.2,196
2020-10-28T18:08:18Z,26.9,-90.88,8.2,196
2020-10-28T18:08:19Z,26.9,-90.88,8.2,196
2020-10-28T18:08:20Z,26.9,-90.88,8.2,196
2020-10-28T18:08:21Z,26.9,-90.88,8.2,196
2020-10-28T18:08:22Z,26.9,-90.88,8.2,196
2020-10-28T18:08:23Z,26.9,-90.88,8.2,196
2020-10-28T18:08:24Z,26.9,-90.88,8.2,196
2020-10-28T18:08:25Z,26.9,-90.88,8.2,196
2020-10-28T18:08:26Z,26.9,-90.88,8.2,196
2020-10-28T18:08:27Z,26.9,-90.88,8.2,196
2020-10-28T18:08:28Z,26.9,-90.88,8.2,196
2020-10-28T18:08:29Z,26.9,-90.88,8.2,196
2020-10-28T18:08:30Z,26.9,-90.86,8.2,196
2020-10-28T18:08:31Z,26.9,-90.86,8.2,196
2020-10-28T18:08:32Z,26.9,-90.88,8.2,196
2020-10-28T18:08:33Z,26.9,-90.86,8.2,196
2020-10-28T18:08:34Z,26.9,-90.86,8.2,196
2020-10-28T18:08:35Z,26.9,-90.88,8.2,196
2020-10-28T18:08:36Z,26.9,-90.86,8.2,196
2020-10-28T18:08:37Z,26.9,-90.88,8.2,196
2020-10-28T18:08:38Z,26.9,-90.88,8.2,196
2020-10-28T18:08:39Z,26.9,-90.88,8.2,196
2020-10-28T18:08:40Z,26.9,-90.88,8.2,196
2020-10-28T18:08:41Z,26.9,-90.88,8.2,196
2020-10-28T18:08:42Z,26.9,-90.86,8.2,196
2020-10-28T18:08:43Z,26.9,-90.86,8.2,196
2020-10-28T18:08:44Z,26.9,-90.88,8.2,196
2020-10-28T18:08:45Z,26.9,-90.86,8.2,196
2020-10-28T18:08:46Z,26.9,-90.86,8.2,196
2020-10-28T18:08:47Z,26.9,-90.86,8.2,196
2020-10-28T18:08:48Z,26.9,-90.86,8.2,196
2020-10-28T18:08:49Z,26.9,-90.86,8.2,196
2020-10-28T18:08:50Z,26.9,-90.86,8.2,196
2020-10-28T18:08:51Z,26.9,-90.86,8.2,196
2020-10-28T18:08:52Z,26.9,-90.86,8.2,196
2020-10-28T18:08:53Z,26.9,-90.86,8.2,196
2020-10-28T18:08:54Z,26.9,-90.86,8.2,196
2020-10-28T18:08:55Z,26.9,-90.88,8.2,196
2020-10-28T18:08:56Z,26.9,-90.88,8.2,196
2020-10-28T18:08:57Z,26.9,-90.86,8.2,196
2020-10-28T18:08:58Z,26.9,-90.86,8.2,196
2020-10-28T18:08:59Z,26.9,-90.86,8.2,196
2020-10-28T18:09:00Z,26.9,-90.86,8.2,196
2020-10-28T18:09:01Z,26.9,-90.86,8.2,196
2020-10-28T18:09:02Z,26.9,-90.86,8.2,196
2020-10-28T18:09:03Z,26.9,-90.86,8.2,196
2020-10-28T18:09:04Z,26.9,-90.86,8.2,196
2020-10-28T18:09:05Z,26.9,-90.86,8.2,196
2020-10-28T18:09:06Z,26.9,-90.86,8.2,196
2020-10-28T18:09:07Z,26.9,-90.86,8.2,196
2020-10-28T18:09:08Z,26.9,-90.86,8.2,196
2020-10-28T18:09:09Z,26.9,-90.86,8.2,196
2020-10-28T18:09:10Z,26.9,-90.86,8.2,196
2020-10-28T18:09:11Z,26.9,-90.86,8.2,196
2020-10-28T18:09:12Z,26.9,-90.86,8.2,196
2020-10-28T18:09:13Z,26.9,-90.86,8.2,196
2020-10-28T18:09:14Z,26.9,-90.86,8.2,196
2020-10-28T18:09:15Z,26.9,-90.86,8.2,196
2020-10-28T18:09:16Z,26.9,-90.86,8.2,196
2020-10-28T18:09:17Z,26.9,-90.86,8.2,196
2020-10-28T18:09:18Z,26.9,-90.86,8.2,196
2020-10-28T18:09:19Z,26.9,-90.86,8.2,196
2020-10-28T18:09:20Z,26.9,-90.86,8.2,196
2020-10-28T18:09:21Z,26.9,-90.86,8.2,196
2020-10-28T18:09:22Z,26.9,-90.86,8.2,196
2020-10-28T18:09:23Z,26.9,-90.86,8.2,196
2020-10-28T18:09:24Z,26.9,-90.86,8.2,196
2020-10-28T18:09:25Z,26.9,-90.86,8.2,196
2020-10-28T18:09:26Z,26.9,-90.86,8.2,196
2020-10-28T18:09:27Z,26.9,-90.86,8.2,196
2020-10-28T18:09:28Z,26.9,-90.86,8.2,196
2020-10-28T18:09:29Z,26.9,-90.86,8.2,196
2020-10-28T18:09:30Z,26.9,-90.86,8.2,196
2020-10-28T18:09:31Z,26.9,-90.86,8.2,196
2020-10-28T18:09:32Z,26.9,-90.86,8.2,196
2020-10-28T18:09:33Z,26.9,-90.86,8.2,196
2020-10-28T18:09:34Z,26.9,-90.86,8.2,196
2020-10-28T18:09:35Z,26.9,-90.86,8.2,196
2020-10-28T18:09:36Z,26.9,-90.86,8.2,196
2020-10-28T18:09:37Z,26.9,-90.86,8.2,196
2020-10-28T18:09:38Z,26.9,-90.86,8.2,196
2020-10-28T18:09:39Z,26.9,-90.86,8.2,196
2020-10-28T18:09:40Z,26.9,-90.86,8.2,196
2020-10-28T18:09:41Z,26.9,-90.86,8.2,196
2020-10-28T18:09:42Z,26.9,-90.86,8.2,196
2020-10-28T18:09:43Z,26.9,-90.86,8.2,196
2020-10-28T18:09:44Z,26.9,-90.86,8.2,196
2020-10-28T18:09:45Z,26.9,-90.86,8.2,196
2020-10-28T18:09:46Z,26.9,-90.85,8.19,196
2020-10-28T18:09:47Z,26.9,-90.85,8.19,196
2020-10-28T18:09:48Z,26.9,-90.86,8.2,196
2020-10-28T18:09:49Z,26.9,-90.86,8.2,196
2020-10-28T18:09:50Z,26.9,-90.86,8.2,196
2020-10-28T18:09:51Z,26.9,-90.86,8.2,196
2020-10-28T18:09:52Z,26.9,-90.85,8.19,196
2020-10-28T18:09:53Z,26.9,-90.86,8.2,196
2020-10-28T18:09:54Z,26.9,-90.85,8.19,196
2020-10-28T18:09:55Z,26.9,-90.85,8.19,196
2020-10-28T18:09:56Z,26.9,-90.86,8.2,196
2020-10-28T18:09:57Z,26.9,-90.86,8.2,196
2020-10-28T18:09:58Z,26.9,-90.85,8.19,196
2020-10-28T18:09:59Z,26.9,-90.85,8.19,196
2020-10-28T18:10:00Z,26.93,-90.85,8.19,196
2020-10-28T18:10:01Z,26.93,-90.86,8.2,196
2020-10-28T18:10:02Z,26.93,-90.85,8.19,196
2020-10-28T18:10:03Z,26.93,-90.86,8.2,196
2020-10-28T18:10:04Z,26.93,-90.85,8.19,196
2020-10-28T18:10:05Z,26.93,-90.86,8.2,196
2020-10-28T18:10:06Z,26.93,-90.85,8.19,196
2020-10-28T18:10:07Z,26.93,-90.85,8.19,196
2020-10-28T18:10:08Z,26.93,-90.85,8.19,196
2020-10-28T18:10:09Z,26.93,-90.85,8.19,196
2020-10-28T18:10:10Z,26.93,-90.85,8.19,196
2020-10-28T18:10:11Z,26.93,-90.85,8.19,196
2020-10-28T18:10:12Z,26.93,-90.85,8.19,196
2020-10-28T18:10:13Z,26.93,-90.85,8.19,196
2020-10-28T18:10:14Z,26.93,-90.85,8.19,196
2020-10-28T18:10:15Z,26.93,-90.85,8.19,196
2020-10-28T18:10:16Z,26.93,-90.85,8.19,196
2020-10-28T18:10:17Z,26.93,-90.85,8.19,196
2020-10-28T18:10:18Z,26.93,-90.85,8.19,196
2020-10-28T18:10:19Z,26.93,-90.85,8.19,196
2020-10-28T18:10:20Z,26.93,-90.85,8.19,196
2020-10-28T18:10:21Z,26.93,-90.85,8.19,196
2020-10-28T18:10:22Z,26.93,-90.85,8.19,196
2020-10-28T18:10:23Z,26.93,-90.85,8.19,196
2020-10-28T18:10:24Z,26.93,-90.85,8.19,196
2020-10-28T18:10:25Z,26.93,-90.85,8.19,196
2020-10-28T18:10:26Z,26.93,-90.85,8.19,196
2020-10-28T18:10:27Z,26.93,-90.85,8.19,196
2020-10-28T18:10:28Z,26.93,-90.85,8.19,196
2020-10-28T18:10:29Z,26.93,-90.85,8.19,196
2020-10-28T18:10:30Z,26.93,-90.85,8.19,196
2020-10-28T18:10:31Z,26.93,-90.85,8.19,196
2020-10-28T18:10:32Z,26.93,-90.85,8.19,196
2020-10-28T18:10:33Z,26.93,-90.85,8.19,196
2020-10-28T18:10:34Z,26.93,-90.85,8.19,196
2020-10-28T18:10:35Z,26.93,-90.85,8.19,196
2020-10-28T18:10:36Z,26.93,-91.38,8.2,196
2020-10-28T18:10:37Z,26.93,-91,8.2,196
2020-10-28T18:10:38Z,26.93,-90.92,8.2,196
2020-10-28T18:10:39Z,26.93,-90.89,8.2,196
2020-10-28T18:10:40Z,26.93,-90.88,8.2,196
2020-10-28T18:10:41Z,26.93,-90.86,8.2,196
2020-10-28T18:10:42Z,26.93,-90.86,8.2,196
2020-10-28T18:10:43Z,26.93,-90.86,8.2,196
2020-10-28T18:10:44Z,26.93,-90.86,8.2,196
2020-10-28T18:10:45Z,26.93,-90.85,8.19,196
2020-10-28T18:10:46Z,26.93,-90.85,8.19,196
2020-10-28T18:10:47Z,26.93,-90.85,8.19,196
2020-10-28T18:10:48Z,26.93,-90.85,8.19,196
2020-10-28T18:10:49Z,26.93,-90.85,8.19,196
2020-10-28T18:10:50Z,26.93,-90.85,8.19,196
2020-10-28T18:10:51Z,26.93,-90.85,8.19,196
2020-10-28T18:10:52Z,26.93,-90.85,8.19,196
2020-10-28T18:10:53Z,26.93,-90.85,8.19,196
2020-10-28T18:10:54Z,26.93,-90.85,8.19,196
2020-10-28T18:10:55Z,26.93,-90.85,8.19,196
2020-10-28T18:10:56Z,26.93,-90.83,8.19,196
2020-10-28T18:10:57Z,26.93,-90.85,8.19,196
2020-10-28T18:10:58Z,26.93,-90.83,8.19,196
2020-10-28T18:10:59Z,26.93,-90.83,8.19,196
2020-10-28T18:11:00Z,26.93,-90.83,8.19,196
2020-10-28T18:11:01Z,26.93,-90.83,8.19,196
2020-10-28T18:11:02Z,26.93,-90.83,8.19,196
2020-10-28T18:11:03Z,26.93,-90.85,8.19,196
2020-10-28T18:11:04Z,26.93,-90.85,8.19,196
2020-10-28T18:11:05Z,26.93,-90.85,8.19,196
2020-10-28T18:11:06Z,26.93,-90.83,8.19,196
2020-10-28T18:11:07Z,26.93,-90.83,8.19,196
2020-10-28T18:11:08Z,26.93,-90.83,8.19,196
2020-10-28T18:11:09Z,26.93,-90.83,8.19,196
2020-10-28T18:11:10Z,26.93,-90.83,8.19,196
2020-10-28T18:11:11Z,26.93,-90.83,8.19,196
2020-10-28T18:11:12Z,26.93,-90.83,8.19,196
2020-10-28T18:11:13Z,26.93,-90.83,8.19,196
2020-10-28T18:11:14Z,26.93,-90.83,8.19,196
2020-10-28T18:11:15Z,26.93,-90.83,8.19,196
2020-10-28T18:11:16Z,26.93,-90.83,8.19,196
2020-10-28T18:11:17Z,26.93,-90.83,8.19,196
2020-10-28T18:11:18Z,26.93,-90.83,8.19,196
2020-10-28T18:11:19Z,26.93,-90.83,8.19,196
2020-10-28T18:11:20Z,26.93,-90.83,8.19,196
2020-10-28T18:11:21Z,26.93,-90.83,8.19,196
2020-10-28T18:11:22Z,26.93,-90.83,8.19,196
2020-10-28T18:11:23Z,26.93,-90.83,8.19,196
2020-10-28T18:11:24Z,26.93,-90.83,8.19,196
2020-10-28T18:11:25Z,26.93,-90.83,8.19,196
2020-10-28T18:11:26Z,26.93,-90.83,8.19,196
2020-10-28T18:11:27Z,26.93,-90.83,8.19,196
2020-10-28T18:11:28Z,26.93,-90.83,8.19,196
2020-10-28T18:11:29Z,26.93,-90.83,8.19,196
2020-10-28T18:11:30Z,26.93,-90.83,8.19,196
2020-10-28T18:11:31Z,26.93,-90.83,8.19,196
2020-10-28T18:11:32Z,26.93,-90.83,8.19,196
2020-10-28T18:11:33Z,26.93,-90.83,8.19,196
2020-10-28T18:11:34Z,26.93,-90.83,8.19,196
2020-10-28T18:11:35Z,26.93,-90.83,8.19,196
2020-10-28T18:11:36Z,26.93,-90.83,8.19,196
2020-10-28T18:11:37Z,26.93,-90.83,8.19,196
2020-10-28T18:11:38Z,26.93,-90.83,8.19,196
2020-10-28T18:11:39Z,26.93,-90.83,8.19,196
2020-10-28T18:11:40Z,26.93,-90.83,8.19,196
2020-10-28T18:11:41Z,26.93,-90.83,8.19,196
2020-10-28T18:11:42Z,26.93,-90.77,8.19,196
2020-10-28T18:11:43Z,26.93,-90.82,8.19,196
2020-10-28T18:11:44Z,26.93,-90.82,8.19,196
2020-10-28T18:11:45Z,26.93,-90.82,8.19,196
2020-10-28T18:11:46Z,26.93,-90.82,8.19,196
2020-10-28T18:11:47Z,26.93,-90.83,8.19,196
2020-10-28T18:11:48Z,26.93,-90.83,8.19,196
2020-10-28T18:11:49Z,26.93,-90.83,8.19,196
2020-10-28T18:11:50Z,26.93,-90.83,8.19,196
2020-10-28T18:11:51Z,26.93,-90.83,8.19,196
2020-10-28T18:11:52Z,26.93,-90.82,8.19,196
2020-10-28T18:11:53Z,26.93,-90.82,8.19,196
2020-10-28T18:11:54Z,26.93,-90.88,8.2,196
2020-10-28T18:11:55Z,26.93,-90.85,8.19,196
2020-10-28T18:11:56Z,26.93,-90.85,8.19,196
2020-10-28T18:11:57Z,26.93,-90.83,8.19,196
2020-10-28T18:11:58Z,26.93,-90.83,8.19,196
2020-10-28T18:11:59Z,26.93,-90.83,8.19,196
2020-10-28T18:12:00Z,26.93,-90.83,8.19,196
2020-10-28T18:12:01Z,26.93,-90.83,8.19,196
2020-10-28T18:12:02Z,26.93,-90.83,8.19,196
2020-10-28T18:12:03Z,26.93,-90.82,8.19,196
2020-10-28T18:12:04Z,26.93,-90.83,8.19,196
2020-10-28T18:12:05Z,26.93,-90.83,8.19,196
2020-10-28T18:12:06Z,26.93,-90.82,8.19,196
2020-10-28T18:12:07Z,26.93,-90.82,8.19,196
2020-10-28T18:12:08Z,26.93,-90.83,8.19,196
2020-10-28T18:12:09Z,26.93,-90.82,8.19,196
2020-10-28T18:12:10Z,26.93,-90.83,8.19,196
2020-10-28T18:12:11Z,26.93,-90.83,8.19,196
2020-10-28T18:12:12Z,26.93,-90.82,8.19,196
2020-10-28T18:12:13Z,26.93,-90.82,8.19,196
2020-10-28T18:12:14Z,26.93,-90.83,8.19,196
2020-10-28T18:12:15Z,26.93,-90.83,8.19,196
2020-10-28T18:12:16Z,26.93,-90.83,8.19,196
2020-10-28T18:12:17Z,26.93,-90.83,8.19,196
2020-10-28T18:12:18Z,26.93,-90.82,8.19,196
2020-10-28T18:12:19Z,26.93,-90.82,8.19,196
2020-10-28T18:12:20Z,26.93,-90.82,8.19,196
2020-10-28T18:12:21Z,26.93,-90.83,8.19,196
2020-10-28T18:12:22Z,26.93,-90.83,8.19,196
2020-10-28T18:12:23Z,26.93,-90.83,8.19,196
2020-10-28T18:12:24Z,26.93,-90.82,8.19,196
2020-10-28T18:12:25Z,26.93,-90.83,8.19,196
2020-10-28T18:12:26Z,26.93,-90.83,8.19,196
2020-10-28T18:12:27Z,26.93,-90.83,8.19,196
2020-10-28T18:12:28Z,26.93,-90.83,8.19,196
2020-10-28T18:12:29Z,26.93,-90.83,8.19,196
2020-10-28T18:12:30Z,26.93,-90.83,8.19,196
2020-10-28T18:12:31Z,26.93,-90.83,8.19,196
2020-10-28T18:12:32Z,26.93,-90.83,8.19,196
2020-10-28T18:12:33Z,26.93,-90.82,8.19,196
2020-10-28T18:12:34Z,26.93,-90.83,8.19,196
2020-10-28T18:12:35Z,26.93,-90.82,8.19,196
2020-10-28T18:12:36Z,26.93,-90.83,8.19,196
2020-10-28T18:12:37Z,26.93,-90.83,8.19,196
2020-10-28T18:12:38Z,26.93,-90.83,8.19,196
2020-10-28T18:12:39Z,26.93,-90.83,8.19,196
2020-10-28T18:12:40Z,26.93,-90.82,8.19,196
2020-10-28T18:12:41Z,26.93,-90.82,8.19,196
2020-10-28T18:12:42Z,26.93,-90.83,8.19,196
2020-10-28T18:12:43Z,26.93,-90.82,8.19,196
2020-10-28T18:12:44Z,26.93,-90.83,8.19,196
2020-10-28T18:12:45Z,26.93,-90.83,8.19,196
2020-10-28T18:12:46Z,26.93,-90.83,8.19,196
2020-10-28T18:12:47Z,26.93,-90.83,8.19,196
2020-10-28T18:12:48Z,26.93,-90.83,8.19,196
2020-10-28T18:12:49Z,26.93,-90.83,8.19,196
2020-10-28T18:12:50Z,26.93,-90.83,8.19,196
2020-10-28T18:12:51Z,26.93,-90.83,8.19,196
2020-10-28T18:12:52Z,26.93,-90.82,8.19,196
2020-10-28T18:12:53Z,26.93,-90.83,8.19,196
2020-10-28T18:12:54Z,26.93,-90.83,8.19,196
2020-10-28T18:12:55Z,26.93,-90.82,8.19,196
2020-10-28T18:12:56Z,26.93,-90.83,8.19,196
2020-10-28T18:12:57Z,26.93,-90.83,8.19,196
2020-10-28T18:12:58Z,26.93,-90.82,8.19,196
2020-10-28T18:12:59Z,26.93,-90.83,8.19,196
2020-10-28T18:13:00Z,26.93,-90.83,8.19,196
2020-10-28T18:13:01Z,26.93,-90.82,8.19,196
2020-10-28T18:13:02Z,26.93,-90.82,8.19,196
2020-10-28T18:13:03Z,26.93,-90.82,8.19,196
2020-10-28T18:13:04Z,26.93,-90.82,8.19,196
2020-10-28T18:13:05Z,26.93,-90.83,8.19,196
2020-10-28T18:13:06Z,26.93,-90.82,8.19,196
2020-10-28T18:13:07Z,26.93,-90.82,8.19,196
2020-10-28T18:13:08Z,26.93,-90.82,8.19,196
2020-10-28T18:13:09Z,26.93,-90.82,8.19,196
2020-10-28T18:13:10Z,26.93,-90.82,8.19,196
2020-10-28T18:13:11Z,26.93,-90.82,8.19,196
2020-10-28T18:13:12Z,26.93,-90.82,8.19,196
2020-10-28T18:13:13Z,26.93,-90.82,8.19,196
2020-10-28T18:13:14Z,26.93,-90.82,8.19,196
2020-10-28T18:13:15Z,26.93,-90.83,8.19,196
2020-10-28T18:13:16Z,26.93,-90.82,8.19,196
2020-10-28T18:13:17Z,26.93,-90.82,8.19,196
2020-10-28T18:13:18Z,26.93,-90.83,8.19,196
2020-10-28T18:13:19Z,26.93,-90.82,8.19,196
2020-10-28T18:13:20Z,26.93,-90.83,8.19,196
2020-10-28T18:13:21Z,26.93,-90.83,8.19,196
2020-10-28T18:13:22Z,26.93,-90.83,8.19,196
2020-10-28T18:13:23Z,26.93,-90.82,8.19,196
2020-10-28T18:13:24Z,26.93,-90.82,8.19,196
2020-10-28T18:13:25Z,26.93,-90.82,8.19,196
2020-10-28T18:13:26Z,26.93,-90.82,8.19,196
2020-10-28T18:13:27Z,26.93,-90.82,8.19,196
2020-10-28T18:13:28Z,26.93,-90.83,8.19,196
2020-10-28T18:13:29Z,26.93,-90.82,8.19,196
2020-10-28T18:13:30Z,26.93,-90.83,8.19,196
2020-10-28T18:13:31Z,26.93,-90.82,8.19,196
2020-10-28T18:13:32Z,26.93,-90.82,8.19,196
2020-10-28T18:13:33Z,26.93,-90.82,8.19,196
2020-10-28T18:13:34Z,26.93,-90.82,8.19,196
2020-10-28T18:13:35Z,26.93,-90.82,8.19,196
2020-10-28T18:13:36Z,26.93,-90.82,8.19,196
2020-10-28T18:13:37Z,26.93,-90.82,8.19,196
2020-10-28T18:13:38Z,26.93,-90.82,8.19,196
2020-10-28T18:13:39Z,26.93,-90.82,8.19,196
2020-10-28T18:13:40Z,26.93,-90.82,8.19,196
2020-10-28T18:13:41Z,26.93,-90.82,8.19,196
2020-10-28T18:13:42Z,26.93,-90.82,8.19,196
2020-10-28T18:13:43Z,26.93,-90.82,8.19,196
2020-10-28T18:13:44Z,26.93,-90.82,8.19,196
2020-10-28T18:13:45Z,26.93,-90.82,8.19,196
2020-10-28T18:13:46Z,26.93,-90.82,8.19,196
2020-10-28T18:13:47Z,26.93,-90.82,8.19,196
2020-10-28T18:13:48Z,26.93,-90.82,8.19,196
2020-10-28T18:13:49Z,26.93,-90.83,8.19,196
2020-10-28T18:13:50Z,26.93,-90.82,8.19,196
2020-10-28T18:13:51Z,26.93,-90.82,8.19,196
2020-10-28T18:13:52Z,26.93,-90.82,8.19,196
2020-10-28T18:13:53Z,26.93,-90.82,8.19,196
2020-10-28T18:13:54Z,26.93,-90.82,8.19,196
2020-10-28T18:13:55Z,26.93,-90.82,8.19,196
2020-10-28T18:13:56Z,26.93,-90.82,8.19,196
2020-10-28T18:13:57Z,26.93,-90.82,8.19,196
2020-10-28T18:13:58Z,26.93,-90.82,8.19,196
2020-10-28T18:13:59Z,26.93,-90.82,8.19,196
2020-10-28T18:14:00Z,26.93,-90.82,8.19,196
2020-10-28T18:14:01Z,26.93,-90.82,8.19,196
2020-10-28T18:14:02Z,26.93,-90.82,8.19,196
2020-10-28T18:14:03Z,26.93,-90.82,8.19,196
2020-10-28T18:14:04Z,26.93,-90.82,8.19,196
2020-10-28T18:14:05Z,26.93,-90.82,8.19,196
2020-10-28T18:14:06Z,26.93,-90.82,8.19,196
2020-10-28T18:14:07Z,26.93,-90.82,8.19,196
2020-10-28T18:14:08Z,26.93,-90.82,8.19,196
2020-10-28T18:14:09Z,26.93,-90.83,8.19,196
2020-10-28T18:14:10Z,26.93,-90.82,8.19,196
2020-10-28T18:14:11Z,26.93,-90.82,8.19,196
2020-10-28T18:14:12Z,26.93,-90.82,8.19,196
2020-10-28T18:14:13Z,26.93,-90.82,8.19,196
2020-10-28T18:14:14Z,26.93,-90.82,8.19,196
2020-10-28T18:14:15Z,26.93,-90.82,8.19,196
2020-10-28T18:14:16Z,26.93,-90.82,8.19,196
2020-10-28T18:14:17Z,26.93,-90.82,8.19,196
2020-10-28T18:14:18Z,26.93,-90.82,8.19,196
2020-10-28T18:14:19Z,26.93,-90.82,8.19,196
2020-10-28T18:14:20Z,26.93,-90.82,8.19,196
2020-10-28T18:14:21Z,26.93,-90.82,8.19,196
2020-10-28T18:14:22Z,26.93,-90.82,8.19,196
2020-10-28T18:14:23Z,26.93,-90.82,8.19,196
2020-10-28T18:14:24Z,26.93,-90.82,8.19,196
2020-10-28T18:14:25Z,26.93,-90.82,8.19,196
2020-10-28T18:14:26Z,26.93,-90.82,8.19,196
2020-10-28T18:14:27Z,26.93,-90.82,8.19,196
2020-10-28T18:14:28Z,26.93,-90.82,8.19,196
2020-10-28T18:14:29Z,26.93,-90.82,8.19,196
2020-10-28T18:14:30Z,26.93,-90.82,8.19,196
2020-10-28T18:14:31Z,26.93,-90.82,8.19,196
2020-10-28T18:14:32Z,26.93,-90.82,8.19,196
2020-10-28T18:14:33Z,26.93,-90.82,8.19,196
2020-10-28T18:14:34Z,26.93,-90.82,8.19,196
2020-10-28T18:14:35Z,26.93,-90.82,8.19,196
2020-10-28T18:14:36Z,26.93,-90.82,8.19,196
2020-10-28T18:14:37Z,26.93,-90.82,8.19,196
2020-10-28T18:14:38Z,26.93,-90.82,8.19,196
2020-10-28T18:14:39Z,26.93,-90.82,8.19,196
2020-10-28T18:14:40Z,26.93,-90.82,8.19,196
2020-10-28T18:14:41Z,26.93,-90.82,8.19,196
2020-10-28T18:14:42Z,26.93,-90.82,8.19,196
2020-10-28T18:14:43Z,26.93,-90.82,8.19,196
2020-10-28T18:14:44Z,26.93,-90.82,8.19,196
2020-10-28T18:14:45Z,26.93,-90.82,8.19,196
2020-10-28T18:14:46Z,26.93,-90.82,8.19,196
2020-10-28T18:14:47Z,26.93,-90.82,8.19,196
2020-10-28T18:14:48Z,26.93,-90.82,8.19,196
2020-10-28T18:14:49Z,26.93,-90.82,8.19,196
2020-10-28T18:14:50Z,26.93,-90.82,8.19,196
2020-10-28T18:14:51Z,26.93,-90.82,8.19,196
2020-10-28T18:14:52Z,26.93,-90.82,8.19,196
2020-10-28T18:14:53Z,26.93,-90.82,8.19,196
2020-10-28T18:14:54Z,26.93,-90.82,8.19,196
2020-10-28T18:14:55Z,26.93,-90.82,8.19,196
2020-10-28T18:14:56Z,26.93,-90.82,8.19,196
2020-10-28T18:14:57Z,26.93,-90.82,8.19,196
2020-10-28T18:14:58Z,26.93,-90.82,8.19,196
2020-10-28T18:14:59Z,26.93,-90.82,8.19,196
2020-10-28T18:15:00Z,26.93,-90.82,8.19,196
2020-10-28T18:15:01Z,26.93,-90.82,8.19,196
2020-10-28T18:15:02Z,26.93,-90.82,8.19,196
2020-10-28T18:15:03Z,26.93,-90.82,8.19,196
2020-10-28T18:15:04Z,26.93,-90.82,8.19,196
2020-10-28T18:15:05Z,26.93,-90.82,8.19,196
2020-10-28T18:15:06Z,26.93,-90.82,8.19,196
2020-10-28T18:15:07Z,26.93,-90.82,8.19,196
2020-10-28T18:15:08Z,26.93,-90.82,8.19,196
2020-10-28T18:15:09Z,26.93,-90.82,8.19,196
2020-10-28T18:15:10Z,26.93,-90.82,8.19,196
2020-10-28T18:15:11Z,26.93,-90.82,8.19,196
2020-10-28T18:15:12Z,26.93,-90.82,8.19,196
2020-10-28T18:15:13Z,26.93,-90.82,8.19,196
2020-10-28T18:15:14Z,26.93,-90.82,8.19,196
2020-10-28T18:15:15Z,26.93,-90.82,8.19,196
2020-10-28T18:15:16Z,26.93,-90.82,8.19,196
2020-10-28T18:15:17Z,26.93,-90.82,8.19,196
2020-10-28T18:15:18Z,26.93,-90.82,8.19,196
2020-10-28T18:15:19Z,26.93,-90.82,8.19,196
2020-10-28T18:15:20Z,26.93,-90.82,8.19,196
2020-10-28T18:15:21Z,26.93,-90.82,8.19,196
2020-10-28T18:15:22Z,26.93,-90.82,8.19,196
2020-10-28T18:15:23Z,26.93,-90.82,8.19,196
2020-10-28T18:15:24Z,26.93,-90.82,8.19,196
2020-10-28T18:15:25Z,26.93,-90.82,8.19,196
2020-10-28T18:15:26Z,26.93,-90.82,8.19,196
2020-10-28T18:15:27Z,26.93,-90.82,8.19,196
2020-10-28T18:15:28Z,26.93,-90.8,8.19,196
2020-10-28T18:15:29Z,26.93,-90.82,8.19,196
2020-10-28T18:15:30Z,26.93,-90.82,8.19,196
2020-10-28T18:15:31Z,26.93,-90.82,8.19,196
2020-10-28T18:15:32Z,26.93,-90.82,8.19,196
2020-10-28T18:15:33Z,26.93,-90.82,8.19,196
2020-10-28T18:15:34Z,26.93,-90.82,8.19,196
2020-10-28T18:15:35Z,26.93,-90.82,8.19,196
2020-10-28T18:15:36Z,26.93,-90.8,8.19,196
2020-10-28T18:15:37Z,26.93,-90.82,8.19,196
2020-10-28T18:15:38Z,26.93,-90.8,8.19,196
2020-10-28T18:15:39Z,26.93,-90.82,8.19,196
2020-10-28T18:15:40Z,26.93,-90.82,8.19,196
2020-10-28T18:15:41Z,26.93,-90.82,8.19,196
2020-10-28T18:15:42Z,26.93,-90.8,8.19,196
2020-10-28T18:15:43Z,26.93,-90.82,8.19,196
2020-10-28T18:15:44Z,26.93,-90.82,8.19,196
2020-10-28T18:15:45Z,26.93,-90.82,8.19,196
2020-10-28T18:15:46Z,26.93,-90.82,8.19,196
2020-10-28T18:15:47Z,26.93,-90.82,8.19,196
2020-10-28T18:15:48Z,26.93,-90.82,8.19,196
2020-10-28T18:15:49Z,26.93,-90.82,8.19,196
2020-10-28T18:15:50Z,26.93,-90.82,8.19,196
2020-10-28T18:15:51Z,26.93,-90.8,8.19,196
2020-10-28T18:15:52Z,26.93,-90.8,8.19,196
2020-10-28T18:15:53Z,26.93,-90.82,8.19,196
2020-10-28T18:15:54Z,26.93,-90.8,8.19,196
2020-10-28T18:15:55Z,26.93,-90.82,8.19,196
2020-10-28T18:15:56Z,26.93,-90.82,8.19,196
2020-10-28T18:15:57Z,26.93,-90.8,8.19,196
2020-10-28T18:15:58Z,26.93,-90.82,8.19,196
2020-10-28T18:15:59Z,26.93,-90.8,8.19,196
2020-10-28T18:16:00Z,26.93,-90.82,8.19,196
2020-10-28T18:16:01Z,26.93,-90.8,8.19,196
2020-10-28T18:16:02Z,26.93,-90.82,8.19,196
2020-10-28T18:16:03Z,26.93,-90.82,8.19,196
2020-10-28T18:16:04Z,26.93,-90.82,8.19,196
2020-10-28T18:16:05Z,26.93,-90.8,8.19,196
2020-10-28T18:16:06Z,26.93,-90.8,8.19,196
2020-10-28T18:16:07Z,26.93,-90.82,8.19,196
2020-10-28T18:16:08Z,26.93,-90.82,8.19,196
2020-10-28T18:16:09Z,26.93,-90.8,8.19,196
2020-10-28T18:16:10Z,26.93,-90.8,8.19,196
2020-10-28T18:16:11Z,26.93,-90.82,8.19,196
2020-10-28T18:16:12Z,26.93,-90.82,8.19,196
2020-10-28T18:16:13Z,26.93,-90.82,8.19,196
2020-10-28T18:16:14Z,26.93,-90.82,8.19,196
2020-10-28T18:16:15Z,26.93,-90.8,8.19,196
2020-10-28T18:16:16Z,26.93,-90.8,8.19,196
2020-10-28T18:16:17Z,26.93,-90.8,8.19,196
2020-10-28T18:16:18Z,26.93,-90.8,8.19,196
2020-10-28T18:16:19Z,26.93,-90.82,8.19,196
2020-10-28T18:16:20Z,26.93,-90.82,8.19,196
2020-10-28T18:16:21Z,26.93,-90.8,8.19,196
2020-10-28T18:16:22Z,26.93,-90.8,8.19,196
2020-10-28T18:16:23Z,26.93,-90.8,8.19,196
2020-10-28T18:16:24Z,26.93,-90.8,8.19,196
2020-10-28T18:16:25Z,26.93,-90.82,8.19,196
2020-10-28T18:16:26Z,26.93,-90.82,8.19,196
2020-10-28T18:16:27Z,26.93,-90.8,8.19,196
2020-10-28T18:16:28Z,26.93,-90.82,8.19,196
2020-10-28T18:16:29Z,26.93,-90.82,8.19,196
2020-10-28T18:16:30Z,26.93,-90.82,8.19,196
2020-10-28T18:16:31Z,26.93,-90.8,8.19,196
2020-10-28T18:16:32Z,26.93,-90.8,8.19,196
2020-10-28T18:16:33Z,26.93,-90.8,8.19,196
2020-10-28T18:16:34Z,26.93,-90.82,8.19,196
2020-10-28T18:16:35Z,26.93,-90.82,8.19,196
2020-10-28T18:16:36Z,26.93,-90.8,8.19,196
2020-10-28T18:16:37Z,26.93,-90.82,8.19,196
2020-10-28T18:16:38Z,26.93,-90.82,8.19,196
2020-10-28T18:16:39Z,26.93,-90.8,8.19,196
2020-10-28T18:16:40Z,26.93,-90.8,8.19,196
2020-10-28T18:16:41Z,26.93,-90.8,8.19,196
2020-10-28T18:16:42Z,26.93,-90.8,8.19,196
2020-10-28T18:16:43Z,26.93,-90.8,8.19,196
2020-10-28T18:16:44Z,26.93,-90.8,8.19,196
2020-10-28T18:16:45Z,26.93,-90.8,8.19,196
2020-10-28T18:16:46Z,26.93,-90.8,8.19,196
2020-10-28T18:16:47Z,26.93,-90.82,8.19,196
2020-10-28T18:16:48Z,26.93,-90.8,8.19,196
2020-10-28T18:16:49Z,26.93,-90.69,8.19,196
2020-10-28T18:16:50Z,26.93,-90.77,8.19,196
2020-10-28T18:16:51Z,26.93,-90.78,8.19,196
2020-10-28T18:16:52Z,26.93,-90.78,8.19,196
2020-10-28T18:16:53Z,26.93,-90.8,8.19,196
2020-10-28T18:16:54Z,26.93,-90.8,8.19,196
2020-10-28T18:16:55Z,26.93,-90.8,8.19,196
2020-10-28T18:16:56Z,26.93,-90.8,8.19,196
2020-10-28T18:16:57Z,26.93,-90.8,8.19,196
2020-10-28T18:16:58Z,26.93,-90.82,8.19,196
2020-10-28T18:16:59Z,26.93,-90.8,8.19,196
2020-10-28T18:17:00Z,26.93,-90.8,8.19,196
2020-10-28T18:17:01Z,26.93,-90.8,8.19,196
2020-10-28T18:17:02Z,26.93,-90.8,8.19,196
2020-10-28T18:17:03Z,26.93,-90.8,8.19,196
2020-10-28T18:17:04Z,26.93,-90.8,8.19,196
2020-10-28T18:17:05Z,26.93,-90.8,8.19,196
2020-10-28T18:17:06Z,26.93,-90.82,8.19,196
2020-10-28T18:17:07Z,26.93,-90.8,8.19,196
2020-10-28T18:17:08Z,26.93,-90.8,8.19,196
2020-10-28T18:17:09Z,26.93,-90.8,8.19,196
2020-10-28T18:17:10Z,26.93,-90.8,8.19,196
2020-10-28T18:17:11Z,26.93,-90.8,8.19,196
2020-10-28T18:17:12Z,26.93,-90.82,8.19,196
2020-10-28T18:17:13Z,26.93,-90.8,8.19,196
2020-10-28T18:17:14Z,26.93,-90.8,8.19,196
2020-10-28T18:17:15Z,26.93,-90.8,8.19,196
2020-10-28T18:17:16Z,26.93,-90.8,8.19,196
2020-10-28T18:17:17Z,26.93,-90.8,8.19,196
2020-10-28T18:17:18Z,26.93,-90.8,8.19,196
2020-10-28T18:17:19Z,26.93,-90.8,8.19,196
2020-10-28T18:17:20Z,26.93,-90.8,8.19,196
2020-10-28T18:17:21Z,26.93,-90.8,8.19,196
2020-10-28T18:17:22Z,26.93,-90.8,8.19,196
2020-10-28T18:17:23Z,26.93,-90.8,8.19,196
2020-10-28T18:17:24Z,26.93,-90.8,8.19,196
2020-10-28T18:17:25Z,26.93,-90.8,8.19,196
2020-10-28T18:17:26Z,26.93,-90.8,8.19,196
2020-10-28T18:17:27Z,26.93,-90.8,8.19,196
2020-10-28T18:17:28Z,26.93,-90.8,8.19,196
2020-10-28T18:17:29Z,26.93,-90.8,8.19,196
2020-10-28T18:17:30Z,26.93,-90.8,8.19,196
2020-10-28T18:17:31Z,26.93,-90.8,8.19,196
2020-10-28T18:17:32Z,26.93,-90.8,8.19,196
2020-10-28T18:17:33Z,26.93,-90.8,8.19,196
2020-10-28T18:17:34Z,26.93,-90.8,8.19,196
2020-10-28T18:17:35Z,26.93,-90.8,8.19,196
2020-10-28T18:17:36Z,26.93,-90.8,8.19,196
2020-10-28T18:17:37Z,26.93,-90.86,8.2,196
2020-10-28T18:17:38Z,26.93,-90.83,8.19,196
2020-10-28T18:17:39Z,26.93,-90.82,8.19,196
2020-10-28T18:17:40Z,26.93,-90.82,8.19,196
2020-10-28T18:17:41Z,26.93,-90.8,8.19,196
2020-10-28T18:17:42Z,26.93,-90.82,8.19,196
2020-10-28T18:17:43Z,26.93,-90.82,8.19,196
2020-10-28T18:17:44Z,26.93,-90.82,8.19,196
2020-10-28T18:17:45Z,26.93,-90.82,8.19,196
2020-10-28T18:17:46Z,26.93,-90.82,8.19,196
2020-10-28T18:17:47Z,26.93,-90.82,8.19,196
2020-10-28T18:17:48Z,26.93,-90.8,8.19,196
2020-10-28T18:17:49Z,26.93,-90.8,8.19,196
2020-10-28T18:17:50Z,26.93,-90.82,8.19,196
2020-10-28T18:17:51Z,26.93,-90.8,8.19,196
2020-10-28T18:17:52Z,26.93,-90.8,8.19,196
2020-10-28T18:17:53Z,26.93,-90.82,8.19,196
2020-10-28T18:17:54Z,26.93,-90.8,8.19,196
2020-10-28T18:17:55Z,26.93,-90.8,8.19,196
2020-10-28T18:17:56Z,26.93,-90.8,8.19,196
2020-10-28T18:17:57Z,26.93,-90.8,8.19,196
2020-10-28T18:17:58Z,26.93,-90.8,8.19,196
2020-10-28T18:17:59Z,26.93,-90.8,8.19,196
2020-10-28T18:18:00Z,26.93,-90.8,8.19,196
2020-10-28T18:18:01Z,26.93,-90.8,8.19,196
2020-10-28T18:18:02Z,26.93,-90.8,8.19,196
2020-10-28T18:18:03Z,26.93,-90.8,8.19,196
2020-10-28T18:18:04Z,26.93,-90.8,8.19,196
2020-10-28T18:18:05Z,26.93,-90.8,8.19,196
2020-10-28T18:18:06Z,26.93,-90.82,8.19,196
2020-10-28T18:18:07Z,26.93,-90.8,8.19,196
2020-10-28T18:18:08Z,26.93,-90.8,8.19,196
2020-10-28T18:18:09Z,26.93,-90.8,8.19,196
2020-10-28T18:18:10Z,26.93,-90.8,8.19,196
2020-10-28T18:18:11Z,26.93,-90.8,8.19,196
2020-10-28T18:18:12Z,26.93,-90.8,8.19,196
2020-10-28T18:18:13Z,26.93,-90.8,8.19,196
2020-10-28T18:18:14Z,26.93,-90.8,8.19,196
2020-10-28T18:18:15Z,26.93,-90.8,8.19,196
2020-10-28T18:18:16Z,26.93,-90.8,8.19,196
2020-10-28T18:18:17Z,26.93,-90.8,8.19,196
2020-10-28T18:18:18Z,26.93,-90.8,8.19,196
2020-10-28T18:18:19Z,26.93,-90.8,8.19,196
2020-10-28T18:18:20Z,26.93,-90.82,8.19,196
2020-10-28T18:18:21Z,26.93,-90.8,8.19,196
2020-10-28T18:18:22Z,26.93,-90.8,8.19,196
2020-10-28T18:18:23Z,26.93,-90.8,8.19,196
2020-10-28T18:18:24Z,26.93,-90.82,8.19,196
2020-10-28T18:18:25Z,26.93,-90.8,8.19,196
2020-10-28T18:18:26Z,26.93,-90.8,8.19,196
2020-10-28T18:18:27Z,26.93,-90.8,8.19,196
2020-10-28T18:18:28Z,26.93,-90.8,8.19,196
2020-10-28T18:18:29Z,26.93,-90.8,8.19,196
2020-10-28T18:18:30Z,26.93,-90.8,8.19,196
2020-10-28T18:18:31Z,26.93,-90.8,8.19,196
2020-10-28T18:18:32Z,26.93,-90.8,8.19,196
2020-10-28T18:18:33Z,26.93,-90.8,8.19,196
2020-10-28T18:18:34Z,26.93,-90.8,8.19,196
2020-10-28T18:18:35Z,26.93,-90.8,8.19,196
2020-10-28T18:18:36Z,26.93,-90.8,8.19,196
2020-10-28T18:18:37Z,26.93,-90.8,8.19,196
2020-10-28T18:18:38Z,26.93,-90.8,8.19,196
2020-10-28T18:18:39Z,26.93,-90.8,8.19,196
2020-10-28T18:18:40Z,26.93,-90.8,8.19,196
2020-10-28T18:18:41Z,26.93,-90.8,8.19,196
2020-10-28T18:18:42Z,26.93,-90.8,8.19,196
2020-10-28T18:18:43Z,26.9,-90.82,8.19,196
2020-10-28T18:18:44Z,26.9,-90.8,8.19,196
2020-10-28T18:18:45Z,26.9,-90.8,8.19,196
2020-10-28T18:18:46Z,26.9,-90.8,8.19,196
2020-10-28T18:18:47Z,26.9,-90.8,8.19,196
2020-10-28T18:18:48Z,26.9,-90.8,8.19,196
2020-10-28T18:18:49Z,26.9,-90.8,8.19,196
2020-10-28T18:18:50Z,26.9,-90.8,8.19,196
2020-10-28T18:18:51Z,26.9,-90.8,8.19,196
2020-10-28T18:18:52Z,26.9,-90.8,8.19,196
2020-10-28T18:18:53Z,26.9,-90.8,8.19,196
2020-10-28T18:18:54Z,26.9,-90.8,8.19,196
2020-10-28T18:18:55Z,26.9,-90.8,8.19,196
2020-10-28T18:18:56Z,26.9,-90.8,8.19,196
2020-10-28T18:18:57Z,26.9,-90.8,8.19,196
2020-10-28T18:18:58Z,26.9,-90.8,8.19,196
2020-10-28T18:18:59Z,26.9,-90.8,8.19,196
2020-10-28T18:19:00Z,26.9,-90.8,8.19,196
2020-10-28T18:19:01Z,26.9,-90.8,8.19,196
2020-10-28T18:19:02Z,26.9,-90.8,8.19,196
2020-10-28T18:19:03Z,26.9,-90.8,8.19,196
2020-10-28T18:19:04Z,26.9,-90.8,8.19,196
2020-10-28T18:19:05Z,26.9,-90.8,8.19,196
2020-10-28T18:19:06Z,26.9,-90.8,8.19,196
2020-10-28T18:19:07Z,26.9,-90.8,8.19,196
2020-10-28T18:19:08Z,26.9,-90.8,8.19,196
2020-10-28T18:19:09Z,26.9,-90.8,8.19,196
2020-10-28T18:19:10Z,26.9,-90.8,8.19,196
2020-10-28T18:19:11Z,26.9,-90.8,8.19,196
2020-10-28T18:19:12Z,26.9,-90.8,8.19,196
2020-10-28T18:19:13Z,26.9,-90.8,8.19,196
2020-10-28T18:19:14Z,26.9,-90.8,8.19,196
2020-10-28T18:19:15Z,26.9,-90.8,8.19,196
2020-10-28T18:19:16Z,26.9,-90.8,8.19,196
2020-10-28T18:19:17Z,26.9,-90.8,8.19,196
2020-10-28T18:19:18Z,26.9,-90.8,8.19,196
2020-10-28T18:19:19Z,26.9,-90.8,8.19,196
2020-10-28T18:19:20Z,26.9,-90.8,8.19,196
2020-10-28T18:19:21Z,26.9,-90.8,8.19,196
2020-10-28T18:19:22Z,26.9,-90.8,8.19,196
2020-10-28T18:19:23Z,26.9,-90.8,8.19,196
2020-10-28T18:19:24Z,26.9,-90.82,8.19,196
2020-10-28T18:19:25Z,26.9,-90.8,8.19,196
2020-10-28T18:19:26Z,26.9,-90.8,8.19,196
2020-10-28T18:19:27Z,26.9,-90.8,8.19,196
2020-10-28T18:19:28Z,26.9,-90.8,8.19,196
2020-10-28T18:19:29Z,26.9,-90.8,8.19,196
2020-10-28T18:19:30Z,26.9,-90.8,8.19,196
2020-10-28T18:19:31Z,26.9,-90.8,8.19,196
2020-10-28T18:19:32Z,26.9,-90.8,8.19,196
2020-10-28T18:19:33Z,26.9,-90.8,8.19,196
2020-10-28T18:19:34Z,26.9,-90.8,8.19,196
2020-10-28T18:19:35Z,26.9,-90.8,8.19,196
2020-10-28T18:19:36Z,26.9,-90.8,8.19,196
2020-10-28T18:19:37Z,26.9,-90.8,8.19,196
2020-10-28T18:19:38Z,26.9,-90.8,8.19,196
2020-10-28T18:19:39Z,26.9,-90.8,8.19,196
2020-10-28T18:19:40Z,26.9,-90.8,8.19,196
2020-10-28T18:19:41Z,26.9,-90.8,8.19,196
2020-10-28T18:19:42Z,26.9,-90.8,8.19,196
2020-10-28T18:19:43Z,26.9,-90.8,8.19,196
2020-10-28T18:19:44Z,26.9,-90.8,8.19,196
2020-10-28T18:19:45Z,26.9,-90.8,8.19,196
2020-10-28T18:19:46Z,26.9,-90.8,8.19,196
2020-10-28T18:19:47Z,26.9,-90.8,8.19,196
2020-10-28T18:19:48Z,26.9,-90.8,8.19,196
2020-10-28T18:19:49Z,26.9,-90.8,8.19,196
2020-10-28T18:19:50Z,26.9,-90.8,8.19,196
2020-10-28T18:19:51Z,26.9,-90.8,8.19,196
2020-10-28T18:19:52Z,26.9,-90.8,8.19,196
2020-10-28T18:19:53Z,26.9,-90.8,8.19,196
2020-10-28T18:19:54Z,26.9,-90.8,8.19,196
2020-10-28T18:19:55Z,26.9,-90.8,8.19,196
2020-10-28T18:19:56Z,26.9,-90.8,8.19,196
2020-10-28T18:19:57Z,26.9,-90.8,8.19,196
2020-10-28T18:19:58Z,26.9,-90.8,8.19,196
2020-10-28T18:19:59Z,26.9,-90.8,8.19,196
2020-10-28T18:20:00Z,26.9,-90.8,8.19,196
2020-10-28T18:20:01Z,26.9,-90.8,8.19,196
2020-10-28T18:20:02Z,26.9,-90.8,8.19,196
2020-10-28T18:20:03Z,26.9,-90.8,8.19,196
2020-10-28T18:20:04Z,26.9,-90.8,8.19,196
2020-10-28T18:20:05Z,26.9,-90.8,8.19,196
2020-10-28T18:20:06Z,26.9,-90.8,8.19,196
2020-10-28T18:20:07Z,26.9,-90.8,8.19,196
2020-10-28T18:20:08Z,26.9,-90.8,8.19,196
2020-10-28T18:20:09Z,26.9,-90.8,8.19,196
2020-10-28T18:20:10Z,26.9,-90.8,8.19,196
2020-10-28T18:20:11Z,26.9,-90.8,8.19,196
2020-10-28T18:20:12Z,26.9,-90.8,8.19,196
2020-10-28T18:20:13Z,26.9,-90.8,8.19,196
2020-10-28T18:20:14Z,26.9,-90.8,8.19,196
2020-10-28T18:20:15Z,26.9,-90.8,8.19,196
2020-10-28T18:20:16Z,26.9,-90.8,8.19,196
2020-10-28T18:20:17Z,26.9,-90.8,8.19,196
2020-10-28T18:20:18Z,26.9,-90.8,8.19,196
2020-10-28T18:20:19Z,26.9,-90.8,8.19,196
2020-10-28T18:20:20Z,26.9,-90.8,8.19,196
2020-10-28T18:20:21Z,26.9,-90.8,8.19,196
2020-10-28T18:20:22Z,26.9,-90.8,8.19,196
2020-10-28T18:20:23Z,26.9,-90.8,8.19,196
2020-10-28T18:20:24Z,26.9,-90.8,8.19,196
2020-10-28T18:20:25Z,26.9,-90.8,8.19,196
2020-10-28T18:20:26Z,26.9,-90.8,8.19,196
2020-10-28T18:20:27Z,26.9,-90.8,8.19,196
2020-10-28T18:20:28Z,26.9,-90.8,8.19,196
2020-10-28T18:20:29Z,26.9,-90.8,8.19,196
2020-10-28T18:20:30Z,26.9,-90.8,8.19,196
2020-10-28T18:20:31Z,26.9,-90.8,8.19,196
2020-10-28T18:20:32Z,26.9,-90.8,8.19,196
2020-10-28T18:20:33Z,26.9,-90.8,8.19,196
2020-10-28T18:20:34Z,26.9,-90.8,8.19,196
2020-10-28T18:20:35Z,26.9,-90.8,8.19,196
2020-10-28T18:20:36Z,26.9,-90.8,8.19,196
2020-10-28T18:20:37Z,26.9,-90.8,8.19,196
2020-10-28T18:20:38Z,26.9,-90.8,8.19,196
2020-10-28T18:20:39Z,26.9,-90.8,8.19,196
2020-10-28T18:20:40Z,26.9,-90.8,8.19,196
2020-10-28T18:20:41Z,26.9,-90.8,8.19,196
2020-10-28T18:20:42Z,26.9,-90.8,8.19,196
2020-10-28T18:20:43Z,26.9,-90.8,8.19,196
2020-10-28T18:20:44Z,26.9,-90.8,8.19,196
2020-10-28T18:20:45Z,26.9,-90.8,8.19,196
2020-10-28T18:20:46Z,26.9,-90.8,8.19,196
2020-10-28T18:20:47Z,26.9,-90.8,8.19,196
2020-10-28T18:20:48Z,26.9,-90.8,8.19,196
2020-10-28T18:20:49Z,26.9,-90.8,8.19,196
2020-10-28T18:20:50Z,26.9,-90.8,8.19,196
2020-10-28T18:20:51Z,26.9,-90.8,8.19,196
2020-10-28T18:20:52Z,26.9,-90.8,8.19,196
2020-10-28T18:20:53Z,26.9,-90.8,8.19,196
2020-10-28T18:20:54Z,26.9,-90.8,8.19,196
2020-10-28T18:20:55Z,26.9,-90.8,8.19,196
2020-10-28T18:20:56Z,26.9,-90.8,8.19,196
2020-10-28T18:20:57Z,26.9,-90.8,8.19,196
2020-10-28T18:20:58Z,26.9,-90.8,8.19,196
2020-10-28T18:20:59Z,26.9,-90.8,8.19,196
2020-10-28T18:21:00Z,26.9,-90.8,8.19,196
2020-10-28T18:21:01Z,26.9,-90.8,8.19,196
2020-10-28T18:21:02Z,26.9,-90.8,8.19,196
2020-10-28T18:21:03Z,26.9,-90.8,8.19,196
2020-10-28T18:21:04Z,26.9,-90.8,8.19,196
2020-10-28T18:21:05Z,26.9,-90.8,8.19,196
2020-10-28T18:21:06Z,26.9,-90.82,8.19,196
2020-10-28T18:21:07Z,26.9,-90.8,8.19,196
2020-10-28T18:21:08Z,26.9,-90.8,8.19,196
2020-10-28T18:21:09Z,26.9,-90.8,8.19,196
2020-10-28T18:21:10Z,26.9,-90.8,8.19,196
2020-10-28T18:21:11Z,26.9,-90.8,8.19,196
2020-10-28T18:21:12Z,26.9,-90.8,8.19,196
2020-10-28T18:21:13Z,26.9,-90.8,8.19,196
2020-10-28T18:21:14Z,26.88,-90.8,8.19,196
2020-10-28T18:21:15Z,26.88,-90.8,8.19,196
2020-10-28T18:21:16Z,26.88,-90.8,8.19,196
2020-10-28T18:21:17Z,26.88,-90.8,8.19,196
2020-10-28T18:21:18Z,26.88,-90.8,8.19,196
2020-10-28T18:21:19Z,26.88,-90.8,8.19,196
2020-10-28T18:21:20Z,26.88,-90.8,8.19,196
2020-10-28T18:21:21Z,26.88,-90.8,8.19,196
2020-10-28T18:21:22Z,26.88,-90.8,8.19,196
2020-10-28T18:21:23Z,26.88,-90.8,8.19,196
2020-10-28T18:21:24Z,26.88,-90.8,8.19,196
2020-10-28T18:21:25Z,26.88,-90.8,8.19,196
2020-10-28T18:21:26Z,26.88,-90.8,8.19,196
2020-10-28T18:21:27Z,26.88,-90.8,8.19,196
2020-10-28T18:21:28Z,26.88,-90.8,8.19,196
2020-10-28T18:21:29Z,26.88,-90.8,8.19,196
2020-10-28T18:21:30Z,26.88,-90.8,8.19,196
2020-10-28T18:21:31Z,26.88,-90.8,8.19,196
2020-10-28T18:21:32Z,26.88,-90.8,8.19,196
2020-10-28T18:21:33Z,26.88,-90.8,8.19,196
2020-10-28T18:21:34Z,26.88,-90.8,8.19,196
2020-10-28T18:21:35Z,26.88,-90.8,8.19,196
2020-10-28T18:21:36Z,26.88,-90.8,8.19,196
2020-10-28T18:21:37Z,26.88,-90.8,8.19,196
2020-10-28T18:21:38Z,26.88,-90.8,8.19,196
2020-10-28T18:21:39Z,26.88,-90.8,8.19,196
2020-10-28T18:21:40Z,26.88,-90.8,8.19,196
2020-10-28T18:21:41Z,26.88,-90.8,8.19,196
2020-10-28T18:21:42Z,26.88,-90.8,8.19,196
2020-10-28T18:21:43Z,26.88,-90.8,8.19,196
2020-10-28T18:21:44Z,26.88,-90.8,8.19,196
2020-10-28T18:21:45Z,26.88,-90.8,8.19,196
2020-10-28T18:21:46Z,26.88,-90.8,8.19,196
2020-10-28T18:21:47Z,26.88,-90.8,8.19,196
2020-10-28T18:21:48Z,26.88,-90.8,8.19,196
2020-10-28T18:21:49Z,26.88,-90.8,8.19,196
2020-10-28T18:21:50Z,26.88,-90.8,8.19,196
2020-10-28T18:21:51Z,26.88,-90.8,8.19,196
2020-10-28T18:21:52Z,26.88,-90.8,8.19,196
2020-10-28T18:21:53Z,26.88,-90.8,8.19,196
2020-10-28T18:21:54Z,26.88,-90.8,8.19,196
2020-10-28T18:21:55Z,26.88,-90.8,8.19,196
2020-10-28T18:21:56Z,26.88,-90.8,8.19,196
2020-10-28T18:21:57Z,26.88,-90.8,8.19,196
2020-10-28T18:21:58Z,26.88,-90.8,8.19,196
2020-10-28T18:21:59Z,26.88,-90.8,8.19,196
2020-10-28T18:22:00Z,26.88,-90.8,8.19,196
2020-10-28T18:22:01Z,26.88,-90.8,8.19,196
2020-10-28T18:22:02Z,26.88,-90.8,8.19,196
2020-10-28T18:22:03Z,26.88,-90.8,8.19,196
2020-10-28T18:22:04Z,26.88,-90.8,8.19,196
2020-10-28T18:22:05Z,26.88,-90.8,8.19,196
2020-10-28T18:22:06Z,26.88,-90.8,8.19,196
2020-10-28T18:22:07Z,26.88,-90.8,8.19,196
2020-10-28T18:22:08Z,26.88,-90.8,8.19,196
2020-10-28T18:22:09Z,26.88,-90.8,8.19,196
2020-10-28T18:22:10Z,26.88,-90.8,8.19,196
2020-10-28T18:22:11Z,26.88,-90.8,8.19,196
2020-10-28T18:22:12Z,26.88,-90.8,8.19,196
2020-10-28T18:22:13Z,26.88,-90.8,8.19,196
2020-10-28T18:22:14Z,26.88,-90.8,8.19,196
2020-10-28T18:22:15Z,26.88,-90.8,8.19,196
2020-10-28T18:22:16Z,26.88,-90.8,8.19,196
2020-10-28T18:22:17Z,26.88,-90.8,8.19,196
2020-10-28T18:22:18Z,26.88,-90.8,8.19,196
2020-10-28T18:22:19Z,26.88,-90.8,8.19,196
2020-10-28T18:22:20Z,26.88,-90.8,8.19,196
2020-10-28T18:22:21Z,26.88,-90.8,8.19,196
2020-10-28T18:22:22Z,26.88,-90.8,8.19,196
2020-10-28T18:22:23Z,26.88,-90.8,8.19,196
2020-10-28T18:22:24Z,26.88,-90.8,8.19,196
2020-10-28T18:22:25Z,26.88,-90.8,8.19,196
2020-10-28T18:22:26Z,26.88,-90.8,8.19,196
2020-10-28T18:22:27Z,26.88,-90.8,8.19,196
2020-10-28T18:22:28Z,26.88,-90.82,8.19,196
2020-10-28T18:22:29Z,26.88,-90.8,8.19,196
2020-10-28T18:22:30Z,26.88,-90.8,8.19,196
2020-10-28T18:22:31Z,26.88,-90.8,8.19,196
2020-10-28T18:22:32Z,26.88,-90.8,8.19,196
2020-10-28T18:22:33Z,26.88,-90.8,8.19,196
2020-10-28T18:22:34Z,26.88,-90.8,8.19,196
2020-10-28T18:22:35Z,26.88,-90.8,8.19,196
2020-10-28T18:22:36Z,26.88,-90.66,8.19,196
2020-10-28T18:22:37Z,26.88,-90.75,8.19,196
2020-10-28T18:22:38Z,26.88,-90.77,8.19,196
2020-10-28T18:22:39Z,26.88,-90.78,8.19,196
2020-10-28T18:22:40Z,26.88,-90.8,8.19,196
2020-10-28T18:22:41Z,26.88,-90.78,8.19,196
2020-10-28T18:22:42Z,26.88,-90.8,8.19,196
2020-10-28T18:22:43Z,26.88,-90.8,8.19,196
2020-10-28T18:22:44Z,26.88,-90.8,8.19,196
2020-10-28T18:22:45Z,26.88,-90.8,8.19,196
2020-10-28T18:22:46Z,26.88,-90.8,8.19,196
2020-10-28T18:22:47Z,26.88,-90.8,8.19,196
2020-10-28T18:22:48Z,26.88,-90.8,8.19,196
2020-10-28T18:22:49Z,26.88,-90.8,8.19,196
2020-10-28T18:22:50Z,26.88,-90.8,8.19,196
2020-10-28T18:22:51Z,26.88,-90.8,8.19,196
2020-10-28T18:22:52Z,26.88,-90.8,8.19,196
2020-10-28T18:22:53Z,26.88,-90.8,8.19,196
2020-10-28T18:22:54Z,26.88,-90.8,8.19,196
2020-10-28T18:22:55Z,26.88,-90.8,8.19,196
2020-10-28T18:22:56Z,26.88,-90.8,8.19,196
2020-10-28T18:22:57Z,26.88,-90.8,8.19,196
2020-10-28T18:22:58Z,26.88,-90.8,8.19,196
2020-10-28T18:22:59Z,26.88,-90.8,8.19,196
2020-10-28T18:23:00Z,26.88,-90.8,8.19,196
2020-10-28T18:23:01Z,26.88,-90.8,8.19,196
2020-10-28T18:23:02Z,26.88,-90.8,8.19,196
2020-10-28T18:23:03Z,26.88,-90.8,8.19,196
2020-10-28T18:23:04Z,26.88,-90.8,8.19,196
2020-10-28T18:23:05Z,26.88,-90.8,8.19,196
2020-10-28T18:23:06Z,26.88,-90.8,8.19,196
2020-10-28T18:23:07Z,26.88,-90.8,8.19,196
2020-10-28T18:23:08Z,26.88,-90.8,8.19,196
2020-10-28T18:23:09Z,26.88,-90.8,8.19,196
2020-10-28T18:23:10Z,26.88,-90.8,8.19,196
2020-10-28T18:23:11Z,26.85,-90.8,8.19,196
2020-10-28T18:23:12Z,26.88,-90.8,8.19,196
2020-10-28T18:23:13Z,26.85,-90.82,8.19,196
2020-10-28T18:23:14Z,26.85,-90.8,8.19,196
2020-10-28T18:23:15Z,26.85,-90.8,8.19,196
2020-10-28T18:23:16Z,26.85,-90.8,8.19,196
2020-10-28T18:23:17Z,26.85,-90.8,8.19,196
2020-10-28T18:23:18Z,26.85,-90.8,8.19,196
2020-10-28T18:23:19Z,26.85,-90.8,8.19,196
2020-10-28T18:23:20Z,26.85,-90.88,8.2,196
2020-10-28T18:23:21Z,26.85,-90.83,8.19,196
2020-10-28T18:23:22Z,26.85,-90.82,8.19,196
2020-10-28T18:23:23Z,26.85,-90.82,8.19,196
2020-10-28T18:23:24Z,26.85,-90.82,8.19,196
2020-10-28T18:23:25Z,26.85,-90.78,8.19,196
2020-10-28T18:23:26Z,26.85,-90.8,8.19,196
2020-10-28T18:23:27Z,26.85,-90.8,8.19,196
2020-10-28T18:23:28Z,26.85,-90.82,8.19,196
2020-10-28T18:23:29Z,26.85,-90.8,8.19,196
2020-10-28T18:23:30Z,26.85,-90.8,8.19,196
2020-10-28T18:23:31Z,26.85,-90.8,8.19,196
2020-10-28T18:23:32Z,26.85,-90.82,8.19,196
2020-10-28T18:23:33Z,26.85,-90.8,8.19,196
2020-10-28T18:23:34Z,26.85,-90.8,8.19,196
2020-10-28T18:23:35Z,26.85,-90.82,8.19,196
2020-10-28T18:23:36Z,26.85,-90.8,8.19,196
2020-10-28T18:23:37Z,26.85,-90.8,8.19,196
2020-10-28T18:23:38Z,26.85,-90.8,8.19,196
2020-10-28T18:23:39Z,26.85,-90.82,8.19,196
2020-10-28T18:23:40Z,26.85,-90.82,8.19,196
2020-10-28T18:23:41Z,26.85,-90.8,8.19,196
2020-10-28T18:23:42Z,26.85,-90.82,8.19,196
2020-10-28T18:23:43Z,26.85,-90.8,8.19,196
2020-10-28T18:23:44Z,26.85,-90.8,8.19,196
2020-10-28T18:23:45Z,26.85,-90.8,8.19,196
2020-10-28T18:23:46Z,26.85,-90.82,8.19,196
2020-10-28T18:23:47Z,26.85,-90.82,8.19,196
2020-10-28T18:23:48Z,26.85,-90.8,8.19,196
2020-10-28T18:23:49Z,26.85,-90.8,8.19,196
2020-10-28T18:23:50Z,26.85,-90.8,8.19,196
2020-10-28T18:23:51Z,26.85,-90.82,8.19,196
2020-10-28T18:23:52Z,26.85,-90.82,8.19,196
2020-10-28T18:23:53Z,26.85,-90.8,8.19,196
2020-10-28T18:23:54Z,26.85,-90.8,8.19,196
2020-10-28T18:23:55Z,26.85,-90.8,8.19,196
2020-10-28T18:23:56Z,26.85,-90.82,8.19,196
2020-10-28T18:23:57Z,26.85,-90.82,8.19,196
2020-10-28T18:23:58Z,26.85,-90.82,8.19,196
2020-10-28T18:23:59Z,26.85,-90.8,8.19,196
2020-10-28T18:24:00Z,26.85,-90.8,8.19,196
2020-10-28T18:24:01Z,26.85,-90.8,8.19,196
2020-10-28T18:24:02Z,26.85,-90.8,8.19,196
2020-10-28T18:24:03Z,26.85,-90.82,8.19,196
2020-10-28T18:24:04Z,26.85,-90.82,8.19,196
2020-10-28T18:24:05Z,26.85,-90.82,8.19,196
2020-10-28T18:24:06Z,26.85,-90.82,8.19,196
2020-10-28T18:24:07Z,26.85,-90.82,8.19,196
2020-10-28T18:24:08Z,26.85,-90.78,8.19,196
2020-10-28T18:24:09Z,26.85,-90.82,8.19,196
2020-10-28T18:24:10Z,26.85,-90.89,8.2,196
2020-10-28T18:24:11Z,26.85,-90.78,8.19,196
2020-10-28T18:24:12Z,26.85,-90.82,8.19,196
2020-10-28T18:24:13Z,26.85,-90.82,8.19,196
2020-10-28T18:24:14Z,26.85,-90.78,8.19,196
2020-10-28T18:24:15Z,26.85,-90.85,8.2,196
2020-10-28T18:24:16Z,26.85,-90.83,8.19,196
2020-10-28T18:24:17Z,26.85,-90.8,8.19,196
2020-10-28T18:24:18Z,26.85,-90.85,8.2,196
2020-10-28T18:24:19Z,26.85,-90.82,8.19,196
2020-10-28T18:24:20Z,26.85,-90.82,8.19,196
2020-10-28T18:24:21Z,26.85,-90.8,8.19,196
2020-10-28T18:24:22Z,26.85,-90.78,8.19,196
2020-10-28T18:24:23Z,26.85,-90.8,8.19,196
2020-10-28T18:24:24Z,26.85,-90.78,8.19,196
2020-10-28T18:24:25Z,26.85,-90.82,8.19,196
2020-10-28T18:24:26Z,26.85,-90.78,8.19,196
2020-10-28T18:24:27Z,26.85,-90.82,8.19,196
2020-10-28T18:24:28Z,26.85,-90.8,8.19,196
2020-10-28T18:24:29Z,26.85,-90.82,8.19,196
2020-10-28T18:24:30Z,26.85,-90.8,8.19,196
2020-10-28T18:24:31Z,26.85,-90.8,8.19,196
2020-10-28T18:24:32Z,26.85,-90.82,8.19,196
2020-10-28T18:24:33Z,26.85,-90.8,8.19,196
2020-10-28T18:24:34Z,26.85,-90.82,8.19,196
2020-10-28T18:24:35Z,26.85,-90.8,8.19,196
2020-10-28T18:24:36Z,26.85,-90.8,8.19,196
2020-10-28T18:24:37Z,26.85,-90.82,8.19,196
2020-10-28T18:24:38Z,26.85,-90.82,8.19,196
2020-10-28T18:24:39Z,26.85,-90.82,8.19,196
2020-10-28T18:24:40Z,26.85,-90.82,8.19,196
2020-10-28T18:24:41Z,26.85,-90.82,8.19,196
2020-10-28T18:24:42Z,26.85,-90.82,8.19,196
2020-10-28T18:24:43Z,26.85,-90.82,8.19,196
2020-10-28T18:24:44Z,26.85,-90.82,8.19,196
2020-10-28T18:24:45Z,26.85,-90.82,8.19,196
2020-10-28T18:24:46Z,26.85,-90.82,8.19,196
2020-10-28T18:24:47Z,26.85,-90.82,8.19,196
2020-10-28T18:24:48Z,26.85,-90.82,8.19,196
2020-10-28T18:24:49Z,26.85,-90.78,8.19,196
2020-10-28T18:24:50Z,26.85,-90.8,8.19,196
2020-10-28T18:24:51Z,26.85,-90.8,8.19,196
2020-10-28T18:24:52Z,26.85,-90.8,8.19,196
2020-10-28T18:24:53Z,26.85,-90.82,8.19,196
2020-10-28T18:24:54Z,26.85,-90.8,8.19,196
2020-10-28T18:24:55Z,26.85,-90.82,8.19,196
2020-10-28T18:24:56Z,26.85,-90.82,8.19,196
2020-10-28T18:24:57Z,26.85,-90.82,8.19,196
2020-10-28T18:24:58Z,26.85,-90.82,8.19,196
2020-10-28T18:24:59Z,26.85,-90.8,8.19,196
2020-10-28T18:25:00Z,26.85,-90.82,8.19,196
2020-10-28T18:25:01Z,26.85,-90.82,8.19,196
2020-10-28T18:25:02Z,26.85,-90.82,8.19,196
2020-10-28T18:25:03Z,26.85,-90.82,8.19,196
2020-10-28T18:25:04Z,26.85,-90.82,8.19,196
2020-10-28T18:25:05Z,26.85,-90.77,8.19,196
2020-10-28T18:25:06Z,26.85,-90.8,8.19,196
2020-10-28T18:25:07Z,26.85,-90.82,8.19,196
2020-10-28T18:25:08Z,26.85,-90.82,8.19,196
2020-10-28T18:25:09Z,26.85,-90.82,8.19,196
2020-10-28T18:25:10Z,26.85,-90.82,8.19,196
2020-10-28T18:25:11Z,26.85,-90.82,8.19,196
2020-10-28T18:25:12Z,26.85,-90.82,8.19,196
2020-10-28T18:25:13Z,26.85,-90.82,8.19,196
2020-10-28T18:25:14Z,26.85,-90.82,8.19,196
2020-10-28T18:25:15Z,26.85,-90.71,8.19,196
2020-10-28T18:25:16Z,26.85,-90.77,8.19,196
2020-10-28T18:25:17Z,26.85,-90.8,8.19,196
2020-10-28T18:25:18Z,26.85,-90.8,8.19,196
2020-10-28T18:25:19Z,26.85,-90.8,8.19,196
2020-10-28T18:25:20Z,26.85,-90.82,8.19,196
2020-10-28T18:25:21Z,26.85,-90.82,8.19,196
2020-10-28T18:25:22Z,26.85,-90.82,8.19,196
2020-10-28T18:25:23Z,26.85,-90.82,8.19,196
2020-10-28T18:25:24Z,26.85,-90.82,8.19,196
2020-10-28T18:25:25Z,26.85,-90.82,8.19,196
2020-10-28T18:25:26Z,26.83,-90.82,8.19,196
2020-10-28T18:25:27Z,26.83,-90.82,8.19,196
2020-10-28T18:25:28Z,26.83,-90.82,8.19,196
2020-10-28T18:25:29Z,26.83,-90.82,8.19,196
2020-10-28T18:25:30Z,26.83,-90.82,8.19,196
2020-10-28T18:25:31Z,26.83,-90.82,8.19,196
2020-10-28T18:25:32Z,26.83,-90.82,8.19,196
2020-10-28T18:25:33Z,26.83,-90.82,8.19,196
2020-10-28T18:25:34Z,26.83,-90.82,8.19,196
2020-10-28T18:25:35Z,26.83,-90.82,8.19,196
2020-10-28T18:25:36Z,26.83,-91.35,8.2,196
2020-10-28T18:25:37Z,26.83,-90.97,8.2,196
2020-10-28T18:25:38Z,26.83,-90.89,8.2,196
2020-10-28T18:25:39Z,26.83,-90.86,8.2,196
2020-10-28T18:25:40Z,26.83,-90.85,8.2,196
2020-10-28T18:25:41Z,26.83,-90.83,8.2,196
2020-10-28T18:25:42Z,26.83,-90.83,8.2,196
2020-10-28T18:25:43Z,26.83,-90.83,8.2,196
2020-10-28T18:25:44Z,26.83,-90.82,8.19,196
2020-10-28T18:25:45Z,26.83,-90.83,8.2,196
2020-10-28T18:25:46Z,26.83,-90.82,8.19,196
2020-10-28T18:25:47Z,26.83,-90.82,8.19,196
2020-10-28T18:25:48Z,26.83,-90.83,8.2,196
2020-10-28T18:25:49Z,26.83,-90.82,8.19,196
2020-10-28T18:25:50Z,26.83,-90.82,8.19,196
2020-10-28T18:25:51Z,26.83,-90.82,8.19,196
2020-10-28T18:25:52Z,26.83,-90.82,8.19,196
2020-10-28T18:25:53Z,26.83,-90.82,8.19,196
2020-10-28T18:25:54Z,26.83,-90.82,8.19,196
2020-10-28T18:25:55Z,26.83,-90.83,8.2,196
2020-10-28T18:25:56Z,26.83,-90.82,8.19,196
2020-10-28T18:25:57Z,26.83,-90.82,8.19,196
2020-10-28T18:25:58Z,26.83,-90.82,8.19,196
2020-10-28T18:25:59Z,26.83,-90.83,8.2,196
2020-10-28T18:26:00Z,26.83,-90.82,8.19,196
2020-10-28T18:26:01Z,26.83,-90.82,8.19,196
2020-10-28T18:26:02Z,26.83,-90.83,8.2,196
2020-10-28T18:26:03Z,26.83,-90.83,8.2,196
2020-10-28T18:26:04Z,26.83,-90.83,8.2,196
2020-10-28T18:26:05Z,26.83,-90.8,8.19,196
2020-10-28T18:26:06Z,26.83,-90.97,8.2,196
2020-10-28T18:26:07Z,26.83,-90.78,8.19,196
2020-10-28T18:26:08Z,26.83,-90.8,8.19,196
2020-10-28T18:26:09Z,26.83,-90.85,8.2,196
2020-10-28T18:26:10Z,26.83,-90.83,8.2,196
2020-10-28T18:26:11Z,26.83,-90.83,8.2,196
2020-10-28T18:26:12Z,26.83,-90.83,8.2,196
2020-10-28T18:26:13Z,26.83,-90.83,8.2,196
2020-10-28T18:26:14Z,26.83,-90.83,8.2,196
2020-10-28T18:26:15Z,26.83,-90.92,8.2,196
2020-10-28T18:26:16Z,26.83,-90.69,8.19,196
2020-10-28T18:26:17Z,26.83,-90.8,8.19,196
2020-10-28T18:26:18Z,26.83,-90.82,8.19,196
2020-10-28T18:26:19Z,26.83,-90.82,8.19,196
2020-10-28T18:26:20Z,26.83,-90.82,8.19,196
2020-10-28T18:26:21Z,26.83,-90.83,8.2,196
2020-10-28T18:26:22Z,26.83,-90.82,8.19,196
2020-10-28T18:26:23Z,26.83,-90.89,8.2,196
2020-10-28T18:26:24Z,26.83,-90.66,8.19,196
2020-10-28T18:26:25Z,26.83,-90.8,8.19,196
2020-10-28T18:26:26Z,26.83,-90.82,8.19,196
2020-10-28T18:26:27Z,26.83,-90.82,8.19,196
2020-10-28T18:26:28Z,26.83,-90.82,8.19,196
2020-10-28T18:26:29Z,26.83,-90.88,8.2,196
2020-10-28T18:26:30Z,26.83,-90.44,8.19,196
2020-10-28T18:26:31Z,26.83,-90.82,8.19,196
2020-10-28T18:26:32Z,26.83,-90.82,8.19,196
2020-10-28T18:26:33Z,26.83,-90.82,8.19,196
2020-10-28T18:26:34Z,26.83,-90.82,8.19,196
2020-10-28T18:26:35Z,26.83,-90.82,8.19,196
2020-10-28T18:26:36Z,26.83,-90.82,8.19,196
2020-10-28T18:26:37Z,26.83,-90.83,8.2,196
2020-10-28T18:26:38Z,26.83,-90.83,8.2,196
2020-10-28T18:26:39Z,26.83,-90.83,8.2,196
2020-10-28T18:26:40Z,26.83,-90.83,8.2,196
2020-10-28T18:26:41Z,26.83,-90.83,8.2,196
2020-10-28T18:26:42Z,26.83,-90.83,8.2,196
2020-10-28T18:26:43Z,26.83,-90.83,8.2,196
2020-10-28T18:26:44Z,26.83,-90.83,8.2,196
2020-10-28T18:26:45Z,26.83,-90.83,8.2,196
2020-10-28T18:26:46Z,26.83,-90.83,8.2,196
2020-10-28T18:26:47Z,26.83,-90.83,8.2,196
2020-10-28T18:26:48Z,26.83,-90.83,8.2,196
2020-10-28T18:26:49Z,26.83,-90.83,8.2,196
2020-10-28T18:26:50Z,26.83,-90.83,8.2,196
2020-10-28T18:26:51Z,26.81,-90.83,8.2,196
2020-10-28T18:26:52Z,26.81,-90.83,8.2,196
2020-10-28T18:26:53Z,26.81,-90.83,8.2,196
2020-10-28T18:26:54Z,26.81,-90.83,8.2,196
2020-10-28T18:26:55Z,26.81,-90.83,8.2,196
2020-10-28T18:26:56Z,26.81,-90.83,8.2,196
2020-10-28T18:26:57Z,26.81,-90.83,8.2,196
2020-10-28T18:26:58Z,26.81,-90.83,8.2,196
2020-10-28T18:26:59Z,26.81,-90.83,8.2,196
2020-10-28T18:27:00Z,26.81,-90.83,8.2,196
2020-10-28T18:27:01Z,26.81,-90.83,8.2,196
2020-10-28T18:27:02Z,26.81,-90.83,8.2,196
2020-10-28T18:27:03Z,26.81,-90.83,8.2,196
2020-10-28T18:27:04Z,26.81,-90.83,8.2,196
2020-10-28T18:27:05Z,26.81,-90.83,8.2,196
2020-10-28T18:27:06Z,26.81,-90.83,8.2,196
2020-10-28T18:27:07Z,26.81,-90.83,8.2,196
2020-10-28T18:27:08Z,26.81,-90.83,8.2,196
2020-10-28T18:27:09Z,26.81,-90.83,8.2,196
2020-10-28T18:27:10Z,26.81,-90.83,8.2,196
2020-10-28T18:27:11Z,26.81,-90.83,8.2,196
2020-10-28T18:27:12Z,26.81,-90.83,8.2,196
2020-10-28T18:27:13Z,26.81,-90.83,8.2,196
2020-10-28T18:27:14Z,26.81,-90.83,8.2,196
2020-10-28T18:27:15Z,26.81,-90.85,8.2,196
2020-10-28T18:27:16Z,26.81,-90.83,8.2,196
2020-10-28T18:27:17Z,26.81,-90.83,8.2,196
2020-10-28T18:27:18Z,26.81,-90.83,8.2,196
2020-10-28T18:27:19Z,26.81,-90.83,8.2,196
2020-10-28T18:27:20Z,26.81,-90.83,8.2,196
2020-10-28T18:27:21Z,26.81,-90.83,8.2,196
2020-10-28T18:27:22Z,26.81,-90.83,8.2,196
2020-10-28T18:27:23Z,26.81,-90.83,8.2,196
2020-10-28T18:27:24Z,26.81,-90.83,8.2,196
2020-10-28T18:27:25Z,26.81,-90.83,8.2,196
2020-10-28T18:27:26Z,26.81,-90.83,8.2,196
2020-10-28T18:27:27Z,26.81,-90.83,8.2,196
2020-10-28T18:27:28Z,26.81,-90.83,8.2,196
2020-10-28T18:27:29Z,26.81,-90.83,8.2,196
2020-10-28T18:27:30Z,26.81,-90.83,8.2,196
2020-10-28T18:27:31Z,26.81,-90.83,8.2,196
2020-10-28T18:27:32Z,26.81,-90.83,8.2,196
2020-10-28T18:27:33Z,26.81,-90.83,8.2,196
2020-10-28T18:27:34Z,26.81,-90.83,8.2,196
2020-10-28T18:27:35Z,26.81,-90.83,8.2,196
2020-10-28T18:27:36Z,26.81,-90.83,8.2,196
2020-10-28T18:27:37Z,26.81,-90.83,8.2,196
2020-10-28T18:27:38Z,26.81,-90.83,8.2,196
2020-10-28T18:27:39Z,26.81,-90.83,8.2,196
2020-10-28T18:27:40Z,26.81,-90.83,8.2,196
2020-10-28T18:27:41Z,26.81,-90.83,8.2,196
2020-10-28T18:27:42Z,26.81,-90.83,8.2,196
2020-10-28T18:27:43Z,26.81,-90.83,8.2,196
2020-10-28T18:27:44Z,26.81,-90.83,8.2,196
2020-10-28T18:27:45Z,26.81,-90.83,8.2,196
2020-10-28T18:27:46Z,26.81,-90.83,8.2,196
2020-10-28T18:27:47Z,26.81,-90.83,8.2,196
2020-10-28T18:27:48Z,26.81,-90.83,8.2,196
2020-10-28T18:27:49Z,26.81,-90.83,8.2,196
2020-10-28T18:27:50Z,26.81,-90.83,8.2,196
2020-10-28T18:27:51Z,26.81,-90.85,8.2,196
2020-10-28T18:27:52Z,26.81,-90.83,8.2,196
2020-10-28T18:27:53Z,26.81,-90.83,8.2,196
2020-10-28T18:27:54Z,26.81,-90.83,8.2,196
2020-10-28T18:27:55Z,26.81,-90.83,8.2,196
2020-10-28T18:27:56Z,26.81,-90.83,8.2,196
2020-10-28T18:27:57Z,26.78,-90.83,8.2,196
2020-10-28T18:27:58Z,26.78,-90.85,8.2,196
2020-10-28T18:27:59Z,26.78,-90.83,8.2,196
2020-10-28T18:28:00Z,26.78,-90.83,8.2,196
2020-10-28T18:28:01Z,26.78,-90.83,8.2,196
2020-10-28T18:28:02Z,26.78,-90.83,8.2,196
2020-10-28T18:28:03Z,26.78,-90.83,8.2,196
2020-10-28T18:28:04Z,26.78,-90.83,8.2,196
2020-10-28T18:28:05Z,26.78,-90.83,8.2,196
2020-10-28T18:28:06Z,26.78,-90.85,8.2,196
2020-10-28T18:28:07Z,26.78,-90.83,8.2,196
2020-10-28T18:28:08Z,26.78,-90.83,8.2,196
2020-10-28T18:28:09Z,26.78,-90.83,8.2,196
2020-10-28T18:28:10Z,26.78,-90.83,8.2,196
2020-10-28T18:28:11Z,26.78,-90.83,8.2,196
2020-10-28T18:28:12Z,26.78,-90.83,8.2,196
2020-10-28T18:28:13Z,26.78,-90.83,8.2,196
2020-10-28T18:28:14Z,26.78,-90.83,8.2,196
2020-10-28T18:28:15Z,26.78,-90.83,8.2,196
2020-10-28T18:28:16Z,26.78,-90.83,8.2,196
2020-10-28T18:28:17Z,26.78,-90.83,8.2,196
2020-10-28T18:28:18Z,26.78,-90.83,8.2,196
2020-10-28T18:28:19Z,26.78,-90.83,8.2,196
2020-10-28T18:28:20Z,26.78,-90.83,8.2,196
2020-10-28T18:28:21Z,26.78,-90.83,8.2,196
2020-10-28T18:28:22Z,26.78,-90.83,8.2,196
2020-10-28T18:28:23Z,26.78,-90.83,8.2,196
2020-10-28T18:28:24Z,26.78,-90.83,8.2,196
2020-10-28T18:28:25Z,26.78,-90.71,8.19,196
2020-10-28T18:28:26Z,26.78,-90.78,8.19,196
2020-10-28T18:28:27Z,26.78,-90.82,8.19,196
2020-10-28T18:28:28Z,26.78,-90.82,8.19,196
2020-10-28T18:28:29Z,26.78,-90.82,8.19,196
2020-10-28T18:28:30Z,26.78,-90.82,8.19,196
2020-10-28T18:28:31Z,26.78,-90.83,8.2,196
2020-10-28T18:28:32Z,26.78,-90.83,8.2,196
2020-10-28T18:28:33Z,26.78,-90.83,8.2,196
2020-10-28T18:28:34Z,26.78,-90.83,8.2,196
2020-10-28T18:28:35Z,26.78,-90.83,8.2,196
2020-10-28T18:28:36Z,26.78,-90.83,8.2,196
2020-10-28T18:28:37Z,26.78,-90.83,8.2,196
2020-10-28T18:28:38Z,26.78,-90.83,8.2,196
2020-10-28T18:28:39Z,26.78,-90.83,8.2,196
2020-10-28T18:28:40Z,26.78,-90.83,8.2,196
2020-10-28T18:28:41Z,26.78,-90.83,8.2,196
2020-10-28T18:28:42Z,26.78,-90.83,8.2,196
2020-10-28T18:28:43Z,26.78,-90.89,8.2,196
2020-10-28T18:28:44Z,26.78,-90.85,8.2,196
2020-10-28T18:28:45Z,26.78,-90.85,8.2,196
2020-10-28T18:28:46Z,26.78,-90.83,8.2,196
2020-10-28T18:28:47Z,26.78,-90.83,8.2,196
2020-10-28T18:28:48Z,26.78,-90.83,8.2,196
2020-10-28T18:28:49Z,26.78,-90.83,8.2,196
2020-10-28T18:28:50Z,26.78,-90.83,8.2,196
2020-10-28T18:28:51Z,26.78,-90.83,8.2,196
2020-10-28T18:28:52Z,26.78,-90.83,8.2,196
2020-10-28T18:28:53Z,26.78,-90.83,8.2,196
2020-10-28T18:28:54Z,26.78,-90.83,8.2,196
2020-10-28T18:28:55Z,26.78,-90.86,8.2,196
2020-10-28T18:28:56Z,26.78,-90.83,8.2,196
2020-10-28T18:28:57Z,26.78,-90.83,8.2,196
2020-10-28T18:28:58Z,26.78,-90.83,8.2,196
2020-10-28T18:28:59Z,26.78,-90.83,8.2,196
2020-10-28T18:29:00Z,26.78,-90.83,8.2,196
2020-10-28T18:29:01Z,26.78,-90.83,8.2,196
2020-10-28T18:29:02Z,26.78,-90.83,8.2,196
2020-10-28T18:29:03Z,26.78,-90.82,8.19,196
2020-10-28T18:29:04Z,26.78,-90.83,8.2,196
2020-10-28T18:29:05Z,26.78,-90.83,8.2,196
2020-10-28T18:29:06Z,26.78,-90.83,8.2,196
2020-10-28T18:29:07Z,26.78,-90.83,8.2,196
2020-10-28T18:29:08Z,26.78,-90.83,8.2,196
2020-10-28T18:29:09Z,26.78,-90.82,8.19,196
2020-10-28T18:29:10Z,26.78,-90.83,8.2,196
2020-10-28T18:29:11Z,26.78,-90.82,8.19,196
2020-10-28T18:29:12Z,26.78,-90.83,8.2,196
2020-10-28T18:29:13Z,26.78,-90.83,8.2,196
2020-10-28T18:29:14Z,26.78,-90.83,8.2,196
2020-10-28T18:29:15Z,26.78,-90.82,8.19,196
2020-10-28T18:29:16Z,26.78,-90.82,8.19,196
2020-10-28T18:29:17Z,26.78,-90.83,8.2,196
2020-10-28T18:29:18Z,26.78,-90.83,8.2,196
2020-10-28T18:29:19Z,26.78,-90.83,8.2,196
2020-10-28T18:29:20Z,26.78,-90.82,8.19,196
2020-10-28T18:29:21Z,26.78,-90.83,8.2,196
2020-10-28T18:29:22Z,26.78,-90.82,8.19,196
2020-10-28T18:29:23Z,26.78,-90.82,8.19,196
2020-10-28T18:29:24Z,26.78,-90.82,8.19,196
2020-10-28T18:29:25Z,26.78,-90.82,8.19,196
2020-10-28T18:29:26Z,26.78,-90.82,8.19,196
2020-10-28T18:29:27Z,26.78,-90.82,8.19,196
2020-10-28T18:29:28Z,26.78,-90.82,8.19,196
2020-10-28T18:29:29Z,26.78,-90.82,8.19,196
2020-10-28T18:29:30Z,26.78,-90.82,8.19,196
2020-10-28T18:29:31Z,26.78,-90.83,8.2,196
2020-10-28T18:29:32Z,26.78,-90.82,8.19,196
2020-10-28T18:29:33Z,26.78,-90.82,8.19,196
2020-10-28T18:29:34Z,26.78,-90.82,8.19,196
2020-10-28T18:29:35Z,26.78,-90.82,8.19,196
2020-10-28T18:29:36Z,26.78,-90.82,8.19,196
2020-10-28T18:29:37Z,26.78,-90.82,8.19,196
2020-10-28T18:29:38Z,26.78,-90.82,8.19,196
2020-10-28T18:29:39Z,26.78,-90.8,8.19,196
2020-10-28T18:29:40Z,26.78,-90.82,8.19,196
2020-10-28T18:29:41Z,26.78,-90.82,8.19,196
2020-10-28T18:29:42Z,26.78,-90.82,8.19,196
2020-10-28T18:29:43Z,26.78,-90.82,8.19,196
2020-10-28T18:29:44Z,26.78,-90.82,8.19,196
2020-10-28T18:29:45Z,26.78,-90.82,8.19,196
2020-10-28T18:29:46Z,26.78,-90.82,8.19,196
2020-10-28T18:29:47Z,26.78,-90.82,8.19,196
2020-10-28T18:29:48Z,26.78,-90.82,8.19,196
2020-10-28T18:29:49Z,26.78,-90.82,8.19,196
2020-10-28T18:29:50Z,26.78,-90.8,8.19,196
2020-10-28T18:29:51Z,26.78,-90.8,8.19,196
2020-10-28T18:29:52Z,26.78,-90.82,8.19,196
2020-10-28T18:29:53Z,26.78,-90.82,8.19,196
2020-10-28T18:29:54Z,26.78,-90.82,8.19,196
2020-10-28T18:29:55Z,26.78,-90.8,8.19,196
2020-10-28T18:29:56Z,26.78,-90.8,8.19,196
2020-10-28T18:29:57Z,26.78,-90.8,8.19,196
2020-10-28T18:29:58Z,26.78,-90.8,8.19,196
2020-10-28T18:29:59Z,26.78,-90.8,8.19,196
2020-10-28T18:30:00Z,26.78,-90.8,8.19,196
2020-10-28T18:30:01Z,26.78,-90.8,8.19,196
2020-10-28T18:30:02Z,26.78,-90.8,8.19,196
2020-10-28T18:30:03Z,26.76,-90.8,8.19,196
2020-10-28T18:30:04Z,26.76,-90.8,8.19,196
2020-10-28T18:30:05Z,26.76,-90.8,8.19,196
2020-10-28T18:30:06Z,26.76,-90.8,8.19,196
2020-10-28T18:30:07Z,26.76,-90.8,8.19,196
2020-10-28T18:30:08Z,26.76,-90.8,8.19,196
2020-10-28T18:30:09Z,26.76,-90.8,8.19,196
2020-10-28T18:30:10Z,26.76,-90.8,8.19,196
2020-10-28T18:30:11Z,26.76,-90.8,8.19,196
2020-10-28T18:30:12Z,26.76,-90.8,8.19,196
2020-10-28T18:30:13Z,26.76,-90.8,8.19,196
2020-10-28T18:30:14Z,26.76,-90.8,8.19,196
2020-10-28T18:30:15Z,26.76,-90.8,8.19,196
2020-10-28T18:30:16Z,26.76,-90.8,8.19,196
2020-10-28T18:30:17Z,26.76,-90.8,8.19,196
2020-10-28T18:30:18Z,26.76,-90.8,8.19,196
2020-10-28T18:30:19Z,26.76,-90.8,8.19,196
2020-10-28T18:30:20Z,26.76,-90.8,8.19,196
2020-10-28T18:30:21Z,26.76,-90.8,8.19,196
2020-10-28T18:30:22Z,26.76,-90.78,8.19,196
2020-10-28T18:30:23Z,26.76,-90.8,8.19,196
2020-10-28T18:30:24Z,26.76,-90.8,8.19,196
2020-10-28T18:30:25Z,26.76,-90.78,8.19,196
2020-10-28T18:30:26Z,26.76,-90.8,8.19,196
2020-10-28T18:30:27Z,26.76,-90.8,8.19,196
2020-10-28T18:30:28Z,26.76,-90.8,8.19,196
2020-10-28T18:30:29Z,26.76,-90.78,8.19,196
2020-10-28T18:30:30Z,26.76,-90.8,8.19,196
2020-10-28T18:30:31Z,26.76,-90.8,8.19,196
2020-10-28T18:30:32Z,26.76,-90.78,8.19,196
2020-10-28T18:30:33Z,26.76,-90.8,8.19,196
2020-10-28T18:30:34Z,26.76,-90.78,8.19,196
2020-10-28T18:30:35Z,26.76,-90.8,8.19,196
2020-10-28T18:30:36Z,26.76,-90.78,8.19,196
2020-10-28T18:30:37Z,26.76,-90.78,8.19,196
2020-10-28T18:30:38Z,26.76,-90.78,8.19,196
2020-10-28T18:30:39Z,26.76,-90.78,8.19,196
2020-10-28T18:30:40Z,26.76,-90.78,8.19,196
2020-10-28T18:30:41Z,26.76,-90.78,8.19,196
2020-10-28T18:30:42Z,26.76,-90.78,8.19,196
2020-10-28T18:30:43Z,26.76,-90.78,8.19,196
2020-10-28T18:30:44Z,26.76,-90.78,8.19,196
2020-10-28T18:30:45Z,26.76,-90.78,8.19,196
2020-10-28T18:30:46Z,26.76,-90.78,8.19,196
2020-10-28T18:30:47Z,26.76,-90.78,8.19,196
2020-10-28T18:30:48Z,26.76,-90.78,8.19,196
2020-10-28T18:30:49Z,26.76,-90.78,8.19,196
2020-10-28T18:30:50Z,26.76,-90.78,8.19,196
2020-10-28T18:30:51Z,26.76,-90.78,8.19,196
2020-10-28T18:30:52Z,26.76,-90.78,8.19,196
2020-10-28T18:30:53Z,26.76,-90.78,8.19,196
2020-10-28T18:30:54Z,26.76,-90.78,8.19,196
2020-10-28T18:30:55Z,26.76,-90.78,8.19,196
2020-10-28T18:30:56Z,26.76,-90.78,8.19,196
2020-10-28T18:30:57Z,26.76,-90.78,8.19,196
2020-10-28T18:30:58Z,26.76,-90.78,8.19,196
2020-10-28T18:30:59Z,26.76,-90.88,8.2,196
2020-10-28T18:31:00Z,26.76,-90.74,8.19,196
2020-10-28T18:31:01Z,26.76,-90.77,8.19,196
2020-10-28T18:31:02Z,26.76,-90.75,8.19,196
2020-10-28T18:31:03Z,26.76,-90.78,8.19,196
2020-10-28T18:31:04Z,26.76,-90.75,8.19,196
2020-10-28T18:31:05Z,26.76,-90.78,8.19,196
2020-10-28T18:31:06Z,26.76,-90.77,8.19,196
2020-10-28T18:31:07Z,26.76,-90.78,8.19,196
2020-10-28T18:31:08Z,26.76,-90.78,8.19,196
2020-10-28T18:31:09Z,26.76,-90.78,8.19,196
2020-10-28T18:31:10Z,26.76,-90.78,8.19,196
2020-10-28T18:31:11Z,26.76,-90.78,8.19,196
2020-10-28T18:31:12Z,26.76,-90.78,8.19,196
2020-10-28T18:31:13Z,26.76,-90.78,8.19,196
2020-10-28T18:31:14Z,26.76,-90.78,8.19,196
2020-10-28T18:31:15Z,26.76,-90.78,8.19,196
2020-10-28T18:31:16Z,26.76,-90.78,8.19,196
2020-10-28T18:31:17Z,26.76,-90.78,8.19,196
2020-10-28T18:31:18Z,26.76,-90.78,8.19,196
2020-10-28T18:31:19Z,26.76,-90.78,8.19,196
2020-10-28T18:31:20Z,26.76,-90.78,8.19,196
2020-10-28T18:31:21Z,26.76,-90.78,8.19,196
2020-10-28T18:31:22Z,26.76,-90.78,8.19,196
2020-10-28T18:31:23Z,26.76,-90.77,8.19,196
2020-10-28T18:31:24Z,26.76,-90.78,8.19,196
2020-10-28T18:31:25Z,26.76,-90.78,8.19,196
2020-10-28T18:31:26Z,26.76,-90.77,8.19,196
2020-10-28T18:31:27Z,26.76,-90.78,8.19,196
2020-10-28T18:31:28Z,26.76,-90.77,8.19,196
2020-10-28T18:31:29Z,26.76,-90.78,8.19,196
2020-10-28T18:31:30Z,26.76,-90.78,8.19,196
2020-10-28T18:31:31Z,26.76,-90.78,8.19,196
2020-10-28T18:31:32Z,26.76,-90.78,8.19,196
2020-10-28T18:31:33Z,26.76,-90.78,8.19,196
2020-10-28T18:31:34Z,26.76,-90.78,8.19,196
2020-10-28T18:31:35Z,26.76,-90.78,8.19,196
2020-10-28T18:31:36Z,26.76,-90.78,8.19,196
2020-10-28T18:31:37Z,26.76,-90.78,8.19,196
2020-10-28T18:31:38Z,26.76,-90.78,8.19,196
2020-10-28T18:31:39Z,26.76,-90.78,8.19,196
2020-10-28T18:31:40Z,26.76,-90.78,8.19,196
2020-10-28T18:31:41Z,26.76,-90.77,8.19,196
2020-10-28T18:31:42Z,26.76,-90.77,8.19,196
2020-10-28T18:31:43Z,26.76,-90.77,8.19,196
2020-10-28T18:31:44Z,26.76,-90.77,8.19,196
2020-10-28T18:31:45Z,26.76,-90.78,8.19,196
2020-10-28T18:31:46Z,26.76,-90.78,8.19,196
2020-10-28T18:31:47Z,26.76,-90.78,8.19,196
2020-10-28T18:31:48Z,26.76,-90.78,8.19,196
2020-10-28T18:31:49Z,26.76,-90.78,8.19,196
2020-10-28T18:31:50Z,26.76,-90.78,8.19,196
2020-10-28T18:31:51Z,26.76,-90.77,8.19,196
2020-10-28T18:31:52Z,26.76,-90.78,8.19,196
2020-10-28T18:31:53Z,26.76,-90.77,8.19,196
2020-10-28T18:31:54Z,26.76,-90.78,8.19,196
2020-10-28T18:31:55Z,26.76,-90.78,8.19,196
2020-10-28T18:31:56Z,26.76,-90.78,8.19,196
2020-10-28T18:31:57Z,26.76,-90.78,8.19,196
2020-10-28T18:31:58Z,26.76,-90.78,8.19,196
2020-10-28T18:31:59Z,26.76,-90.78,8.19,196
2020-10-28T18:32:00Z,26.76,-90.78,8.19,196
2020-10-28T18:32:01Z,26.76,-90.78,8.19,196
2020-10-28T18:32:02Z,26.76,-90.78,8.19,196
2020-10-28T18:32:03Z,26.76,-90.78,8.19,196
2020-10-28T18:32:04Z,26.76,-90.77,8.19,196
2020-10-28T18:32:05Z,26.76,-90.78,8.19,196
2020-10-28T18:32:06Z,26.76,-90.78,8.19,196
2020-10-28T18:32:07Z,26.76,-90.77,8.19,196
2020-10-28T18:32:08Z,26.76,-90.77,8.19,196
2020-10-28T18:32:09Z,26.76,-90.78,8.19,196
2020-10-28T18:32:10Z,26.76,-90.78,8.19,196
2020-10-28T18:32:11Z,26.76,-90.77,8.19,196
2020-10-28T18:32:12Z,26.76,-90.78,8.19,196
2020-10-28T18:32:13Z,26.76,-90.78,8.19,196
2020-10-28T18:32:14Z,26.76,-90.78,8.19,196
2020-10-28T18:32:15Z,26.76,-90.77,8.19,196
2020-10-28T18:32:16Z,26.76,-90.78,8.19,196
2020-10-28T18:32:17Z,26.76,-90.78,8.19,196
2020-10-28T18:32:18Z,26.76,-90.77,8.19,196
2020-10-28T18:32:19Z,26.76,-90.78,8.19,196
2020-10-28T18:32:20Z,26.76,-90.77,8.19,196
2020-10-28T18:32:21Z,26.76,-90.78,8.19,196
2020-10-28T18:32:22Z,26.76,-90.77,8.19,196
2020-10-28T18:32:23Z,26.76,-90.77,8.19,196
2020-10-28T18:32:24Z,26.76,-90.78,8.19,196
2020-10-28T18:32:25Z,26.76,-90.77,8.19,196
2020-10-28T18:32:26Z,26.76,-90.78,8.19,196
2020-10-28T18:32:27Z,26.76,-90.78,8.19,196
2020-10-28T18:32:28Z,26.76,-90.78,8.19,196
2020-10-28T18:32:29Z,26.76,-90.78,8.19,196
2020-10-28T18:32:30Z,26.76,-90.78,8.19,196
2020-10-28T18:32:31Z,26.76,-90.78,8.19,196
2020-10-28T18:32:32Z,26.76,-90.78,8.19,196
2020-10-28T18:32:33Z,26.76,-90.77,8.19,196
2020-10-28T18:32:34Z,26.76,-90.78,8.19,196
2020-10-28T18:32:35Z,26.76,-90.77,8.19,196
2020-10-28T18:32:36Z,26.76,-90.78,8.19,196
2020-10-28T18:32:37Z,26.76,-90.77,8.19,196
2020-10-28T18:32:38Z,26.76,-90.78,8.19,196
2020-10-28T18:32:39Z,26.76,-90.78,8.19,196
2020-10-28T18:32:40Z,26.76,-90.78,8.19,196
2020-10-28T18:32:41Z,26.76,-90.77,8.19,196
2020-10-28T18:32:42Z,26.76,-90.77,8.19,196
2020-10-28T18:32:43Z,26.76,-90.77,8.19,196
2020-10-28T18:32:44Z,26.76,-90.77,8.19,196
2020-10-28T18:32:45Z,26.76,-90.77,8.19,196
2020-10-28T18:32:46Z,26.76,-90.77,8.19,196
2020-10-28T18:32:47Z,26.76,-90.77,8.19,196
2020-10-28T18:32:48Z,26.76,-90.77,8.19,196
2020-10-28T18:32:49Z,26.76,-90.77,8.19,196
2020-10-28T18:32:50Z,26.76,-90.77,8.19,196
2020-10-28T18:32:51Z,26.76,-90.78,8.19,196
2020-10-28T18:32:52Z,26.76,-90.77,8.19,196
2020-10-28T18:32:53Z,26.76,-90.77,8.19,196
2020-10-28T18:32:54Z,26.76,-90.77,8.19,196
2020-10-28T18:32:55Z,26.76,-90.77,8.19,196
2020-10-28T18:32:56Z,26.76,-90.78,8.19,196
2020-10-28T18:32:57Z,26.76,-90.77,8.19,196
2020-10-28T18:32:58Z,26.76,-90.77,8.19,196
2020-10-28T18:32:59Z,26.76,-90.77,8.19,196
2020-10-28T18:33:00Z,26.76,-90.77,8.19,196
2020-10-28T18:33:01Z,26.76,-90.78,8.19,196
2020-10-28T18:33:02Z,26.76,-90.77,8.19,196
2020-10-28T18:33:03Z,26.76,-90.77,8.19,196
2020-10-28T18:33:04Z,26.76,-90.77,8.19,196
2020-10-28T18:33:05Z,26.76,-90.77,8.19,196
2020-10-28T18:33:06Z,26.76,-90.77,8.19,196
2020-10-28T18:33:07Z,26.76,-90.77,8.19,196
2020-10-28T18:33:08Z,26.76,-90.77,8.19,196
2020-10-28T18:33:09Z,26.76,-90.77,8.19,196
2020-10-28T18:33:10Z,26.76,-90.77,8.19,196
2020-10-28T18:33:11Z,26.76,-90.77,8.19,196
2020-10-28T18:33:12Z,26.76,-90.77,8.19,196
2020-10-28T18:33:13Z,26.76,-90.77,8.19,196
2020-10-28T18:33:14Z,26.76,-90.77,8.19,196
2020-10-28T18:33:15Z,26.76,-90.77,8.19,196
2020-10-28T18:33:16Z,26.76,-90.77,8.19,196
2020-10-28T18:33:17Z,26.76,-90.77,8.19,196
2020-10-28T18:33:18Z,26.76,-90.77,8.19,196
2020-10-28T18:33:19Z,26.76,-90.77,8.19,196
2020-10-28T18:33:20Z,26.76,-90.77,8.19,196
2020-10-28T18:33:21Z,26.76,-90.77,8.19,196
2020-10-28T18:33:22Z,26.76,-90.77,8.19,196
2020-10-28T18:33:23Z,26.76,-90.77,8.19,196
2020-10-28T18:33:24Z,26.76,-90.77,8.19,196
2020-10-28T18:33:25Z,26.76,-90.77,8.19,196
2020-10-28T18:33:26Z,26.76,-90.77,8.19,196
2020-10-28T18:33:27Z,26.76,-90.77,8.19,196
2020-10-28T18:33:28Z,26.76,-90.77,8.19,196
2020-10-28T18:33:29Z,26.76,-90.77,8.19,196
2020-10-28T18:33:30Z,26.76,-90.77,8.19,196
2020-10-28T18:33:31Z,26.76,-90.77,8.19,196
2020-10-28T18:33:32Z,26.76,-90.77,8.19,196
2020-10-28T18:33:33Z,26.76,-90.77,8.19,196
2020-10-28T18:33:34Z,26.76,-90.77,8.19,196
2020-10-28T18:33:35Z,26.76,-90.77,8.19,196
2020-10-28T18:33:36Z,26.76,-90.77,8.19,196
2020-10-28T18:33:37Z,26.76,-90.77,8.19,196
2020-10-28T18:33:38Z,26.76,-90.77,8.19,196
2020-10-28T18:33:39Z,26.76,-90.77,8.19,196
2020-10-28T18:33:40Z,26.73,-90.77,8.19,196
2020-10-28T18:33:41Z,26.73,-90.77,8.19,196
2020-10-28T18:33:42Z,26.73,-90.77,8.19,196
2020-10-28T18:33:43Z,26.73,-90.77,8.19,196
2020-10-28T18:33:44Z,26.73,-90.77,8.19,196
2020-10-28T18:33:45Z,26.73,-90.77,8.19,196
2020-10-28T18:33:46Z,26.73,-90.77,8.19,196
2020-10-28T18:33:47Z,26.73,-90.77,8.19,196
2020-10-28T18:33:48Z,26.73,-90.77,8.19,196
2020-10-28T18:33:49Z,26.73,-90.77,8.19,196
2020-10-28T18:33:50Z,26.73,-90.77,8.19,196
2020-10-28T18:33:51Z,26.73,-90.77,8.19,196
2020-10-28T18:33:52Z,26.73,-90.77,8.19,196
2020-10-28T18:33:53Z,26.73,-90.77,8.19,196
2020-10-28T18:33:54Z,26.73,-90.77,8.19,196
2020-10-28T18:33:55Z,26.73,-90.77,8.19,196
2020-10-28T18:33:56Z,26.73,-90.78,8.19,196
2020-10-28T18:33:57Z,26.73,-90.77,8.19,196
2020-10-28T18:33:58Z,26.73,-90.77,8.19,196
2020-10-28T18:33:59Z,26.73,-90.77,8.19,196
2020-10-28T18:34:00Z,26.73,-90.77,8.19,196
2020-10-28T18:34:01Z,26.73,-90.77,8.19,196
2020-10-28T18:34:02Z,26.73,-90.77,8.19,196
2020-10-28T18:34:03Z,26.73,-90.77,8.19,196
2020-10-28T18:34:04Z,26.73,-90.77,8.19,196
2020-10-28T18:34:05Z,26.73,-90.77,8.19,196
2020-10-28T18:34:06Z,26.73,-90.77,8.19,196
2020-10-28T18:34:07Z,26.73,-90.77,8.19,196
2020-10-28T18:34:08Z,26.73,-90.77,8.19,196
2020-10-28T18:34:09Z,26.73,-90.77,8.19,196
2020-10-28T18:34:10Z,26.73,-90.77,8.19,196
2020-10-28T18:34:11Z,26.73,-90.77,8.19,196
2020-10-28T18:34:12Z,26.73,-90.77,8.19,196
2020-10-28T18:34:13Z,26.73,-90.77,8.19,196
2020-10-28T18:34:14Z,26.73,-90.77,8.19,196
2020-10-28T18:34:15Z,26.73,-90.77,8.19,196
2020-10-28T18:34:16Z,26.73,-90.75,8.19,196
2020-10-28T18:34:17Z,26.73,-90.77,8.19,196
2020-10-28T18:34:18Z,26.73,-90.77,8.19,196
2020-10-28T18:34:19Z,26.73,-90.77,8.19,196
2020-10-28T18:34:20Z,26.73,-90.77,8.19,196
2020-10-28T18:34:21Z,26.73,-90.77,8.19,196
2020-10-28T18:34:22Z,26.73,-90.77,8.19,196
2020-10-28T18:34:23Z,26.73,-90.77,8.19,196
2020-10-28T18:34:24Z,26.73,-90.77,8.19,196
2020-10-28T18:34:25Z,26.73,-90.77,8.19,196
2020-10-28T18:34:26Z,26.73,-90.83,8.2,196
2020-10-28T18:34:27Z,26.73,-90.8,8.19,196
2020-10-28T18:34:28Z,26.73,-90.78,8.19,196
2020-10-28T18:34:29Z,26.73,-90.77,8.19,196
2020-10-28T18:34:30Z,26.73,-90.77,8.19,196
2020-10-28T18:34:31Z,26.73,-90.77,8.19,196
2020-10-28T18:34:32Z,26.73,-90.77,8.19,196
2020-10-28T18:34:33Z,26.73,-90.77,8.19,196
2020-10-28T18:34:34Z,26.73,-90.77,8.19,196
2020-10-28T18:34:35Z,26.73,-90.77,8.19,196
2020-10-28T18:34:36Z,26.73,-90.77,8.19,196
2020-10-28T18:34:37Z,26.73,-90.75,8.19,196
2020-10-28T18:34:38Z,26.73,-90.77,8.19,196
2020-10-28T18:34:39Z,26.73,-90.77,8.19,196
2020-10-28T18:34:40Z,26.73,-90.75,8.19,196
2020-10-28T18:34:41Z,26.73,-90.77,8.19,196
2020-10-28T18:34:42Z,26.73,-90.77,8.19,196
2020-10-28T18:34:43Z,26.73,-90.75,8.19,196
2020-10-28T18:34:44Z,26.73,-90.77,8.19,196
2020-10-28T18:34:45Z,26.73,-90.77,8.19,196
2020-10-28T18:34:46Z,26.73,-90.77,8.19,196
2020-10-28T18:34:47Z,26.73,-90.77,8.19,196
2020-10-28T18:34:48Z,26.73,-90.77,8.19,196
2020-10-28T18:34:49Z,26.73,-90.77,8.19,196
2020-10-28T18:34:50Z,26.73,-90.75,8.19,196
2020-10-28T18:34:51Z,26.73,-90.77,8.19,196
2020-10-28T18:34:52Z,26.73,-90.75,8.19,196
2020-10-28T18:34:53Z,26.73,-90.75,8.19,196
2020-10-28T18:34:54Z,26.73,-90.77,8.19,196
2020-10-28T18:34:55Z,26.73,-90.75,8.19,196
2020-10-28T18:34:56Z,26.73,-90.77,8.19,196
2020-10-28T18:34:57Z,26.73,-90.75,8.19,196
2020-10-28T18:34:58Z,26.73,-90.77,8.19,196
2020-10-28T18:34:59Z,26.73,-90.75,8.19,196
2020-10-28T18:35:00Z,26.73,-90.77,8.19,196
2020-10-28T18:35:01Z,26.73,-90.77,8.19,196
2020-10-28T18:35:02Z,26.73,-90.75,8.19,196
2020-10-28T18:35:03Z,26.73,-90.75,8.19,196
2020-10-28T18:35:04Z,26.73,-90.77,8.19,196
2020-10-28T18:35:05Z,26.73,-90.75,8.19,196
2020-10-28T18:35:06Z,26.73,-90.75,8.19,196
2020-10-28T18:35:07Z,26.73,-90.77,8.19,196
2020-10-28T18:35:08Z,26.73,-90.77,8.19,196
2020-10-28T18:35:09Z,26.73,-90.75,8.19,196
2020-10-28T18:35:10Z,26.73,-90.75,8.19,196
2020-10-28T18:35:11Z,26.73,-90.75,8.19,196
2020-10-28T18:35:12Z,26.73,-90.75,8.19,196
2020-10-28T18:35:13Z,26.73,-90.75,8.19,196
2020-10-28T18:35:14Z,26.73,-90.75,8.19,196
2020-10-28T18:35:15Z,26.73,-90.75,8.19,196
2020-10-28T18:35:16Z,26.73,-90.75,8.19,196
2020-10-28T18:35:17Z,26.73,-90.75,8.19,196
2020-10-28T18:35:18Z,26.73,-90.75,8.19,196
2020-10-28T18:35:19Z,26.73,-90.75,8.19,196
2020-10-28T18:35:20Z,26.73,-90.75,8.19,196
2020-10-28T18:35:21Z,26.73,-90.75,8.19,196
2020-10-28T18:35:22Z,26.73,-90.75,8.19,196
2020-10-28T18:35:23Z,26.73,-90.75,8.19,196
2020-10-28T18:35:24Z,26.73,-90.75,8.19,196
2020-10-28T18:35:25Z,26.73,-90.75,8.19,196
2020-10-28T18:35:26Z,26.73,-90.75,8.19,196
2020-10-28T18:35:27Z,26.73,-90.75,8.19,196
2020-10-28T18:35:28Z,26.73,-90.75,8.19,196
2020-10-28T18:35:29Z,26.73,-90.75,8.19,196
2020-10-28T18:35:30Z,26.73,-90.75,8.19,196
2020-10-28T18:35:31Z,26.73,-90.75,8.19,196
2020-10-28T18:35:32Z,26.73,-90.75,8.19,196
2020-10-28T18:35:33Z,26.73,-90.75,8.19,196
2020-10-28T18:35:34Z,26.73,-90.74,8.19,196
2020-10-28T18:35:35Z,26.73,-90.74,8.19,196
2020-10-28T18:35:36Z,26.73,-90.74,8.19,196
2020-10-28T18:35:37Z,26.73,-90.74,8.19,196
2020-10-28T18:35:38Z,26.73,-90.74,8.19,196
2020-10-28T18:35:39Z,26.73,-90.74,8.19,196
2020-10-28T18:35:40Z,26.73,-90.74,8.19,196
2020-10-28T18:35:41Z,26.73,-90.74,8.19,196
2020-10-28T18:35:42Z,26.73,-90.74,8.19,196
2020-10-28T18:35:43Z,26.73,-90.74,8.19,196
2020-10-28T18:35:44Z,26.73,-90.74,8.19,196
2020-10-28T18:35:45Z,26.73,-90.74,8.19,196
2020-10-28T18:35:46Z,26.73,-90.74,8.19,196
2020-10-28T18:35:47Z,26.73,-90.72,8.19,196
2020-10-28T18:35:48Z,26.73,-90.72,8.19,196
2020-10-28T18:35:49Z,26.73,-90.72,8.19,196
2020-10-28T18:35:50Z,26.73,-90.72,8.19,196
2020-10-28T18:35:51Z,26.73,-90.72,8.19,196
2020-10-28T18:35:52Z,26.73,-90.72,8.19,196
2020-10-28T18:35:53Z,26.73,-90.72,8.19,196
2020-10-28T18:35:54Z,26.73,-90.72,8.19,196
2020-10-28T18:35:55Z,26.73,-90.72,8.19,196
2020-10-28T18:35:56Z,26.73,-90.72,8.19,196
2020-10-28T18:35:57Z,26.73,-90.72,8.19,196
2020-10-28T18:35:58Z,26.73,-90.72,8.19,196
2020-10-28T18:35:59Z,26.73,-90.72,8.19,196
2020-10-28T18:36:00Z,26.73,-90.72,8.19,196
2020-10-28T18:36:01Z,26.73,-90.72,8.19,196
2020-10-28T18:36:02Z,26.73,-90.72,8.19,196
2020-10-28T18:36:03Z,26.73,-90.71,8.19,196
2020-10-28T18:36:04Z,26.73,-90.72,8.19,196
2020-10-28T18:36:05Z,26.73,-90.71,8.19,196
2020-10-28T18:36:06Z,26.73,-90.72,8.19,196
2020-10-28T18:36:07Z,26.73,-90.71,8.19,196
2020-10-28T18:36:08Z,26.73,-90.71,8.19,196
2020-10-28T18:36:09Z,26.73,-90.71,8.19,196
2020-10-28T18:36:10Z,26.73,-90.71,8.19,196
2020-10-28T18:36:11Z,26.73,-90.71,8.19,196
2020-10-28T18:36:12Z,26.73,-90.71,8.19,196
2020-10-28T18:36:13Z,26.73,-90.71,8.19,196
2020-10-28T18:36:14Z,26.73,-90.71,8.19,196
2020-10-28T18:36:15Z,26.73,-90.71,8.19,196
2020-10-28T18:36:16Z,26.73,-90.71,8.19,196
2020-10-28T18:36:17Z,26.73,-90.71,8.19,196
2020-10-28T18:36:18Z,26.73,-90.71,8.19,196
2020-10-28T18:36:19Z,26.73,-90.69,8.19,196
2020-10-28T18:36:20Z,26.73,-90.71,8.19,196
2020-10-28T18:36:21Z,26.73,-90.71,8.19,196
2020-10-28T18:36:22Z,26.73,-90.71,8.19,196
2020-10-28T18:36:23Z,26.73,-90.71,8.19,196
2020-10-28T18:36:24Z,26.73,-90.71,8.19,196
2020-10-28T18:36:25Z,26.73,-90.69,8.19,196
2020-10-28T18:36:26Z,26.73,-90.69,8.19,196
2020-10-28T18:36:27Z,26.73,-90.69,8.19,196
2020-10-28T18:36:28Z,26.73,-90.69,8.19,196
2020-10-28T18:36:29Z,26.73,-90.69,8.19,196
2020-10-28T18:36:30Z,26.73,-90.69,8.19,196
2020-10-28T18:36:31Z,26.73,-90.69,8.19,196
2020-10-28T18:36:32Z,26.73,-90.69,8.19,196
2020-10-28T18:36:33Z,26.73,-90.69,8.19,196
2020-10-28T18:36:34Z,26.73,-90.69,8.19,196
2020-10-28T18:36:35Z,26.73,-90.69,8.19,196
2020-10-28T18:36:36Z,26.73,-90.69,8.19,196
2020-10-28T18:36:37Z,26.73,-90.69,8.19,196
2020-10-28T18:36:38Z,26.73,-90.69,8.19,196
2020-10-28T18:36:39Z,26.73,-90.69,8.19,196
2020-10-28T18:36:40Z,26.73,-90.69,8.19,196
2020-10-28T18:36:41Z,26.73,-90.69,8.19,196
2020-10-28T18:36:42Z,26.73,-90.69,8.19,196
2020-10-28T18:36:43Z,26.73,-90.69,8.19,196
2020-10-28T18:36:44Z,26.73,-90.69,8.19,196
2020-10-28T18:36:45Z,26.73,-90.49,8.19,196
2020-10-28T18:36:46Z,26.73,-90.61,8.19,196
2020-10-28T18:36:47Z,26.73,-90.64,8.19,196
2020-10-28T18:36:48Z,26.73,-90.66,8.19,196
2020-10-28T18:36:49Z,26.73,-90.67,8.19,196
2020-10-28T18:36:50Z,26.73,-90.67,8.19,196
2020-10-28T18:36:51Z,26.73,-90.67,8.19,196
2020-10-28T18:36:52Z,26.73,-90.67,8.19,196
2020-10-28T18:36:53Z,26.73,-90.67,8.19,196
2020-10-28T18:36:54Z,26.73,-90.69,8.19,196
2020-10-28T18:36:55Z,26.73,-90.67,8.19,196
2020-10-28T18:36:56Z,26.73,-90.67,8.19,196
2020-10-28T18:36:57Z,26.73,-90.69,8.19,196
2020-10-28T18:36:58Z,26.73,-90.69,8.19,196
2020-10-28T18:36:59Z,26.73,-90.69,8.19,196
2020-10-28T18:37:00Z,26.73,-90.69,8.19,196
2020-10-28T18:37:01Z,26.73,-90.69,8.19,196
2020-10-28T18:37:02Z,26.73,-90.69,8.19,196
2020-10-28T18:37:03Z,26.73,-90.69,8.19,196
2020-10-28T18:37:04Z,26.73,-90.67,8.19,196
2020-10-28T18:37:05Z,26.73,-90.69,8.19,196
2020-10-28T18:37:06Z,26.73,-90.67,8.19,196
2020-10-28T18:37:07Z,26.73,-90.67,8.19,196
2020-10-28T18:37:08Z,26.73,-90.69,8.19,196
2020-10-28T18:37:09Z,26.73,-90.69,8.19,196
2020-10-28T18:37:10Z,26.73,-90.67,8.19,196
2020-10-28T18:37:11Z,26.73,-90.69,8.19,196
2020-10-28T18:37:12Z,26.73,-90.69,8.19,196
2020-10-28T18:37:13Z,26.73,-90.67,8.19,196
2020-10-28T18:37:14Z,26.73,-90.67,8.19,196
2020-10-28T18:37:15Z,26.73,-90.67,8.19,196
2020-10-28T18:37:16Z,26.73,-90.69,8.19,196
2020-10-28T18:37:17Z,26.73,-90.67,8.19,196
2020-10-28T18:37:18Z,26.73,-90.67,8.19,196
2020-10-28T18:37:19Z,26.73,-90.71,8.19,196
2020-10-28T18:37:20Z,26.73,-90.67,8.19,196
2020-10-28T18:37:21Z,26.73,-90.69,8.19,196
2020-10-28T18:37:22Z,26.73,-90.67,8.19,196
2020-10-28T18:37:23Z,26.73,-90.69,8.19,196
2020-10-28T18:37:24Z,26.73,-90.69,8.19,196
2020-10-28T18:37:25Z,26.73,-90.67,8.19,196
2020-10-28T18:37:26Z,26.73,-90.63,8.19,196
2020-10-28T18:37:27Z,26.73,-90.72,8.19,196
2020-10-28T18:37:28Z,26.73,-90.69,8.19,196
2020-10-28T18:37:29Z,26.73,-90.69,8.19,196
2020-10-28T18:37:30Z,26.73,-90.69,8.19,196
2020-10-28T18:37:31Z,26.73,-90.67,8.19,196
2020-10-28T18:37:32Z,26.73,-90.69,8.19,196
2020-10-28T18:37:33Z,26.73,-90.69,8.19,196
2020-10-28T18:37:34Z,26.73,-90.67,8.19,196
2020-10-28T18:37:35Z,26.73,-90.67,8.19,196
2020-10-28T18:37:36Z,26.73,-90.67,8.19,196
2020-10-28T18:37:37Z,26.73,-90.67,8.19,196
2020-10-28T18:37:38Z,26.73,-90.67,8.19,196
2020-10-28T18:37:39Z,26.73,-90.67,8.19,196
2020-10-28T18:37:40Z,26.73,-90.67,8.19,196
2020-10-28T18:37:41Z,26.73,-90.67,8.19,196
2020-10-28T18:37:42Z,26.73,-90.67,8.19,196
2020-10-28T18:37:43Z,26.73,-90.67,8.19,196
2020-10-28T18:37:44Z,26.73,-90.67,8.19,196
2020-10-28T18:37:45Z,26.73,-90.67,8.19,196
2020-10-28T18:37:46Z,26.73,-90.67,8.19,196
2020-10-28T18:37:47Z,26.73,-90.67,8.19,196
2020-10-28T18:37:48Z,26.73,-90.67,8.19,196
2020-10-28T18:37:49Z,26.73,-90.67,8.19,196
2020-10-28T18:37:50Z,26.73,-90.67,8.19,196
2020-10-28T18:37:51Z,26.73,-90.67,8.19,196
2020-10-28T18:37:52Z,26.73,-90.67,8.19,196
2020-10-28T18:37:53Z,26.73,-90.67,8.19,196
2020-10-28T18:37:54Z,26.73,-90.67,8.19,196
2020-10-28T18:37:55Z,26.73,-90.67,8.19,196
2020-10-28T18:37:56Z,26.73,-90.67,8.19,196
2020-10-28T18:37:57Z,26.73,-90.67,8.19,196
2020-10-28T18:37:58Z,26.73,-90.67,8.19,196
2020-10-28T18:37:59Z,26.73,-90.67,8.19,196
2020-10-28T18:38:00Z,26.73,-90.67,8.19,196
2020-10-28T18:38:01Z,26.73,-90.67,8.19,196
2020-10-28T18:38:02Z,26.73,-90.67,8.19,196
2020-10-28T18:38:03Z,26.73,-90.67,8.19,196
2020-10-28T18:38:04Z,26.73,-90.67,8.19,196
2020-10-28T18:38:05Z,26.73,-90.67,8.19,196
2020-10-28T18:38:06Z,26.73,-90.67,8.19,196
2020-10-28T18:38:07Z,26.73,-90.67,8.19,196
2020-10-28T18:38:08Z,26.73,-90.67,8.19,196
2020-10-28T18:38:09Z,26.73,-90.67,8.19,196
2020-10-28T18:38:10Z,26.73,-90.67,8.19,196
2020-10-28T18:38:11Z,26.73,-90.67,8.19,196
2020-10-28T18:38:12Z,26.73,-90.67,8.19,196
2020-10-28T18:38:13Z,26.73,-90.67,8.19,196
2020-10-28T18:38:14Z,26.73,-90.67,8.19,196
2020-10-28T18:38:15Z,26.73,-90.67,8.19,196
2020-10-28T18:38:16Z,26.73,-90.67,8.19,196
2020-10-28T18:38:17Z,26.73,-90.67,8.19,196
2020-10-28T18:38:18Z,26.73,-90.67,8.19,196
2020-10-28T18:38:19Z,26.73,-90.67,8.19,196
2020-10-28T18:38:20Z,26.73,-90.67,8.19,196
2020-10-28T18:38:21Z,26.73,-90.67,8.19,196
2020-10-28T18:38:22Z,26.73,-90.67,8.19,196
2020-10-28T18:38:23Z,26.73,-90.67,8.19,196
2020-10-28T18:38:24Z,26.73,-90.67,8.19,196
2020-10-28T18:38:25Z,26.73,-90.67,8.19,196
2020-10-28T18:38:26Z,26.73,-90.67,8.19,196
2020-10-28T18:38:27Z,26.73,-90.67,8.19,196
2020-10-28T18:38:28Z,26.73,-90.67,8.19,196
2020-10-28T18:38:29Z,26.73,-90.67,8.19,196
2020-10-28T18:38:30Z,26.73,-90.67,8.19,196
2020-10-28T18:38:31Z,26.73,-90.67,8.19,196
2020-10-28T18:38:32Z,26.73,-90.67,8.19,196
2020-10-28T18:38:33Z,26.73,-90.67,8.19,196
2020-10-28T18:38:34Z,26.73,-90.67,8.19,196
2020-10-28T18:38:35Z,26.73,-90.67,8.19,196
2020-10-28T18:38:36Z,26.73,-90.67,8.19,196
2020-10-28T18:38:37Z,26.73,-90.67,8.19,196
2020-10-28T18:38:38Z,26.73,-90.67,8.19,196
2020-10-28T18:38:39Z,26.73,-90.69,8.19,196
2020-10-28T18:38:40Z,26.73,-90.74,8.19,196
2020-10-28T18:38:41Z,26.73,-90.88,8.2,196
2020-10-28T18:38:42Z,26.73,-90.69,8.19,196
2020-10-28T18:38:43Z,26.73,-90.67,8.19,196
2020-10-28T18:38:44Z,26.73,-90.67,8.19,196
2020-10-28T18:38:45Z,26.73,-90.67,8.19,196
2020-10-28T18:38:46Z,26.73,-90.64,8.19,196
2020-10-28T18:38:47Z,26.73,-90.67,8.19,196
2020-10-28T18:38:48Z,26.73,-90.67,8.19,196
2020-10-28T18:38:49Z,26.73,-90.67,8.19,196
2020-10-28T18:38:50Z,26.73,-90.66,8.19,196
2020-10-28T18:38:51Z,26.73,-90.66,8.19,196
2020-10-28T18:38:52Z,26.73,-90.67,8.19,196
2020-10-28T18:38:53Z,26.73,-90.66,8.19,196
2020-10-28T18:38:54Z,26.73,-90.66,8.19,196
2020-10-28T18:38:55Z,26.73,-90.67,8.19,196
2020-10-28T18:38:56Z,26.73,-90.67,8.19,196
2020-10-28T18:38:57Z,26.73,-90.67,8.19,196
2020-10-28T18:38:58Z,26.73,-90.66,8.19,196
2020-10-28T18:38:59Z,26.73,-90.66,8.19,196
2020-10-28T18:39:00Z,26.73,-90.66,8.19,196
2020-10-28T18:39:01Z,26.73,-90.66,8.19,196
2020-10-28T18:39:02Z,26.73,-90.66,8.19,196
2020-10-28T18:39:03Z,26.73,-90.66,8.19,196
2020-10-28T18:39:04Z,26.73,-90.66,8.19,196
2020-10-28T18:39:05Z,26.73,-90.66,8.19,196
2020-10-28T18:39:06Z,26.73,-90.66,8.19,196
2020-10-28T18:39:07Z,26.73,-90.66,8.19,196
2020-10-28T18:39:08Z,26.73,-90.66,8.19,196
2020-10-28T18:39:09Z,26.73,-90.66,8.19,196
2020-10-28T18:39:10Z,26.73,-90.66,8.19,196
2020-10-28T18:39:11Z,26.73,-90.66,8.19,196
2020-10-28T18:39:12Z,26.73,-90.66,8.19,196
2020-10-28T18:39:13Z,26.73,-90.66,8.19,196
2020-10-28T18:39:14Z,26.73,-90.66,8.19,196
2020-10-28T18:39:15Z,26.73,-90.66,8.19,196
2020-10-28T18:39:16Z,26.73,-90.66,8.19,196
2020-10-28T18:39:17Z,26.73,-90.66,8.19,196
2020-10-28T18:39:18Z,26.73,-90.66,8.19,196
2020-10-28T18:39:19Z,26.73,-90.66,8.19,196
2020-10-28T18:39:20Z,26.73,-90.66,8.19,196
2020-10-28T18:39:21Z,26.73,-90.66,8.19,196
2020-10-28T18:39:22Z,26.73,-90.66,8.19,196
2020-10-28T18:39:23Z,26.73,-90.66,8.19,196
2020-10-28T18:39:24Z,26.73,-90.66,8.19,196
2020-10-28T18:39:25Z,26.73,-90.64,8.19,196
2020-10-28T18:39:26Z,26.73,-90.64,8.19,196
2020-10-28T18:39:27Z,26.73,-90.64,8.19,196
2020-10-28T18:39:28Z,26.73,-90.64,8.19,196
2020-10-28T18:39:29Z,26.73,-90.66,8.19,196
2020-10-28T18:39:30Z,26.73,-90.66,8.19,196
2020-10-28T18:39:31Z,26.73,-90.66,8.19,196
2020-10-28T18:39:32Z,26.73,-90.66,8.19,196
2020-10-28T18:39:33Z,26.73,-90.66,8.19,196
2020-10-28T18:39:34Z,26.73,-90.64,8.19,196
2020-10-28T18:39:35Z,26.73,-90.64,8.19,196
2020-10-28T18:39:36Z,26.73,-90.64,8.19,196
2020-10-28T18:39:37Z,26.73,-90.64,8.19,196
2020-10-28T18:39:38Z,26.73,-90.66,8.19,196
2020-10-28T18:39:39Z,26.73,-90.66,8.19,196
2020-10-28T18:39:40Z,26.73,-90.64,8.19,196
2020-10-28T18:39:41Z,26.73,-90.64,8.19,196
2020-10-28T18:39:42Z,26.73,-90.64,8.19,196
2020-10-28T18:39:43Z,26.73,-90.64,8.19,196
2020-10-28T18:39:44Z,26.73,-90.64,8.19,196
2020-10-28T18:39:45Z,26.73,-90.64,8.19,196
2020-10-28T18:39:46Z,26.73,-90.64,8.19,196
2020-10-28T18:39:47Z,26.73,-90.64,8.19,196
2020-10-28T18:39:48Z,26.73,-90.64,8.19,196
2020-10-28T18:39:49Z,26.73,-90.64,8.19,196
2020-10-28T18:39:50Z,26.73,-90.64,8.19,196
2020-10-28T18:39:51Z,26.73,-90.64,8.19,196
2020-10-28T18:39:52Z,26.73,-90.63,8.19,196
2020-10-28T18:39:53Z,26.73,-90.63,8.19,196
2020-10-28T18:39:54Z,26.73,-90.63,8.19,196
2020-10-28T18:39:55Z,26.73,-90.63,8.19,196
2020-10-28T18:39:56Z,26.73,-90.63,8.19,196
2020-10-28T18:39:57Z,26.73,-90.63,8.19,196
2020-10-28T18:39:58Z,26.73,-90.63,8.19,196
2020-10-28T18:39:59Z,26.73,-90.63,8.19,196
2020-10-28T18:40:00Z,26.73,-90.63,8.19,196
2020-10-28T18:40:01Z,26.73,-90.63,8.19,196
2020-10-28T18:40:02Z,26.73,-90.61,8.19,196
2020-10-28T18:40:03Z,26.73,-90.61,8.19,196
2020-10-28T18:40:04Z,26.73,-90.61,8.19,196
2020-10-28T18:40:05Z,26.73,-90.61,8.19,196
2020-10-28T18:40:06Z,26.73,-90.61,8.19,196
2020-10-28T18:40:07Z,26.73,-90.6,8.19,196
2020-10-28T18:40:08Z,26.73,-90.6,8.19,196
2020-10-28T18:40:09Z,26.73,-90.66,8.19,196
2020-10-28T18:40:10Z,26.73,-90.61,8.19,196
2020-10-28T18:40:11Z,26.73,-90.61,8.19,196
2020-10-28T18:40:12Z,26.73,-90.6,8.19,196
2020-10-28T18:40:13Z,26.73,-90.6,8.19,196
2020-10-28T18:40:14Z,26.73,-90.6,8.19,196
2020-10-28T18:40:15Z,26.73,-90.58,8.19,196
2020-10-28T18:40:16Z,26.73,-90.58,8.19,196
2020-10-28T18:40:17Z,26.73,-90.58,8.19,196
2020-10-28T18:40:18Z,26.73,-90.58,8.19,196
2020-10-28T18:40:19Z,26.73,-90.58,8.19,196
2020-10-28T18:40:20Z,26.73,-90.57,8.19,196
2020-10-28T18:40:21Z,26.73,-90.57,8.19,196
2020-10-28T18:40:22Z,26.73,-90.57,8.19,196
2020-10-28T18:40:23Z,26.73,-90.57,8.19,196
2020-10-28T18:40:24Z,26.73,-90.55,8.19,196
2020-10-28T18:40:25Z,26.73,-90.55,8.19,196
2020-10-28T18:40:26Z,26.73,-90.55,8.19,196
2020-10-28T18:40:27Z,26.73,-90.55,8.19,196
2020-10-28T18:40:28Z,26.73,-90.55,8.19,196
2020-10-28T18:40:29Z,26.73,-90.55,8.19,196
2020-10-28T18:40:30Z,26.73,-90.55,8.19,196
2020-10-28T18:40:31Z,26.73,-90.53,8.19,196
2020-10-28T18:40:32Z,26.73,-90.53,8.19,196
2020-10-28T18:40:33Z,26.76,-90.53,8.19,196
2020-10-28T18:40:34Z,26.76,-90.52,8.19,196
2020-10-28T18:40:35Z,26.76,-90.52,8.19,196
2020-10-28T18:40:36Z,26.76,-91.07,8.2,196
2020-10-28T18:40:37Z,26.76,-90.67,8.19,196
2020-10-28T18:40:38Z,26.76,-90.6,8.19,196
2020-10-28T18:40:39Z,26.76,-90.57,8.19,196
2020-10-28T18:40:40Z,26.76,-90.55,8.19,196
2020-10-28T18:40:41Z,26.76,-90.53,8.19,196
2020-10-28T18:40:42Z,26.76,-90.52,8.19,196
2020-10-28T18:40:43Z,26.76,-90.52,8.19,196
2020-10-28T18:40:44Z,26.76,-90.52,8.19,196
2020-10-28T18:40:45Z,26.76,-90.5,8.19,196
2020-10-28T18:40:46Z,26.76,-90.5,8.19,196
2020-10-28T18:40:47Z,26.76,-90.5,8.19,196
2020-10-28T18:40:48Z,26.76,-90.49,8.19,196
2020-10-28T18:40:49Z,26.76,-90.49,8.19,196
2020-10-28T18:40:50Z,26.78,-90.49,8.19,196
2020-10-28T18:40:51Z,26.78,-90.47,8.19,196
2020-10-28T18:40:52Z,26.78,-90.47,8.19,196
2020-10-28T18:40:53Z,26.78,-90.47,8.19,196
2020-10-28T18:40:54Z,26.78,-90.47,8.19,196
2020-10-28T18:40:55Z,26.78,-90.47,8.19,196
2020-10-28T18:40:56Z,26.78,-90.47,8.19,196
2020-10-28T18:40:57Z,26.78,-90.46,8.19,196
2020-10-28T18:40:58Z,26.78,-90.46,8.19,196
2020-10-28T18:40:59Z,26.78,-90.46,8.19,196
2020-10-28T18:41:00Z,26.78,-90.46,8.19,196
2020-10-28T18:41:01Z,26.78,-90.46,8.19,196
2020-10-28T18:41:02Z,26.78,-90.46,8.19,196
2020-10-28T18:41:03Z,26.78,-90.44,8.19,196
2020-10-28T18:41:04Z,26.78,-90.44,8.19,196
2020-10-28T18:41:05Z,26.78,-90.44,8.19,196
2020-10-28T18:41:06Z,26.78,-90.44,8.19,196
2020-10-28T18:41:07Z,26.81,-90.44,8.19,196
2020-10-28T18:41:08Z,26.81,-90.42,8.19,196
2020-10-28T18:41:09Z,26.81,-90.42,8.19,196
2020-10-28T18:41:10Z,26.81,-90.42,8.19,196
2020-10-28T18:41:11Z,26.81,-90.42,8.19,196
2020-10-28T18:41:12Z,26.81,-90.42,8.19,196
2020-10-28T18:41:13Z,26.81,-90.42,8.19,196
2020-10-28T18:41:14Z,26.81,-90.42,8.19,196
2020-10-28T18:41:15Z,26.81,-90.41,8.19,196
2020-10-28T18:41:16Z,26.81,-90.41,8.19,196
2020-10-28T18:41:17Z,26.81,-90.41,8.19,196
2020-10-28T18:41:18Z,26.81,-90.41,8.19,196
2020-10-28T18:41:19Z,26.81,-90.41,8.19,196
2020-10-28T18:41:20Z,26.81,-90.41,8.19,196
2020-10-28T18:41:21Z,26.81,-90.39,8.19,196
2020-10-28T18:41:22Z,26.81,-90.39,8.19,196
2020-10-28T18:41:23Z,26.81,-90.39,8.19,196
2020-10-28T18:41:24Z,26.81,-90.39,8.19,196
2020-10-28T18:41:25Z,26.83,-90.39,8.19,196
2020-10-28T18:41:26Z,26.83,-90.39,8.19,196
2020-10-28T18:41:27Z,26.83,-90.39,8.19,196
2020-10-28T18:41:28Z,26.83,-90.39,8.19,196
2020-10-28T18:41:29Z,26.83,-90.38,8.19,196
2020-10-28T18:41:30Z,26.83,-90.38,8.19,196
2020-10-28T18:41:31Z,26.83,-90.38,8.19,196
2020-10-28T18:41:32Z,26.83,-90.38,8.19,196
2020-10-28T18:41:33Z,26.83,-90.38,8.19,196
2020-10-28T18:41:34Z,26.83,-90.38,8.19,196
2020-10-28T18:41:35Z,26.83,-90.38,8.19,196
2020-10-28T18:41:36Z,26.83,-90.38,8.19,196
2020-10-28T18:41:37Z,26.83,-90.38,8.19,196
2020-10-28T18:41:38Z,26.83,-90.38,8.19,196
2020-10-28T18:41:39Z,26.83,-90.38,8.19,196
2020-10-28T18:41:40Z,26.83,-90.38,8.19,196
2020-10-28T18:41:41Z,26.83,-90.36,8.19,196
2020-10-28T18:41:42Z,26.83,-90.36,8.19,196
2020-10-28T18:41:43Z,26.83,-90.36,8.19,196
2020-10-28T18:41:44Z,26.85,-90.36,8.19,196
2020-10-28T18:41:45Z,26.85,-90.36,8.19,196
2020-10-28T18:41:46Z,26.85,-90.36,8.19,196
2020-10-28T18:41:47Z,26.85,-90.36,8.19,196
2020-10-28T18:41:48Z,26.85,-90.35,8.19,196
2020-10-28T18:41:49Z,26.85,-90.36,8.19,196
2020-10-28T18:41:50Z,26.85,-90.35,8.19,196
2020-10-28T18:41:51Z,26.85,-90.35,8.19,196
2020-10-28T18:41:52Z,26.85,-90.35,8.19,196
2020-10-28T18:41:53Z,26.85,-90.35,8.19,196
2020-10-28T18:41:54Z,26.85,-90.35,8.19,196
2020-10-28T18:41:55Z,26.85,-90.35,8.19,196
2020-10-28T18:41:56Z,26.85,-90.33,8.19,196
2020-10-28T18:41:57Z,26.85,-90.35,8.19,196
2020-10-28T18:41:58Z,26.85,-90.33,8.19,196
2020-10-28T18:41:59Z,26.85,-90.33,8.19,196
2020-10-28T18:42:00Z,26.85,-90.33,8.19,196
2020-10-28T18:42:01Z,26.85,-90.33,8.19,196
2020-10-28T18:42:02Z,26.88,-90.33,8.19,196
2020-10-28T18:42:03Z,26.88,-90.33,8.19,196
2020-10-28T18:42:04Z,26.88,-90.33,8.19,196
2020-10-28T18:42:05Z,26.88,-90.32,8.19,196
2020-10-28T18:42:06Z,26.88,-90.33,8.19,196
2020-10-28T18:42:07Z,26.88,-90.33,8.19,196
2020-10-28T18:42:08Z,26.88,-90.32,8.19,196
2020-10-28T18:42:09Z,26.88,-90.32,8.19,196
2020-10-28T18:42:10Z,26.88,-90.32,8.19,196
2020-10-28T18:42:11Z,26.88,-90.32,8.19,196
2020-10-28T18:42:12Z,26.88,-90.32,8.19,196
2020-10-28T18:42:13Z,26.88,-90.3,8.19,196
2020-10-28T18:42:14Z,26.88,-90.3,8.19,196
2020-10-28T18:42:15Z,26.88,-90.32,8.19,196
2020-10-28T18:42:16Z,26.88,-90.32,8.19,196
2020-10-28T18:42:17Z,26.9,-90.32,8.19,196
2020-10-28T18:42:18Z,26.9,-90.32,8.19,196
2020-10-28T18:42:19Z,26.9,-90.32,8.19,196
2020-10-28T18:42:20Z,26.9,-90.3,8.19,196
2020-10-28T18:42:21Z,26.9,-90.3,8.19,196
2020-10-28T18:42:22Z,26.9,-90.3,8.19,196
2020-10-28T18:42:23Z,26.9,-90.3,8.19,196
2020-10-28T18:42:24Z,26.9,-90.3,8.19,196
2020-10-28T18:42:25Z,26.9,-90.3,8.19,196
2020-10-28T18:42:26Z,26.9,-90.3,8.19,196
2020-10-28T18:42:27Z,26.9,-90.3,8.19,196
2020-10-28T18:42:28Z,26.9,-90.28,8.19,196
2020-10-28T18:42:29Z,26.9,-90.28,8.19,196
2020-10-28T18:42:30Z,26.9,-90.28,8.19,196
2020-10-28T18:42:31Z,26.93,-90.28,8.19,196
2020-10-28T18:42:32Z,26.93,-90.28,8.19,196
2020-10-28T18:42:33Z,26.93,-90.28,8.19,196
2020-10-28T18:42:34Z,26.93,-90.28,8.19,196
2020-10-28T18:42:35Z,26.93,-90.28,8.19,196
2020-10-28T18:42:36Z,26.93,-90.28,8.19,196
2020-10-28T18:42:37Z,26.93,-90.28,8.19,196
2020-10-28T18:42:38Z,26.93,-90.28,8.19,196
2020-10-28T18:42:39Z,26.93,-90.28,8.19,196
2020-10-28T18:42:40Z,26.93,-90.28,8.19,196
2020-10-28T18:42:41Z,26.93,-90.28,8.19,196
2020-10-28T18:42:42Z,26.93,-90.28,8.19,196
2020-10-28T18:42:43Z,26.93,-90.28,8.19,196
2020-10-28T18:42:44Z,26.95,-90.28,8.19,196
2020-10-28T18:42:45Z,26.95,-90.27,8.18,196
2020-10-28T18:42:46Z,26.95,-90.28,8.19,196
2020-10-28T18:42:47Z,26.95,-90.28,8.19,196
2020-10-28T18:42:48Z,26.95,-90.27,8.18,196
2020-10-28T18:42:49Z,26.95,-90.27,8.18,196
2020-10-28T18:42:50Z,26.95,-90.27,8.18,196
2020-10-28T18:42:51Z,26.95,-90.27,8.18,196
2020-10-28T18:42:52Z,26.95,-90.27,8.18,196
2020-10-28T18:42:53Z,26.95,-90.27,8.18,196
2020-10-28T18:42:54Z,26.95,-90.27,8.18,196
2020-10-28T18:42:55Z,26.95,-90.27,8.18,196
2020-10-28T18:42:56Z,26.98,-90.27,8.18,196
2020-10-28T18:42:57Z,26.98,-90.27,8.18,196
2020-10-28T18:42:58Z,26.98,-90.27,8.18,196
2020-10-28T18:42:59Z,26.98,-90.27,8.18,196
2020-10-28T18:43:00Z,26.98,-90.27,8.18,196
2020-10-28T18:43:01Z,26.98,-90.27,8.18,196
2020-10-28T18:43:02Z,26.98,-90.27,8.18,196
2020-10-28T18:43:03Z,26.98,-90.25,8.18,196
2020-10-28T18:43:04Z,26.98,-90.25,8.18,196
2020-10-28T18:43:05Z,26.98,-90.25,8.18,196
2020-10-28T18:43:06Z,26.98,-90.25,8.18,196
2020-10-28T18:43:07Z,26.98,-90.25,8.18,196
2020-10-28T18:43:08Z,27,-90.25,8.18,196
2020-10-28T18:43:09Z,27,-90.25,8.18,196
2020-10-28T18:43:10Z,27,-90.25,8.18,196
2020-10-28T18:43:11Z,27,-90.25,8.18,196
2020-10-28T18:43:12Z,27,-90.24,8.18,196
2020-10-28T18:43:13Z,27,-90.22,8.18,196
2020-10-28T18:43:14Z,27,-90.3,8.19,196
2020-10-28T18:43:15Z,27,-90.24,8.18,196
2020-10-28T18:43:16Z,27,-90.25,8.18,196
2020-10-28T18:43:17Z,27,-90.1,8.18,196
2020-10-28T18:43:18Z,27,-90.17,8.18,196
2020-10-28T18:43:19Z,27,-89.97,8.18,196
2020-10-28T18:43:20Z,27.03,-90.24,8.18,196
2020-10-28T18:43:21Z,27.03,-90.36,8.19,196
2020-10-28T18:43:22Z,27.03,-90.3,8.19,196
2020-10-28T18:43:23Z,27.03,-90.22,8.18,196
2020-10-28T18:43:24Z,27.03,-90.22,8.18,196
2020-10-28T18:43:25Z,27.03,-90.24,8.18,196
2020-10-28T18:43:26Z,27.03,-90.07,8.18,196
2020-10-28T18:43:27Z,27.03,-90.16,8.18,196
2020-10-28T18:43:28Z,27.03,-90.25,8.18,196
2020-10-28T18:43:29Z,27.03,-90.33,8.19,196
2020-10-28T18:43:30Z,27.03,-90.24,8.18,196
2020-10-28T18:43:31Z,27.03,-90.24,8.18,196
2020-10-28T18:43:32Z,27.03,-90.24,8.18,196
2020-10-28T18:43:33Z,27.03,-90.24,8.18,196
2020-10-28T18:43:34Z,27.05,-90.22,8.18,196
2020-10-28T18:43:35Z,27.05,-90.22,8.18,196
2020-10-28T18:43:36Z,27.05,-90.22,8.18,196
2020-10-28T18:43:37Z,27.05,-90.22,8.18,196
2020-10-28T18:43:38Z,27.05,-90.22,8.18,196
2020-10-28T18:43:39Z,27.05,-90.22,8.18,196
2020-10-28T18:43:40Z,27.05,-90.22,8.18,196
2020-10-28T18:43:41Z,27.05,-90.22,8.18,196
2020-10-28T18:43:42Z,27.05,-90.22,8.18,196
2020-10-28T18:43:43Z,27.05,-90.22,8.18,196
2020-10-28T18:43:44Z,27.05,-90.22,8.18,196
2020-10-28T18:43:45Z,27.05,-90.22,8.18,196
2020-10-28T18:43:46Z,27.05,-90.22,8.18,196
2020-10-28T18:43:47Z,27.05,-90.22,8.18,196
2020-10-28T18:43:48Z,27.05,-90.22,8.18,196
2020-10-28T18:43:49Z,27.08,-90.21,8.18,196
2020-10-28T18:43:50Z,27.08,-90.22,8.18,196
2020-10-28T18:43:51Z,27.08,-90.21,8.18,196
2020-10-28T18:43:52Z,27.08,-90.22,8.18,196
2020-10-28T18:43:53Z,27.08,-90.21,8.18,196
2020-10-28T18:43:54Z,27.08,-90.21,8.18,196
2020-10-28T18:43:55Z,27.08,-90.21,8.18,196
2020-10-28T18:43:56Z,27.08,-90.21,8.18,196
2020-10-28T18:43:57Z,27.08,-90.21,8.18,196
2020-10-28T18:43:58Z,27.08,-90.21,8.18,196
2020-10-28T18:43:59Z,27.08,-90.21,8.18,196
2020-10-28T18:44:00Z,27.08,-90.21,8.18,196
2020-10-28T18:44:01Z,27.08,-90.21,8.18,196
2020-10-28T18:44:02Z,27.1,-90.21,8.18,196
2020-10-28T18:44:03Z,27.1,-90.22,8.18,196
2020-10-28T18:44:04Z,27.1,-90.21,8.18,196
2020-10-28T18:44:05Z,27.1,-90.21,8.18,196
2020-10-28T18:44:06Z,27.1,-90.21,8.18,196
2020-10-28T18:44:07Z,27.1,-90.21,8.18,196
2020-10-28T18:44:08Z,27.1,-90.21,8.18,196
2020-10-28T18:44:09Z,27.1,-90.21,8.18,196
2020-10-28T18:44:10Z,27.1,-90.21,8.18,196
2020-10-28T18:44:11Z,27.1,-90.21,8.18,196
2020-10-28T18:44:12Z,27.1,-90.21,8.18,196
2020-10-28T18:44:13Z,27.1,-90.21,8.18,196
2020-10-28T18:44:14Z,27.1,-90.21,8.18,196
2020-10-28T18:44:15Z,27.12,-90.21,8.18,196
2020-10-28T18:44:16Z,27.12,-90.21,8.18,196
2020-10-28T18:44:17Z,27.12,-90.21,8.18,196
2020-10-28T18:44:18Z,27.12,-90.21,8.18,196
2020-10-28T18:44:19Z,27.12,-90.19,8.18,196
2020-10-28T18:44:20Z,27.12,-90.19,8.18,196
2020-10-28T18:44:21Z,27.12,-90.21,8.18,196
2020-10-28T18:44:22Z,27.12,-90.21,8.18,196
2020-10-28T18:44:23Z,27.12,-90.21,8.18,196
2020-10-28T18:44:24Z,27.12,-90.21,8.18,196
2020-10-28T18:44:25Z,27.12,-90.21,8.18,196
2020-10-28T18:44:26Z,27.12,-90.19,8.18,196
2020-10-28T18:44:27Z,27.15,-90.19,8.18,196
2020-10-28T18:44:28Z,27.15,-90.19,8.18,196
2020-10-28T18:44:29Z,27.15,-90.19,8.18,196
2020-10-28T18:44:30Z,27.15,-90.19,8.18,196
2020-10-28T18:44:31Z,27.15,-90.19,8.18,196
2020-10-28T18:44:32Z,27.15,-90.19,8.18,196
2020-10-28T18:44:33Z,27.15,-90.19,8.18,196
2020-10-28T18:44:34Z,27.15,-90.19,8.18,196
2020-10-28T18:44:35Z,27.15,-90.17,8.18,196
2020-10-28T18:44:36Z,27.15,-90.17,8.18,196
2020-10-28T18:44:37Z,27.15,-90.17,8.18,196
2020-10-28T18:44:38Z,27.15,-90.19,8.18,196
2020-10-28T18:44:39Z,27.17,-90.19,8.18,196
2020-10-28T18:44:40Z,27.17,-90.19,8.18,196
2020-10-28T18:44:41Z,27.17,-90.19,8.18,196
2020-10-28T18:44:42Z,27.17,-90.19,8.18,196
2020-10-28T18:44:43Z,27.17,-90.19,8.18,196
2020-10-28T18:44:44Z,27.17,-90.19,8.18,196
2020-10-28T18:44:45Z,27.17,-90.17,8.18,196
2020-10-28T18:44:46Z,27.17,-90.17,8.18,196
2020-10-28T18:44:47Z,27.17,-90.17,8.18,196
2020-10-28T18:44:48Z,27.17,-90.17,8.18,196
2020-10-28T18:44:49Z,27.17,-90.19,8.18,196
2020-10-28T18:44:50Z,27.17,-90.17,8.18,196
2020-10-28T18:44:51Z,27.17,-90.17,8.18,196
2020-10-28T18:44:52Z,27.2,-90.17,8.18,196
2020-10-28T18:44:53Z,27.2,-90.17,8.18,196
2020-10-28T18:44:54Z,27.2,-90.17,8.18,196
2020-10-28T18:44:55Z,27.2,-90.17,8.18,196
2020-10-28T18:44:56Z,27.2,-90.17,8.18,196
2020-10-28T18:44:57Z,27.2,-90.17,8.18,196
2020-10-28T18:44:58Z,27.2,-90.17,8.18,196
2020-10-28T18:44:59Z,27.2,-90.17,8.18,196
2020-10-28T18:45:00Z,27.2,-90.17,8.18,196
2020-10-28T18:45:01Z,27.2,-90.17,8.18,196
2020-10-28T18:45:02Z,27.2,-90.19,8.18,196
2020-10-28T18:45:03Z,27.2,-90.17,8.18,196
2020-10-28T18:45:04Z,27.2,-90.17,8.18,196
2020-10-28T18:45:05Z,27.2,-90.17,8.18,196
2020-10-28T18:45:06Z,27.22,-90.16,8.18,196
2020-10-28T18:45:07Z,27.22,-90.21,8.18,196
2020-10-28T18:45:08Z,27.22,-90.33,8.18,196
2020-10-28T18:45:09Z,27.22,-90.27,8.18,196
2020-10-28T18:45:10Z,27.22,-90.24,8.18,196
2020-10-28T18:45:11Z,27.22,-90.19,8.18,196
2020-10-28T18:45:12Z,27.22,-90.17,8.18,196
2020-10-28T18:45:13Z,27.22,-90.17,8.18,196
2020-10-28T18:45:14Z,27.22,-90.16,8.18,196
2020-10-28T18:45:15Z,27.22,-90.16,8.18,196
2020-10-28T18:45:16Z,27.22,-90.16,8.18,196
2020-10-28T18:45:17Z,27.22,-90.16,8.18,196
2020-10-28T18:45:18Z,27.22,-90.16,8.18,196
2020-10-28T18:45:19Z,27.22,-90.14,8.18,196
2020-10-28T18:45:20Z,27.25,-90.14,8.18,196
2020-10-28T18:45:21Z,27.25,-90.16,8.18,196
2020-10-28T18:45:22Z,27.25,-90.14,8.18,196
2020-10-28T18:45:23Z,27.25,-90.14,8.18,196
2020-10-28T18:45:24Z,27.25,-90.14,8.18,196
2020-10-28T18:45:25Z,27.25,-90.14,8.18,196
2020-10-28T18:45:26Z,27.25,-90.13,8.18,196
2020-10-28T18:45:27Z,27.25,-90.13,8.18,196
2020-10-28T18:45:28Z,27.25,-90.13,8.18,196
2020-10-28T18:45:29Z,27.25,-90.14,8.18,196
2020-10-28T18:45:30Z,27.25,-90.13,8.18,196
2020-10-28T18:45:31Z,27.25,-90.14,8.18,196
2020-10-28T18:45:32Z,27.25,-90.13,8.18,196
2020-10-28T18:45:33Z,27.25,-90.13,8.18,196
2020-10-28T18:45:34Z,27.25,-90.13,8.18,196
2020-10-28T18:45:35Z,27.25,-90.13,8.18,196
2020-10-28T18:45:36Z,27.27,-90.13,8.18,196
2020-10-28T18:45:37Z,27.27,-90.13,8.18,196
2020-10-28T18:45:38Z,27.27,-90.13,8.18,196
2020-10-28T18:45:39Z,27.27,-90.13,8.18,196
2020-10-28T18:45:40Z,27.27,-90.13,8.18,196
2020-10-28T18:45:41Z,27.27,-90.13,8.18,196
2020-10-28T18:45:42Z,27.27,-90.13,8.18,196
2020-10-28T18:45:43Z,27.27,-90.13,8.18,196
2020-10-28T18:45:44Z,27.27,-90.13,8.18,196
2020-10-28T18:45:45Z,27.27,-90.11,8.18,196
2020-10-28T18:45:46Z,27.27,-90.11,8.18,196
2020-10-28T18:45:47Z,27.27,-90.11,8.18,196
2020-10-28T18:45:48Z,27.27,-90.11,8.18,196
2020-10-28T18:45:49Z,27.27,-90.11,8.18,196
2020-10-28T18:45:50Z,27.27,-90.11,8.18,196
2020-10-28T18:45:51Z,27.27,-90.11,8.18,196
2020-10-28T18:45:52Z,27.27,-90.07,8.18,196
2020-10-28T18:45:53Z,27.3,-90.1,8.18,196
2020-10-28T18:45:54Z,27.3,-90.1,8.18,196
2020-10-28T18:45:55Z,27.3,-90.1,8.18,196
2020-10-28T18:45:56Z,27.3,-90.1,8.18,196
2020-10-28T18:45:57Z,27.3,-90.1,8.18,196
2020-10-28T18:45:58Z,27.3,-90.1,8.18,196
2020-10-28T18:45:59Z,27.3,-90.11,8.18,196
2020-10-28T18:46:00Z,27.3,-90.1,8.18,196
2020-10-28T18:46:01Z,27.3,-90.1,8.18,196
2020-10-28T18:46:02Z,27.3,-90.11,8.18,196
2020-10-28T18:46:03Z,27.3,-90.1,8.18,196
2020-10-28T18:46:04Z,27.3,-90.1,8.18,196
2020-10-28T18:46:05Z,27.3,-90.1,8.18,196
2020-10-28T18:46:06Z,27.3,-90.1,8.18,196
2020-10-28T18:46:07Z,27.3,-90.1,8.18,196
2020-10-28T18:46:08Z,27.3,-90.1,8.18,196
2020-10-28T18:46:09Z,27.3,-90.1,8.18,196
2020-10-28T18:46:10Z,27.3,-90.08,8.18,196
2020-10-28T18:46:11Z,27.32,-90.08,8.18,196
2020-10-28T18:46:12Z,27.32,-90.08,8.18,196
2020-10-28T18:46:13Z,27.32,-90.08,8.18,196
2020-10-28T18:46:14Z,27.32,-90.08,8.18,196
2020-10-28T18:46:15Z,27.32,-90.08,8.18,196
2020-10-28T18:46:16Z,27.32,-90.08,8.18,196
2020-10-28T18:46:17Z,27.32,-90.08,8.18,196
2020-10-28T18:46:18Z,27.32,-90.08,8.18,196
2020-10-28T18:46:19Z,27.32,-90.08,8.18,196
2020-10-28T18:46:20Z,27.32,-90.07,8.18,196
2020-10-28T18:46:21Z,27.32,-90.07,8.18,196
2020-10-28T18:46:22Z,27.32,-90.07,8.18,196
2020-10-28T18:46:23Z,27.32,-90.07,8.18,196
2020-10-28T18:46:24Z,27.32,-90.07,8.18,196
2020-10-28T18:46:25Z,27.32,-90.07,8.18,196
2020-10-28T18:46:26Z,27.32,-90.07,8.18,196
2020-10-28T18:46:27Z,27.32,-90.07,8.18,196
2020-10-28T18:46:28Z,27.32,-90.07,8.18,196
2020-10-28T18:46:29Z,27.32,-90.05,8.18,196
2020-10-28T18:46:30Z,27.35,-90.05,8.18,196
2020-10-28T18:46:31Z,27.35,-90.05,8.18,196
2020-10-28T18:46:32Z,27.35,-90.05,8.18,196
2020-10-28T18:46:33Z,27.35,-90.05,8.18,196
2020-10-28T18:46:34Z,27.35,-90.05,8.18,196
2020-10-28T18:46:35Z,27.35,-90.05,8.18,196
2020-10-28T18:46:36Z,27.35,-90.05,8.18,196
2020-10-28T18:46:37Z,27.35,-90.05,8.18,196
2020-10-28T18:46:38Z,27.35,-90.05,8.18,196
2020-10-28T18:46:39Z,27.35,-90.05,8.18,196
2020-10-28T18:46:40Z,27.35,-90.03,8.18,196
2020-10-28T18:46:41Z,27.35,-90.03,8.18,196
2020-10-28T18:46:42Z,27.35,-90.03,8.18,196
2020-10-28T18:46:43Z,27.35,-90.03,8.18,196
2020-10-28T18:46:44Z,27.35,-90.03,8.18,196
2020-10-28T18:46:45Z,27.35,-90.03,8.18,196
2020-10-28T18:46:46Z,27.35,-90.03,8.18,196
2020-10-28T18:46:47Z,27.35,-90.03,8.18,196
2020-10-28T18:46:48Z,27.35,-90.02,8.18,196
2020-10-28T18:46:49Z,27.35,-90.02,8.18,196
2020-10-28T18:46:50Z,27.35,-90.03,8.18,196
2020-10-28T18:46:51Z,27.37,-90.02,8.18,196
2020-10-28T18:46:52Z,27.37,-90.02,8.18,196
2020-10-28T18:46:53Z,27.37,-90.02,8.18,196
2020-10-28T18:46:54Z,27.37,-90.02,8.18,196
2020-10-28T18:46:55Z,27.37,-90.02,8.18,196
2020-10-28T18:46:56Z,27.37,-90.02,8.18,196
2020-10-28T18:46:57Z,27.37,-90.02,8.18,196
2020-10-28T18:46:58Z,27.37,-90.02,8.18,196
2020-10-28T18:46:59Z,27.37,-90.02,8.18,196
2020-10-28T18:47:00Z,27.37,-90.02,8.18,196
2020-10-28T18:47:01Z,27.37,-90.02,8.18,196
2020-10-28T18:47:02Z,27.37,-90,8.18,196
2020-10-28T18:47:03Z,27.37,-90.02,8.18,196
2020-10-28T18:47:04Z,27.37,-90,8.18,196
2020-10-28T18:47:05Z,27.37,-90,8.18,196
2020-10-28T18:47:06Z,27.37,-90,8.18,196
2020-10-28T18:47:07Z,27.37,-90,8.18,196
2020-10-28T18:47:08Z,27.37,-90,8.18,196
2020-10-28T18:47:09Z,27.37,-90,8.18,196
2020-10-28T18:47:10Z,27.37,-90,8.18,196
2020-10-28T18:47:11Z,27.37,-90,8.18,196
2020-10-28T18:47:12Z,27.37,-90,8.18,196
2020-10-28T18:47:13Z,27.4,-90,8.18,196
2020-10-28T18:47:14Z,27.4,-89.99,8.18,196
2020-10-28T18:47:15Z,27.4,-89.99,8.18,196
2020-10-28T18:47:16Z,27.4,-89.99,8.18,196
2020-10-28T18:47:17Z,27.4,-89.99,8.18,196
2020-10-28T18:47:18Z,27.4,-89.99,8.18,196
2020-10-28T18:47:19Z,27.4,-89.99,8.18,196
2020-10-28T18:47:20Z,27.4,-89.99,8.18,196
2020-10-28T18:47:21Z,27.4,-89.99,8.18,196
2020-10-28T18:47:22Z,27.4,-89.99,8.18,196
2020-10-28T18:47:23Z,27.4,-90.02,8.18,196
2020-10-28T18:47:24Z,27.4,-89.99,8.18,196
2020-10-28T18:47:25Z,27.4,-89.97,8.18,196
2020-10-28T18:47:26Z,27.4,-89.97,8.18,196
2020-10-28T18:47:27Z,27.4,-89.97,8.18,196
2020-10-28T18:47:28Z,27.4,-89.97,8.18,196
2020-10-28T18:47:29Z,27.4,-89.97,8.18,196
2020-10-28T18:47:30Z,27.4,-89.97,8.18,196
2020-10-28T18:47:31Z,27.4,-89.97,8.18,196
2020-10-28T18:47:32Z,27.4,-89.97,8.18,196
2020-10-28T18:47:33Z,27.4,-89.97,8.18,196
2020-10-28T18:47:34Z,27.4,-89.97,8.18,196
2020-10-28T18:47:35Z,27.4,-89.97,8.18,196
2020-10-28T18:47:36Z,27.4,-89.97,8.18,196
2020-10-28T18:47:37Z,27.42,-89.96,8.18,196
2020-10-28T18:47:38Z,27.42,-89.96,8.18,196
2020-10-28T18:47:39Z,27.42,-89.96,8.18,196
2020-10-28T18:47:40Z,27.42,-89.96,8.18,196
2020-10-28T18:47:41Z,27.42,-89.96,8.18,196
2020-10-28T18:47:42Z,27.42,-89.96,8.18,196
2020-10-28T18:47:43Z,27.42,-89.96,8.18,196
2020-10-28T18:47:44Z,27.42,-89.94,8.18,196
2020-10-28T18:47:45Z,27.42,-89.96,8.18,196
2020-10-28T18:47:46Z,27.42,-89.96,8.18,196
2020-10-28T18:47:47Z,27.42,-89.94,8.18,196
2020-10-28T18:47:48Z,27.42,-89.94,8.18,196
2020-10-28T18:47:49Z,27.42,-89.94,8.18,196
2020-10-28T18:47:50Z,27.42,-89.94,8.18,196
2020-10-28T18:47:51Z,27.42,-89.94,8.18,196
2020-10-28T18:47:52Z,27.42,-89.94,8.18,196
2020-10-28T18:47:53Z,27.42,-89.94,8.18,196
2020-10-28T18:47:54Z,27.42,-89.94,8.18,196
2020-10-28T18:47:55Z,27.42,-89.94,8.18,196
2020-10-28T18:47:56Z,27.42,-89.94,8.18,196
2020-10-28T18:47:57Z,27.42,-89.92,8.18,196
2020-10-28T18:47:58Z,27.42,-89.92,8.18,196
2020-10-28T18:47:59Z,27.42,-89.92,8.18,196
2020-10-28T18:48:00Z,27.44,-89.92,8.18,196
2020-10-28T18:48:01Z,27.44,-89.92,8.18,196
2020-10-28T18:48:02Z,27.44,-89.92,8.18,196
2020-10-28T18:48:03Z,27.44,-89.92,8.18,196
2020-10-28T18:48:04Z,27.44,-89.92,8.18,196
2020-10-28T18:48:05Z,27.44,-89.91,8.18,196
2020-10-28T18:48:06Z,27.44,-89.92,8.18,196
2020-10-28T18:48:07Z,27.44,-89.91,8.18,196
2020-10-28T18:48:08Z,27.44,-89.91,8.18,196
2020-10-28T18:48:09Z,27.44,-89.91,8.18,196
2020-10-28T18:48:10Z,27.44,-89.91,8.18,196
2020-10-28T18:48:11Z,27.44,-89.91,8.18,196
2020-10-28T18:48:12Z,27.44,-89.91,8.18,196
2020-10-28T18:48:13Z,27.44,-89.91,8.18,196
2020-10-28T18:48:14Z,27.44,-89.91,8.18,196
2020-10-28T18:48:15Z,27.44,-89.91,8.18,196
2020-10-28T18:48:16Z,27.44,-89.91,8.18,196
2020-10-28T18:48:17Z,27.44,-89.91,8.18,196
2020-10-28T18:48:18Z,27.44,-89.89,8.18,196
2020-10-28T18:48:19Z,27.44,-89.91,8.18,196
2020-10-28T18:48:20Z,27.44,-89.89,8.18,196
2020-10-28T18:48:21Z,27.44,-89.89,8.18,196
2020-10-28T18:48:22Z,27.44,-89.91,8.18,196
2020-10-28T18:48:23Z,27.47,-89.89,8.18,196
2020-10-28T18:48:24Z,27.47,-89.89,8.18,196
2020-10-28T18:48:25Z,27.47,-89.89,8.18,196
2020-10-28T18:48:26Z,27.47,-89.89,8.18,196
2020-10-28T18:48:27Z,27.47,-89.89,8.18,196
2020-10-28T18:48:28Z,27.47,-89.89,8.18,196
2020-10-28T18:48:29Z,27.47,-89.89,8.18,196
2020-10-28T18:48:30Z,27.47,-89.89,8.18,196
2020-10-28T18:48:31Z,27.47,-89.88,8.18,196
2020-10-28T18:48:32Z,27.47,-89.89,8.18,196
2020-10-28T18:48:33Z,27.47,-89.88,8.18,196
2020-10-28T18:48:34Z,27.47,-89.88,8.18,196
2020-10-28T18:48:35Z,27.47,-89.88,8.18,196
2020-10-28T18:48:36Z,27.47,-89.88,8.18,196
2020-10-28T18:48:37Z,27.47,-89.88,8.18,196
2020-10-28T18:48:38Z,27.47,-89.86,8.18,196
2020-10-28T18:48:39Z,27.47,-89.88,8.18,196
2020-10-28T18:48:40Z,27.47,-89.88,8.18,196
2020-10-28T18:48:41Z,27.47,-89.86,8.18,196
2020-10-28T18:48:42Z,27.47,-89.86,8.18,196
2020-10-28T18:48:43Z,27.47,-89.88,8.18,196
2020-10-28T18:48:44Z,27.47,-89.86,8.18,196
2020-10-28T18:48:45Z,27.47,-89.86,8.18,196
2020-10-28T18:48:46Z,27.47,-89.86,8.18,196
2020-10-28T18:48:47Z,27.49,-89.86,8.18,196
2020-10-28T18:48:48Z,27.49,-89.86,8.18,196
2020-10-28T18:48:49Z,27.49,-89.86,8.18,196
2020-10-28T18:48:50Z,27.49,-89.86,8.18,196
2020-10-28T18:48:51Z,27.49,-89.85,8.18,196
2020-10-28T18:48:52Z,27.49,-89.85,8.18,196
2020-10-28T18:48:53Z,27.49,-89.85,8.18,196
2020-10-28T18:48:54Z,27.49,-89.85,8.18,196
2020-10-28T18:48:55Z,27.49,-89.85,8.18,196
2020-10-28T18:48:56Z,27.49,-89.85,8.18,196
2020-10-28T18:48:57Z,27.49,-89.85,8.18,196
2020-10-28T18:48:58Z,27.49,-89.85,8.18,196
2020-10-28T18:48:59Z,27.49,-89.85,8.18,196
2020-10-28T18:49:00Z,27.49,-89.85,8.18,196
2020-10-28T18:49:01Z,27.49,-89.85,8.18,196
2020-10-28T18:49:02Z,27.49,-89.85,8.18,196
2020-10-28T18:49:03Z,27.49,-89.83,8.18,196
2020-10-28T18:49:04Z,27.49,-89.83,8.18,196
2020-10-28T18:49:05Z,27.49,-89.83,8.18,196
2020-10-28T18:49:06Z,27.49,-89.83,8.18,196
2020-10-28T18:49:07Z,27.49,-89.83,8.18,196
2020-10-28T18:49:08Z,27.49,-89.83,8.18,196
2020-10-28T18:49:09Z,27.52,-89.83,8.18,196
2020-10-28T18:49:10Z,27.52,-89.83,8.18,196
2020-10-28T18:49:11Z,27.52,-89.83,8.18,196
2020-10-28T18:49:12Z,27.52,-89.83,8.18,196
2020-10-28T18:49:13Z,27.52,-89.83,8.18,196
2020-10-28T18:49:14Z,27.52,-89.82,8.17,196
2020-10-28T18:49:15Z,27.52,-89.82,8.17,196
2020-10-28T18:49:16Z,27.52,-89.82,8.17,196
2020-10-28T18:49:17Z,27.52,-89.82,8.17,196
2020-10-28T18:49:18Z,27.52,-89.82,8.17,196
2020-10-28T18:49:19Z,27.52,-89.82,8.17,196
2020-10-28T18:49:20Z,27.52,-89.82,8.17,196
2020-10-28T18:49:21Z,27.52,-89.82,8.17,196
2020-10-28T18:49:22Z,27.52,-89.82,8.17,196
2020-10-28T18:49:23Z,27.52,-89.82,8.17,196
2020-10-28T18:49:24Z,27.52,-89.8,8.17,196
2020-10-28T18:49:25Z,27.52,-89.8,8.17,196
2020-10-28T18:49:26Z,27.52,-89.8,8.17,196
2020-10-28T18:49:27Z,27.52,-89.8,8.17,196
2020-10-28T18:49:28Z,27.52,-89.8,8.17,196
2020-10-28T18:49:29Z,27.52,-89.8,8.17,196
2020-10-28T18:49:30Z,27.52,-89.8,8.17,196
2020-10-28T18:49:31Z,27.52,-89.78,8.17,196
2020-10-28T18:49:32Z,27.52,-89.78,8.17,196
2020-10-28T18:49:33Z,27.52,-89.8,8.17,196
2020-10-28T18:49:34Z,27.52,-89.78,8.17,196
2020-10-28T18:49:35Z,27.54,-89.78,8.17,196
2020-10-28T18:49:36Z,27.54,-89.78,8.17,196
2020-10-28T18:49:37Z,27.54,-89.78,8.17,196
2020-10-28T18:49:38Z,27.54,-89.78,8.17,196
2020-10-28T18:49:39Z,27.54,-89.78,8.17,196
2020-10-28T18:49:40Z,27.54,-89.78,8.17,196
2020-10-28T18:49:41Z,27.54,-89.78,8.17,196
2020-10-28T18:49:42Z,27.54,-89.78,8.17,196
2020-10-28T18:49:43Z,27.54,-89.77,8.17,196
2020-10-28T18:49:44Z,27.54,-89.77,8.17,196
2020-10-28T18:49:45Z,27.54,-89.78,8.17,196
2020-10-28T18:49:46Z,27.54,-89.77,8.17,196
2020-10-28T18:49:47Z,27.54,-89.77,8.17,196
2020-10-28T18:49:48Z,27.54,-89.77,8.17,196
2020-10-28T18:49:49Z,27.54,-89.77,8.17,196
2020-10-28T18:49:50Z,27.54,-89.77,8.17,196
2020-10-28T18:49:51Z,27.54,-89.77,8.17,196
2020-10-28T18:49:52Z,27.54,-89.77,8.17,196
2020-10-28T18:49:53Z,27.54,-89.77,8.17,196
2020-10-28T18:49:54Z,27.54,-89.77,8.17,196
2020-10-28T18:49:55Z,27.54,-89.77,8.17,196
2020-10-28T18:49:56Z,27.54,-89.77,8.17,196
2020-10-28T18:49:57Z,27.54,-89.77,8.17,196
2020-10-28T18:49:58Z,27.54,-89.75,8.17,196
2020-10-28T18:49:59Z,27.54,-89.75,8.17,196
2020-10-28T18:50:00Z,27.54,-89.75,8.17,196
2020-10-28T18:50:01Z,27.54,-89.75,8.17,196
2020-10-28T18:50:02Z,27.54,-89.75,8.17,196
2020-10-28T18:50:03Z,27.54,-89.75,8.17,196
2020-10-28T18:50:04Z,27.54,-89.75,8.17,196
2020-10-28T18:50:05Z,27.57,-89.75,8.17,196
2020-10-28T18:50:06Z,27.57,-89.75,8.17,196
2020-10-28T18:50:07Z,27.57,-89.75,8.17,196
2020-10-28T18:50:08Z,27.57,-89.75,8.17,196
2020-10-28T18:50:09Z,27.57,-89.75,8.17,196
2020-10-28T18:50:10Z,27.57,-89.74,8.17,196
2020-10-28T18:50:11Z,27.57,-89.74,8.17,196
2020-10-28T18:50:12Z,27.57,-89.74,8.17,196
2020-10-28T18:50:13Z,27.57,-89.74,8.17,196
2020-10-28T18:50:14Z,27.57,-89.74,8.17,196
2020-10-28T18:50:15Z,27.57,-89.74,8.17,196
2020-10-28T18:50:16Z,27.57,-89.74,8.17,196
2020-10-28T18:50:17Z,27.57,-89.74,8.17,196
2020-10-28T18:50:18Z,27.57,-89.75,8.17,196
2020-10-28T18:50:19Z,27.57,-89.74,8.17,196
2020-10-28T18:50:20Z,27.57,-89.78,8.17,196
2020-10-28T18:50:21Z,27.57,-89.78,8.17,196
2020-10-28T18:50:22Z,27.57,-89.72,8.17,196
2020-10-28T18:50:23Z,27.57,-89.74,8.17,196
2020-10-28T18:50:24Z,27.57,-89.74,8.17,196
2020-10-28T18:50:25Z,27.57,-89.8,8.17,196
2020-10-28T18:50:26Z,27.57,-89.72,8.17,196
2020-10-28T18:50:27Z,27.57,-89.72,8.17,196
2020-10-28T18:50:28Z,27.57,-89.72,8.17,196
2020-10-28T18:50:29Z,27.57,-89.72,8.17,196
2020-10-28T18:50:30Z,27.57,-89.72,8.17,196
2020-10-28T18:50:31Z,27.57,-89.72,8.17,196
2020-10-28T18:50:32Z,27.57,-89.72,8.17,196
2020-10-28T18:50:33Z,27.57,-89.72,8.17,196
2020-10-28T18:50:34Z,27.57,-89.72,8.17,196
2020-10-28T18:50:35Z,27.57,-89.71,8.17,196
2020-10-28T18:50:36Z,27.59,-89.74,8.17,196
2020-10-28T18:50:37Z,27.59,-89.71,8.17,196
2020-10-28T18:50:38Z,27.59,-89.71,8.17,196
2020-10-28T18:50:39Z,27.59,-89.71,8.17,196
2020-10-28T18:50:40Z,27.59,-89.71,8.17,196
2020-10-28T18:50:41Z,27.59,-89.75,8.17,196
2020-10-28T18:50:42Z,27.59,-89.71,8.17,196
2020-10-28T18:50:43Z,27.59,-89.74,8.17,196
2020-10-28T18:50:44Z,27.59,-89.71,8.17,196
2020-10-28T18:50:45Z,27.59,-89.71,8.17,196
2020-10-28T18:50:46Z,27.59,-89.71,8.17,196
2020-10-28T18:50:47Z,27.59,-89.69,8.17,196
2020-10-28T18:50:48Z,27.59,-89.69,8.17,196
2020-10-28T18:50:49Z,27.59,-89.71,8.17,196
2020-10-28T18:50:50Z,27.59,-89.69,8.17,196
2020-10-28T18:50:51Z,27.59,-89.69,8.17,196
2020-10-28T18:50:52Z,27.59,-89.69,8.17,196
2020-10-28T18:50:53Z,27.59,-89.69,8.17,196
2020-10-28T18:50:54Z,27.59,-89.69,8.17,196
2020-10-28T18:50:55Z,27.59,-89.69,8.17,196
2020-10-28T18:50:56Z,27.59,-89.69,8.17,196
2020-10-28T18:50:57Z,27.59,-89.67,8.17,196
2020-10-28T18:50:58Z,27.59,-89.69,8.17,196
2020-10-28T18:50:59Z,27.59,-89.69,8.17,196
2020-10-28T18:51:00Z,27.59,-89.69,8.17,196
2020-10-28T18:51:01Z,27.59,-89.69,8.17,196
2020-10-28T18:51:02Z,27.59,-89.69,8.17,196
2020-10-28T18:51:03Z,27.59,-89.67,8.17,196
2020-10-28T18:51:04Z,27.59,-89.69,8.17,196
2020-10-28T18:51:05Z,27.59,-89.67,8.17,196
2020-10-28T18:51:06Z,27.59,-89.67,8.17,196
2020-10-28T18:51:07Z,27.59,-89.67,8.17,196
2020-10-28T18:51:08Z,27.59,-89.67,8.17,196
2020-10-28T18:51:09Z,27.59,-89.67,8.17,196
2020-10-28T18:51:10Z,27.59,-89.67,8.17,196
2020-10-28T18:51:11Z,27.59,-89.67,8.17,196
2020-10-28T18:51:12Z,27.59,-89.66,8.17,196
2020-10-28T18:51:13Z,27.59,-89.67,8.17,196
2020-10-28T18:51:14Z,27.59,-89.67,8.17,196
2020-10-28T18:51:15Z,27.59,-89.66,8.17,196
2020-10-28T18:51:16Z,27.59,-89.67,8.17,196
2020-10-28T18:51:17Z,27.59,-89.66,8.17,196
2020-10-28T18:51:18Z,27.59,-89.66,8.17,196
2020-10-28T18:51:19Z,27.59,-89.66,8.17,196
2020-10-28T18:51:20Z,27.59,-89.66,8.17,196
2020-10-28T18:51:21Z,27.59,-89.66,8.17,196
2020-10-28T18:51:22Z,27.59,-89.66,8.17,196
2020-10-28T18:51:23Z,27.59,-89.66,8.17,196
2020-10-28T18:51:24Z,27.59,-89.66,8.17,196
2020-10-28T18:51:25Z,27.59,-89.66,8.17,196
2020-10-28T18:51:26Z,27.59,-89.66,8.17,196
2020-10-28T18:51:27Z,27.59,-89.64,8.17,196
2020-10-28T18:51:28Z,27.59,-89.66,8.17,196
2020-10-28T18:51:29Z,27.59,-89.64,8.17,196
2020-10-28T18:51:30Z,27.59,-89.64,8.17,196
2020-10-28T18:51:31Z,27.59,-89.64,8.17,196
2020-10-28T18:51:32Z,27.59,-89.64,8.17,196
2020-10-28T18:51:33Z,27.62,-89.64,8.17,196
2020-10-28T18:51:34Z,27.62,-89.64,8.17,196
2020-10-28T18:51:35Z,27.62,-89.71,8.17,196
2020-10-28T18:51:36Z,27.62,-89.66,8.17,196
2020-10-28T18:51:37Z,27.62,-89.66,8.17,196
2020-10-28T18:51:38Z,27.62,-89.66,8.17,196
2020-10-28T18:51:39Z,27.62,-89.64,8.17,196
2020-10-28T18:51:40Z,27.62,-89.64,8.17,196
2020-10-28T18:51:41Z,27.62,-89.64,8.17,196
2020-10-28T18:51:42Z,27.62,-89.64,8.17,196
2020-10-28T18:51:43Z,27.62,-89.64,8.17,196
2020-10-28T18:51:44Z,27.62,-89.63,8.17,196
2020-10-28T18:51:45Z,27.62,-89.64,8.17,196
2020-10-28T18:51:46Z,27.62,-89.63,8.17,196
2020-10-28T18:51:47Z,27.62,-89.63,8.17,196
2020-10-28T18:51:48Z,27.62,-89.63,8.17,196
2020-10-28T18:51:49Z,27.62,-89.63,8.17,196
2020-10-28T18:51:50Z,27.62,-89.63,8.17,196
2020-10-28T18:51:51Z,27.62,-89.63,8.17,196
2020-10-28T18:51:52Z,27.62,-89.63,8.17,196
2020-10-28T18:51:53Z,27.62,-89.63,8.17,196
2020-10-28T18:51:54Z,27.62,-89.63,8.17,196
2020-10-28T18:51:55Z,27.62,-89.61,8.17,196
2020-10-28T18:51:56Z,27.62,-89.61,8.17,196
2020-10-28T18:51:57Z,27.62,-89.61,8.17,196
2020-10-28T18:51:58Z,27.62,-89.63,8.17,196
2020-10-28T18:51:59Z,27.62,-89.61,8.17,196
2020-10-28T18:52:00Z,27.62,-89.61,8.17,196
2020-10-28T18:52:01Z,27.62,-89.61,8.17,196
2020-10-28T18:52:02Z,27.62,-89.61,8.17,196
2020-10-28T18:52:03Z,27.62,-89.61,8.17,196
2020-10-28T18:52:04Z,27.62,-89.61,8.17,196
2020-10-28T18:52:05Z,27.62,-89.61,8.17,196
2020-10-28T18:52:06Z,27.62,-89.61,8.17,196
2020-10-28T18:52:07Z,27.62,-89.61,8.17,196
2020-10-28T18:52:08Z,27.62,-89.61,8.17,196
2020-10-28T18:52:09Z,27.62,-89.61,8.17,196
2020-10-28T18:52:10Z,27.62,-89.64,8.17,196
2020-10-28T18:52:11Z,27.62,-89.61,8.17,196
2020-10-28T18:52:12Z,27.62,-89.58,8.17,196
2020-10-28T18:52:13Z,27.62,-89.6,8.17,196
2020-10-28T18:52:14Z,27.62,-89.6,8.17,196
2020-10-28T18:52:15Z,27.62,-89.58,8.17,196
2020-10-28T18:52:16Z,27.64,-89.6,8.17,196
2020-10-28T18:52:17Z,27.64,-89.6,8.17,196
2020-10-28T18:52:18Z,27.64,-89.6,8.17,196
2020-10-28T18:52:19Z,27.64,-89.6,8.17,196
2020-10-28T18:52:20Z,27.64,-89.6,8.17,196
2020-10-28T18:52:21Z,27.64,-89.6,8.17,196
2020-10-28T18:52:22Z,27.64,-89.6,8.17,196
2020-10-28T18:52:23Z,27.64,-89.6,8.17,196
2020-10-28T18:52:24Z,27.64,-89.6,8.17,196
2020-10-28T18:52:25Z,27.64,-89.6,8.17,196
2020-10-28T18:52:26Z,27.64,-89.6,8.17,196
2020-10-28T18:52:27Z,27.64,-89.6,8.17,196
2020-10-28T18:52:28Z,27.64,-89.58,8.17,196
2020-10-28T18:52:29Z,27.64,-89.6,8.17,196
2020-10-28T18:52:30Z,27.64,-89.58,8.17,196
2020-10-28T18:52:31Z,27.64,-89.58,8.17,196
2020-10-28T18:52:32Z,27.64,-89.58,8.17,196
2020-10-28T18:52:33Z,27.64,-89.58,8.17,196
2020-10-28T18:52:34Z,27.64,-89.58,8.17,196
2020-10-28T18:52:35Z,27.64,-89.58,8.17,196
2020-10-28T18:52:36Z,27.64,-89.58,8.17,196
2020-10-28T18:52:37Z,27.64,-89.58,8.17,196
2020-10-28T18:52:38Z,27.64,-89.58,8.17,196
2020-10-28T18:52:39Z,27.64,-89.58,8.17,196
2020-10-28T18:52:40Z,27.64,-89.58,8.17,196
2020-10-28T18:52:41Z,27.64,-89.58,8.17,196
2020-10-28T18:52:42Z,27.64,-89.58,8.17,196
2020-10-28T18:52:43Z,27.64,-89.58,8.17,196
2020-10-28T18:52:44Z,27.64,-89.58,8.17,196
2020-10-28T18:52:45Z,27.64,-89.58,8.17,196
2020-10-28T18:52:46Z,27.64,-89.58,8.17,196
2020-10-28T18:52:47Z,27.64,-89.58,8.17,196
2020-10-28T18:52:48Z,27.64,-89.58,8.17,196
2020-10-28T18:52:49Z,27.64,-89.58,8.17,196
2020-10-28T18:52:50Z,27.64,-89.58,8.17,196
2020-10-28T18:52:51Z,27.64,-89.58,8.17,196
2020-10-28T18:52:52Z,27.64,-89.58,8.17,196
2020-10-28T18:52:53Z,27.64,-89.57,8.17,196
2020-10-28T18:52:54Z,27.64,-89.57,8.17,196
2020-10-28T18:52:55Z,27.64,-89.57,8.17,196
2020-10-28T18:52:56Z,27.64,-89.57,8.17,196
2020-10-28T18:52:57Z,27.64,-89.57,8.17,196
2020-10-28T18:52:58Z,27.64,-89.57,8.17,196
2020-10-28T18:52:59Z,27.64,-89.57,8.17,196
2020-10-28T18:53:00Z,27.64,-89.57,8.17,196
2020-10-28T18:53:01Z,27.64,-89.57,8.17,196
2020-10-28T18:53:02Z,27.64,-89.57,8.17,196
2020-10-28T18:53:03Z,27.64,-89.57,8.17,196
2020-10-28T18:53:04Z,27.64,-89.57,8.17,196
2020-10-28T18:53:05Z,27.64,-89.57,8.17,196
2020-10-28T18:53:06Z,27.64,-89.57,8.17,196
2020-10-28T18:53:07Z,27.64,-89.57,8.17,196
2020-10-28T18:53:08Z,27.64,-89.57,8.17,196
2020-10-28T18:53:09Z,27.64,-89.57,8.17,196
2020-10-28T18:53:10Z,27.64,-89.57,8.17,196
2020-10-28T18:53:11Z,27.64,-89.57,8.17,196
2020-10-28T18:53:12Z,27.64,-89.55,8.17,196
2020-10-28T18:53:13Z,27.64,-89.57,8.17,196
2020-10-28T18:53:14Z,27.64,-89.57,8.17,196
2020-10-28T18:53:15Z,27.64,-89.57,8.17,196
2020-10-28T18:53:16Z,27.64,-89.57,8.17,196
2020-10-28T18:53:17Z,27.64,-89.57,8.17,196
2020-10-28T18:53:18Z,27.64,-89.57,8.17,196
2020-10-28T18:53:19Z,27.64,-89.57,8.17,196
2020-10-28T18:53:20Z,27.64,-89.55,8.17,196
2020-10-28T18:53:21Z,27.64,-89.57,8.17,196
2020-10-28T18:53:22Z,27.64,-89.55,8.17,196
2020-10-28T18:53:23Z,27.64,-89.55,8.17,196
2020-10-28T18:53:24Z,27.64,-89.57,8.17,196
2020-10-28T18:53:25Z,27.64,-89.55,8.17,196
2020-10-28T18:53:26Z,27.64,-89.57,8.17,196
2020-10-28T18:53:27Z,27.64,-89.55,8.17,196
2020-10-28T18:53:28Z,27.64,-89.55,8.17,196
2020-10-28T18:53:29Z,27.64,-89.57,8.17,196
2020-10-28T18:53:30Z,27.64,-89.57,8.17,196
2020-10-28T18:53:31Z,27.64,-89.55,8.17,196
2020-10-28T18:53:32Z,27.64,-89.55,8.17,196
2020-10-28T18:53:33Z,27.64,-89.55,8.17,196
2020-10-28T18:53:34Z,27.64,-89.55,8.17,196
2020-10-28T18:53:35Z,27.64,-89.55,8.17,196
2020-10-28T18:53:36Z,27.64,-89.55,8.17,196
2020-10-28T18:53:37Z,27.64,-89.55,8.17,196
2020-10-28T18:53:38Z,27.64,-89.55,8.17,196
2020-10-28T18:53:39Z,27.64,-89.55,8.17,196
2020-10-28T18:53:40Z,27.64,-89.55,8.17,196
2020-10-28T18:53:41Z,27.64,-89.55,8.17,196
2020-10-28T18:53:42Z,27.64,-89.55,8.17,196
2020-10-28T18:53:43Z,27.64,-89.55,8.17,196
2020-10-28T18:53:44Z,27.64,-89.55,8.17,196
2020-10-28T18:53:45Z,27.64,-89.57,8.17,196
2020-10-28T18:53:46Z,27.64,-89.55,8.17,196
2020-10-28T18:53:47Z,27.62,-89.55,8.17,196
2020-10-28T18:53:48Z,27.64,-89.55,8.17,196
2020-10-28T18:53:49Z,27.62,-89.57,8.17,196
2020-10-28T18:53:50Z,27.62,-89.55,8.17,196
2020-10-28T18:53:51Z,27.62,-89.57,8.17,196
2020-10-28T18:53:52Z,27.62,-89.55,8.17,196
2020-10-28T18:53:53Z,27.62,-89.55,8.17,196
2020-10-28T18:53:54Z,27.62,-89.55,8.17,196
2020-10-28T18:53:55Z,27.62,-89.55,8.17,196
2020-10-28T18:53:56Z,27.62,-89.55,8.17,196
2020-10-28T18:53:57Z,27.62,-89.57,8.17,196
2020-10-28T18:53:58Z,27.62,-89.55,8.17,196
2020-10-28T18:53:59Z,27.62,-89.55,8.17,196
2020-10-28T18:54:00Z,27.62,-89.55,8.17,196
2020-10-28T18:54:01Z,27.62,-89.55,8.17,196
2020-10-28T18:54:02Z,27.62,-89.55,8.17,196
2020-10-28T18:54:03Z,27.62,-89.55,8.17,196
2020-10-28T18:54:04Z,27.62,-89.55,8.17,196
2020-10-28T18:54:05Z,27.62,-89.55,8.17,196
2020-10-28T18:54:06Z,27.62,-89.55,8.17,196
2020-10-28T18:54:07Z,27.62,-89.55,8.17,196
2020-10-28T18:54:08Z,27.62,-89.55,8.17,196
2020-10-28T18:54:09Z,27.62,-89.55,8.17,196
2020-10-28T18:54:10Z,27.62,-89.55,8.17,196
2020-10-28T18:54:11Z,27.62,-89.55,8.17,196
2020-10-28T18:54:12Z,27.62,-89.55,8.17,196
2020-10-28T18:54:13Z,27.62,-89.55,8.17,196
2020-10-28T18:54:14Z,27.62,-89.55,8.17,196
2020-10-28T18:54:15Z,27.62,-89.55,8.17,196
2020-10-28T18:54:16Z,27.62,-89.55,8.17,196
2020-10-28T18:54:17Z,27.62,-89.57,8.17,196
2020-10-28T18:54:18Z,27.62,-89.57,8.17,196
2020-10-28T18:54:19Z,27.62,-89.55,8.17,196
2020-10-28T18:54:20Z,27.62,-89.52,8.17,196
2020-10-28T18:54:21Z,27.62,-89.55,8.17,196
2020-10-28T18:54:22Z,27.62,-89.55,8.17,196
2020-10-28T18:54:23Z,27.62,-89.55,8.17,196
2020-10-28T18:54:24Z,27.62,-89.55,8.17,196
2020-10-28T18:54:25Z,27.62,-89.55,8.17,196
2020-10-28T18:54:26Z,27.62,-89.55,8.17,196
2020-10-28T18:54:27Z,27.62,-89.55,8.17,196
2020-10-28T18:54:28Z,27.62,-89.55,8.17,196
2020-10-28T18:54:29Z,27.62,-89.53,8.17,196
2020-10-28T18:54:30Z,27.62,-89.57,8.17,196
2020-10-28T18:54:31Z,27.62,-89.57,8.17,196
2020-10-28T18:54:32Z,27.62,-89.57,8.17,196
2020-10-28T18:54:33Z,27.62,-89.55,8.17,196
2020-10-28T18:54:34Z,27.62,-89.57,8.17,196
2020-10-28T18:54:35Z,27.62,-89.55,8.17,196
2020-10-28T18:54:36Z,27.62,-89.96,8.18,196
2020-10-28T18:54:37Z,27.64,-89.61,8.17,196
2020-10-28T18:54:38Z,27.64,-89.27,8.17,196
2020-10-28T18:54:39Z,27.64,-89.53,8.17,196
2020-10-28T18:54:40Z,27.64,-89.53,8.17,196
2020-10-28T18:54:41Z,27.64,-89.55,8.17,196
2020-10-28T18:54:42Z,27.64,-89.53,8.17,196
2020-10-28T18:54:43Z,27.64,-89.57,8.17,196
2020-10-28T18:54:44Z,27.64,-89.6,8.17,196
2020-10-28T18:54:45Z,27.64,-89.42,8.17,196
2020-10-28T18:54:46Z,27.64,-89.53,8.17,196
2020-10-28T18:54:47Z,27.64,-89.53,8.17,196
2020-10-28T18:54:48Z,27.62,-89.53,8.17,196
2020-10-28T18:54:49Z,27.62,-89.53,8.17,196
2020-10-28T18:54:50Z,27.62,-89.53,8.17,196
2020-10-28T18:54:51Z,27.62,-89.6,8.17,196
2020-10-28T18:54:52Z,27.62,-89.42,8.17,196
2020-10-28T18:54:53Z,27.62,-89.53,8.17,196
2020-10-28T18:54:54Z,27.62,-89.53,8.17,196
2020-10-28T18:54:55Z,27.62,-89.53,8.17,196
2020-10-28T18:54:56Z,27.62,-89.53,8.17,196
2020-10-28T18:54:57Z,27.62,-89.53,8.17,196
2020-10-28T18:54:58Z,27.62,-89.53,8.17,196
2020-10-28T18:54:59Z,27.62,-89.53,8.17,196
2020-10-28T18:55:00Z,27.62,-89.53,8.17,196
2020-10-28T18:55:01Z,27.62,-89.55,8.17,196
2020-10-28T18:55:02Z,27.62,-89.53,8.17,196
2020-10-28T18:55:03Z,27.62,-89.53,8.17,196
2020-10-28T18:55:04Z,27.62,-89.55,8.17,196
2020-10-28T18:55:05Z,27.62,-89.53,8.17,196
2020-10-28T18:55:06Z,27.62,-89.55,8.17,196
2020-10-28T18:55:07Z,27.62,-89.55,8.17,196
2020-10-28T18:55:08Z,27.62,-89.55,8.17,196
2020-10-28T18:55:09Z,27.62,-89.55,8.17,196
2020-10-28T18:55:10Z,27.62,-89.55,8.17,196
2020-10-28T18:55:11Z,27.62,-89.55,8.17,196
2020-10-28T18:55:12Z,27.62,-89.53,8.17,196
2020-10-28T18:55:13Z,27.62,-89.55,8.17,196
2020-10-28T18:55:14Z,27.62,-89.53,8.17,196
2020-10-28T18:55:15Z,27.62,-89.55,8.17,196
2020-10-28T18:55:16Z,27.62,-89.55,8.17,196
2020-10-28T18:55:17Z,27.62,-89.55,8.17,196
2020-10-28T18:55:18Z,27.62,-89.55,8.17,196
2020-10-28T18:55:19Z,27.62,-89.55,8.17,196
2020-10-28T18:55:20Z,27.62,-89.55,8.17,196
2020-10-28T18:55:21Z,27.62,-89.55,8.17,196
2020-10-28T18:55:22Z,27.62,-89.55,8.17,196
2020-10-28T18:55:23Z,27.62,-89.55,8.17,196
2020-10-28T18:55:24Z,27.62,-89.55,8.17,196
2020-10-28T18:55:25Z,27.62,-89.55,8.17,196
2020-10-28T18:55:26Z,27.62,-89.55,8.17,196
2020-10-28T18:55:27Z,27.62,-89.55,8.17,196
2020-10-28T18:55:28Z,27.62,-89.55,8.17,196
2020-10-28T18:55:29Z,27.62,-89.55,8.17,196
2020-10-28T18:55:30Z,27.62,-89.55,8.17,196
2020-10-28T18:55:31Z,27.62,-89.55,8.17,196
2020-10-28T18:55:32Z,27.62,-89.55,8.17,196
2020-10-28T18:55:33Z,27.62,-89.55,8.17,196
2020-10-28T18:55:34Z,27.62,-89.55,8.17,196
2020-10-28T18:55:35Z,27.62,-89.53,8.17,196
2020-10-28T18:55:36Z,27.62,-90.08,8.18,196
2020-10-28T18:55:37Z,27.62,-89.69,8.17,196
2020-10-28T18:55:38Z,27.62,-89.63,8.17,196
2020-10-28T18:55:39Z,27.62,-89.6,8.17,196
2020-10-28T18:55:40Z,27.62,-89.58,8.17,196
2020-10-28T18:55:41Z,27.62,-89.57,8.17,196
2020-10-28T18:55:42Z,27.62,-89.57,8.17,196
2020-10-28T18:55:43Z,27.62,-89.57,8.17,196
2020-10-28T18:55:44Z,27.62,-89.39,8.17,196
2020-10-28T18:55:45Z,27.62,-89.74,8.17,196
2020-10-28T18:55:46Z,27.62,-89.74,8.17,196
2020-10-28T18:55:47Z,27.62,-89.61,8.17,196
2020-10-28T18:55:48Z,27.62,-89.58,8.17,196
2020-10-28T18:55:49Z,27.62,-89.58,8.17,196
2020-10-28T18:55:50Z,27.62,-89.57,8.17,196
2020-10-28T18:55:51Z,27.62,-89.55,8.17,196
2020-10-28T18:55:52Z,27.62,-89.55,8.17,196
2020-10-28T18:55:53Z,27.62,-89.55,8.17,196
2020-10-28T18:55:54Z,27.62,-89.55,8.17,196
2020-10-28T18:55:55Z,27.62,-89.53,8.17,196
2020-10-28T18:55:56Z,27.62,-89.53,8.17,196
2020-10-28T18:55:57Z,27.62,-89.55,8.17,196
2020-10-28T18:55:58Z,27.62,-89.53,8.17,196
2020-10-28T18:55:59Z,27.62,-89.53,8.17,196
2020-10-28T18:56:00Z,27.62,-89.53,8.17,196
2020-10-28T18:56:01Z,27.62,-89.55,8.17,196
2020-10-28T18:56:02Z,27.62,-89.55,8.17,196
2020-10-28T18:56:03Z,27.62,-89.53,8.17,196
2020-10-28T18:56:04Z,27.62,-89.53,8.17,196
2020-10-28T18:56:05Z,27.62,-89.55,8.17,196
2020-10-28T18:56:06Z,27.62,-89.55,8.17,196
2020-10-28T18:56:07Z,27.62,-89.55,8.17,196
2020-10-28T18:56:08Z,27.62,-89.55,8.17,196
2020-10-28T18:56:09Z,27.62,-89.55,8.17,196
2020-10-28T18:56:10Z,27.62,-89.53,8.17,196
2020-10-28T18:56:11Z,27.62,-89.55,8.17,196
2020-10-28T18:56:12Z,27.62,-89.55,8.17,196
2020-10-28T18:56:13Z,27.62,-89.53,8.17,196
2020-10-28T18:56:14Z,27.62,-89.55,8.17,196
2020-10-28T18:56:15Z,27.62,-89.55,8.17,196
2020-10-28T18:56:16Z,27.62,-89.55,8.17,196
2020-10-28T18:56:17Z,27.62,-89.55,8.17,196
2020-10-28T18:56:18Z,27.62,-89.53,8.17,196
2020-10-28T18:56:19Z,27.62,-89.55,8.17,196
2020-10-28T18:56:20Z,27.62,-89.55,8.17,196
2020-10-28T18:56:21Z,27.62,-89.55,8.17,196
2020-10-28T18:56:22Z,27.62,-89.55,8.17,196
2020-10-28T18:56:23Z,27.62,-89.55,8.17,196
2020-10-28T18:56:24Z,27.62,-89.55,8.17,196
2020-10-28T18:56:25Z,27.62,-89.55,8.17,196
2020-10-28T18:56:26Z,27.62,-89.55,8.17,196
2020-10-28T18:56:27Z,27.62,-89.55,8.17,196
2020-10-28T18:56:28Z,27.62,-89.55,8.17,196
2020-10-28T18:56:29Z,27.62,-89.55,8.17,196
2020-10-28T18:56:30Z,27.62,-89.55,8.17,196
2020-10-28T18:56:31Z,27.62,-89.55,8.17,196
2020-10-28T18:56:32Z,27.62,-89.55,8.17,196
2020-10-28T18:56:33Z,27.62,-89.55,8.17,196
2020-10-28T18:56:34Z,27.62,-89.55,8.17,196
2020-10-28T18:56:35Z,27.62,-89.55,8.17,196
2020-10-28T18:56:36Z,27.62,-89.55,8.17,196
2020-10-28T18:56:37Z,27.62,-89.55,8.17,196
2020-10-28T18:56:38Z,27.62,-89.55,8.17,196
2020-10-28T18:56:39Z,27.62,-89.55,8.17,196
2020-10-28T18:56:40Z,27.62,-89.55,8.17,196
2020-10-28T18:56:41Z,27.62,-89.55,8.17,196
2020-10-28T18:56:42Z,27.62,-89.55,8.17,196
2020-10-28T18:56:43Z,27.62,-89.55,8.17,196
2020-10-28T18:56:44Z,27.62,-89.55,8.17,196
2020-10-28T18:56:45Z,27.62,-89.55,8.17,196
2020-10-28T18:56:46Z,27.62,-89.55,8.17,196
2020-10-28T18:56:47Z,27.62,-89.55,8.17,196
2020-10-28T18:56:48Z,27.62,-89.55,8.17,196
2020-10-28T18:56:49Z,27.62,-89.55,8.17,196
2020-10-28T18:56:50Z,27.62,-89.55,8.17,196
2020-10-28T18:56:51Z,27.62,-89.55,8.17,196
2020-10-28T18:56:52Z,27.62,-89.55,8.17,196
2020-10-28T18:56:53Z,27.62,-89.55,8.17,196
2020-10-28T18:56:54Z,27.62,-89.55,8.17,196
2020-10-28T18:56:55Z,27.62,-89.55,8.17,196
2020-10-28T18:56:56Z,27.62,-89.55,8.17,196
2020-10-28T18:56:57Z,27.62,-89.55,8.17,196
2020-10-28T18:56:58Z,27.62,-89.55,8.17,196
2020-10-28T18:56:59Z,27.62,-89.55,8.17,196
2020-10-28T18:57:00Z,27.62,-89.55,8.17,196
2020-10-28T18:57:01Z,27.62,-89.55,8.17,196
2020-10-28T18:57:02Z,27.62,-89.55,8.17,196
2020-10-28T18:57:03Z,27.62,-89.55,8.17,196
2020-10-28T18:57:04Z,27.62,-89.55,8.17,196
2020-10-28T18:57:05Z,27.62,-89.55,8.17,196
2020-10-28T18:57:06Z,27.62,-89.55,8.17,196
2020-10-28T18:57:07Z,27.62,-89.55,8.17,196
2020-10-28T18:57:08Z,27.62,-89.55,8.17,196
2020-10-28T18:57:09Z,27.62,-89.55,8.17,196
2020-10-28T18:57:10Z,27.62,-89.55,8.17,196
2020-10-28T18:57:11Z,27.62,-89.55,8.17,196
2020-10-28T18:57:12Z,27.62,-89.55,8.17,196
2020-10-28T18:57:13Z,27.62,-89.55,8.17,196
2020-10-28T18:57:14Z,27.62,-89.55,8.17,196
2020-10-28T18:57:15Z,27.62,-89.55,8.17,196
2020-10-28T18:57:16Z,27.62,-89.55,8.17,196
2020-10-28T18:57:17Z,27.62,-89.55,8.17,196
2020-10-28T18:57:18Z,27.62,-89.61,8.17,196
2020-10-28T18:57:19Z,27.62,-89.58,8.17,196
2020-10-28T18:57:20Z,27.62,-89.57,8.17,196
2020-10-28T18:57:21Z,27.62,-89.57,8.17,196
2020-10-28T18:57:22Z,27.62,-89.55,8.17,196
2020-10-28T18:57:23Z,27.62,-89.55,8.17,196
2020-10-28T18:57:24Z,27.62,-89.55,8.17,196
2020-10-28T18:57:25Z,27.62,-89.55,8.17,196
2020-10-28T18:57:26Z,27.62,-89.55,8.17,196
2020-10-28T18:57:27Z,27.62,-89.55,8.17,196
2020-10-28T18:57:28Z,27.62,-89.55,8.17,196
2020-10-28T18:57:29Z,27.62,-89.55,8.17,196
2020-10-28T18:57:30Z,27.62,-89.55,8.17,196
2020-10-28T18:57:31Z,27.62,-89.55,8.17,196
2020-10-28T18:57:32Z,27.62,-89.55,8.17,196
2020-10-28T18:57:33Z,27.62,-89.55,8.17,196
2020-10-28T18:57:34Z,27.62,-89.55,8.17,196
2020-10-28T18:57:35Z,27.62,-89.55,8.17,196
2020-10-28T18:57:36Z,27.62,-89.55,8.17,196
2020-10-28T18:57:37Z,27.62,-89.55,8.17,196
2020-10-28T18:57:38Z,27.62,-89.55,8.17,196
2020-10-28T18:57:39Z,27.62,-89.55,8.17,196
2020-10-28T18:57:40Z,27.62,-89.55,8.17,196
2020-10-28T18:57:41Z,27.62,-89.55,8.17,196
2020-10-28T18:57:42Z,27.62,-89.55,8.17,196
2020-10-28T18:57:43Z,27.62,-89.55,8.17,196
2020-10-28T18:57:44Z,27.62,-89.55,8.17,196
2020-10-28T18:57:45Z,27.62,-89.55,8.17,196
2020-10-28T18:57:46Z,27.62,-89.55,8.17,196
2020-10-28T18:57:47Z,27.62,-89.55,8.17,196
2020-10-28T18:57:48Z,27.62,-89.55,8.17,196
2020-10-28T18:57:49Z,27.62,-89.55,8.17,196
2020-10-28T18:57:50Z,27.62,-89.55,8.17,196
2020-10-28T18:57:51Z,27.62,-89.55,8.17,196
2020-10-28T18:57:52Z,27.62,-89.55,8.17,196
2020-10-28T18:57:53Z,27.62,-89.55,8.17,196
2020-10-28T18:57:54Z,27.62,-89.55,8.17,196
2020-10-28T18:57:55Z,27.62,-89.55,8.17,196
2020-10-28T18:57:56Z,27.62,-89.55,8.17,196
2020-10-28T18:57:57Z,27.62,-89.55,8.17,196
2020-10-28T18:57:58Z,27.62,-89.55,8.17,196
2020-10-28T18:57:59Z,27.62,-89.55,8.17,196
2020-10-28T18:58:00Z,27.62,-89.55,8.17,196
2020-10-28T18:58:01Z,27.62,-89.55,8.17,196
2020-10-28T18:58:02Z,27.62,-89.57,8.17,196
2020-10-28T18:58:03Z,27.62,-89.55,8.17,196
2020-10-28T18:58:04Z,27.62,-89.55,8.17,196
2020-10-28T18:58:05Z,27.62,-89.57,8.17,196
2020-10-28T18:58:06Z,27.62,-89.55,8.17,196
2020-10-28T18:58:07Z,27.62,-89.55,8.17,196
2020-10-28T18:58:08Z,27.62,-89.57,8.17,196
2020-10-28T18:58:09Z,27.62,-89.57,8.17,196
2020-10-28T18:58:10Z,27.62,-89.55,8.17,196
2020-10-28T18:58:11Z,27.62,-89.55,8.17,196
2020-10-28T18:58:12Z,27.62,-89.55,8.17,196
2020-10-28T18:58:13Z,27.62,-89.55,8.17,196
2020-10-28T18:58:14Z,27.62,-89.55,8.17,196
2020-10-28T18:58:15Z,27.62,-89.55,8.17,196
2020-10-28T18:58:16Z,27.62,-89.55,8.17,196
2020-10-28T18:58:17Z,27.62,-89.55,8.17,196
2020-10-28T18:58:18Z,27.62,-89.57,8.17,196
2020-10-28T18:58:19Z,27.62,-89.55,8.17,196
2020-10-28T18:58:20Z,27.62,-89.55,8.17,196
2020-10-28T18:58:21Z,27.62,-89.55,8.17,196
2020-10-28T18:58:22Z,27.62,-89.55,8.17,196
2020-10-28T18:58:23Z,27.62,-89.55,8.17,196
2020-10-28T18:58:24Z,27.62,-89.57,8.17,196
2020-10-28T18:58:25Z,27.62,-89.57,8.17,196
2020-10-28T18:58:26Z,27.62,-89.57,8.17,196
2020-10-28T18:58:27Z,27.62,-89.57,8.17,196
2020-10-28T18:58:28Z,27.62,-89.57,8.17,196
2020-10-28T18:58:29Z,27.62,-89.55,8.17,196
2020-10-28T18:58:30Z,27.62,-89.57,8.17,196
2020-10-28T18:58:31Z,27.62,-89.57,8.17,196
2020-10-28T18:58:32Z,27.62,-89.57,8.17,196
2020-10-28T18:58:33Z,27.62,-89.57,8.17,196
2020-10-28T18:58:34Z,27.62,-89.57,8.17,196
2020-10-28T18:58:35Z,27.62,-89.57,8.17,196
2020-10-28T18:58:36Z,27.62,-89.55,8.17,196
2020-10-28T18:58:37Z,27.62,-89.55,8.17,196
2020-10-28T18:58:38Z,27.62,-89.55,8.17,196
2020-10-28T18:58:39Z,27.62,-89.55,8.17,196
2020-10-28T18:58:40Z,27.62,-89.57,8.17,196
2020-10-28T18:58:41Z,27.62,-89.55,8.17,196
2020-10-28T18:58:42Z,27.62,-89.55,8.17,196
2020-10-28T18:58:43Z,27.62,-89.55,8.17,196
2020-10-28T18:58:44Z,27.62,-89.57,8.17,196
2020-10-28T18:58:45Z,27.62,-89.55,8.17,196
2020-10-28T18:58:46Z,27.62,-89.57,8.17,196
2020-10-28T18:58:47Z,27.62,-89.57,8.17,196
2020-10-28T18:58:48Z,27.62,-89.55,8.17,196
2020-10-28T18:58:49Z,27.62,-89.57,8.17,196
2020-10-28T18:58:50Z,27.62,-89.57,8.17,196
2020-10-28T18:58:51Z,27.62,-89.55,8.17,196
2020-10-28T18:58:52Z,27.62,-89.57,8.17,196
2020-10-28T18:58:53Z,27.62,-89.55,8.17,196
2020-10-28T18:58:54Z,27.62,-89.55,8.17,196
2020-10-28T18:58:55Z,27.62,-89.55,8.17,196
2020-10-28T18:58:56Z,27.62,-89.55,8.17,196
2020-10-28T18:58:57Z,27.62,-89.57,8.17,196
2020-10-28T18:58:58Z,27.62,-89.57,8.17,196
2020-10-28T18:58:59Z,27.62,-89.57,8.17,196
2020-10-28T18:59:00Z,27.62,-89.57,8.17,196
2020-10-28T18:59:01Z,27.62,-89.57,8.17,196
2020-10-28T18:59:02Z,27.64,-89.55,8.17,196
2020-10-28T18:59:03Z,27.64,-89.55,8.17,196
2020-10-28T18:59:04Z,27.64,-89.55,8.17,196
2020-10-28T18:59:05Z,27.64,-89.57,8.17,196
2020-10-28T18:59:06Z,27.64,-89.57,8.17,196
2020-10-28T18:59:07Z,27.64,-89.57,8.17,196
2020-10-28T18:59:08Z,27.64,-89.55,8.17,196
2020-10-28T18:59:09Z,27.64,-89.55,8.17,196
2020-10-28T18:59:10Z,27.64,-89.57,8.17,196
2020-10-28T18:59:11Z,27.64,-89.55,8.17,196
2020-10-28T18:59:12Z,27.64,-89.57,8.17,196
2020-10-28T18:59:13Z,27.64,-89.57,8.17,196
2020-10-28T18:59:14Z,27.64,-89.55,8.17,196
2020-10-28T18:59:15Z,27.64,-89.57,8.17,196
2020-10-28T18:59:16Z,27.64,-89.58,8.17,196
2020-10-28T18:59:17Z,27.64,-89.6,8.17,196
2020-10-28T18:59:18Z,27.64,-89.57,8.17,196
2020-10-28T18:59:19Z,27.64,-89.52,8.17,196
2020-10-28T18:59:20Z,27.64,-89.53,8.17,196
2020-10-28T18:59:21Z,27.64,-89.55,8.17,196
2020-10-28T18:59:22Z,27.64,-89.57,8.17,196
2020-10-28T18:59:23Z,27.64,-89.55,8.17,196
2020-10-28T18:59:24Z,27.64,-89.57,8.17,196
2020-10-28T18:59:25Z,27.64,-89.55,8.17,196
2020-10-28T18:59:26Z,27.64,-89.55,8.17,196
2020-10-28T18:59:27Z,27.64,-89.55,8.17,196
2020-10-28T18:59:28Z,27.64,-89.55,8.17,196
2020-10-28T18:59:29Z,27.64,-89.55,8.17,196
2020-10-28T18:59:30Z,27.64,-89.55,8.17,196
2020-10-28T18:59:31Z,27.64,-89.55,8.17,196
2020-10-28T18:59:32Z,27.64,-89.55,8.17,196
2020-10-28T18:59:33Z,27.64,-89.55,8.17,196
2020-10-28T18:59:34Z,27.64,-89.55,8.17,196
2020-10-28T18:59:35Z,27.64,-89.55,8.17,196
2020-10-28T18:59:36Z,27.64,-89.55,8.17,196
2020-10-28T18:59:37Z,27.64,-89.55,8.17,196
2020-10-28T18:59:38Z,27.64,-89.55,8.17,196
2020-10-28T18:59:39Z,27.64,-89.55,8.17,196
2020-10-28T18:59:40Z,27.64,-89.55,8.17,196
2020-10-28T18:59:41Z,27.64,-89.55,8.17,196
2020-10-28T18:59:42Z,27.64,-89.55,8.17,196
2020-10-28T18:59:43Z,27.64,-89.5,8.17,196
2020-10-28T18:59:44Z,27.64,-89.53,8.17,196
2020-10-28T18:59:45Z,27.64,-89.55,8.17,196
2020-10-28T18:59:46Z,27.64,-89.55,8.17,196
2020-10-28T18:59:47Z,27.64,-89.55,8.17,196
2020-10-28T18:59:48Z,27.64,-89.55,8.17,196
2020-10-28T18:59:49Z,27.64,-89.55,8.17,196
2020-10-28T18:59:50Z,27.64,-89.57,8.17,196
2020-10-28T18:59:51Z,27.64,-89.55,8.17,196
2020-10-28T18:59:52Z,27.64,-89.55,8.17,196
2020-10-28T18:59:53Z,27.64,-89.55,8.17,196
2020-10-28T18:59:54Z,27.64,-89.55,8.17,196
2020-10-28T18:59:55Z,27.64,-89.55,8.17,196
2020-10-28T18:59:56Z,27.64,-89.55,8.17,196
2020-10-28T18:59:57Z,27.64,-89.55,8.17,196
2020-10-28T18:59:58Z,27.64,-89.55,8.17,196
2020-10-28T18:59:59Z,27.64,-89.55,8.17,196
2020-10-28T19:00:00Z,27.64,-89.55,8.17,196
2020-10-28T19:00:01Z,27.64,-89.55,8.17,196
2020-10-28T19:00:02Z,27.64,-89.55,8.17,196
2020-10-28T19:00:03Z,27.64,-89.55,8.17,196
2020-10-28T19:00:04Z,27.64,-89.55,8.17,196
2020-10-28T19:00:05Z,27.64,-89.55,8.17,196
2020-10-28T19:00:06Z,27.64,-89.55,8.17,196
2020-10-28T19:00:07Z,27.64,-89.55,8.17,196
2020-10-28T19:00:08Z,27.64,-89.55,8.17,196
2020-10-28T19:00:09Z,27.64,-89.55,8.17,196
2020-10-28T19:00:10Z,27.64,-89.55,8.17,196
2020-10-28T19:00:11Z,27.64,-89.55,8.17,196
2020-10-28T19:00:12Z,27.64,-89.55,8.17,196
2020-10-28T19:00:13Z,27.64,-89.55,8.17,196
2020-10-28T19:00:14Z,27.64,-89.55,8.17,196
2020-10-28T19:00:15Z,27.64,-89.55,8.17,196
2020-10-28T19:00:16Z,27.64,-89.55,8.17,196
2020-10-28T19:00:17Z,27.64,-89.55,8.17,196
2020-10-28T19:00:18Z,27.64,-89.55,8.17,196
2020-10-28T19:00:19Z,27.64,-89.55,8.17,196
2020-10-28T19:00:20Z,27.64,-89.55,8.17,196
2020-10-28T19:00:21Z,27.64,-89.55,8.17,196
2020-10-28T19:00:22Z,27.64,-89.55,8.17,196
2020-10-28T19:00:23Z,27.64,-89.55,8.17,196
2020-10-28T19:00:24Z,27.64,-89.55,8.17,196
2020-10-28T19:00:25Z,27.64,-89.57,8.17,196
2020-10-28T19:00:26Z,27.64,-89.55,8.17,196
2020-10-28T19:00:27Z,27.64,-89.55,8.17,196
2020-10-28T19:00:28Z,27.64,-89.55,8.17,196
2020-10-28T19:00:29Z,27.64,-89.55,8.17,196
2020-10-28T19:00:30Z,27.64,-89.55,8.17,196
2020-10-28T19:00:31Z,27.64,-89.55,8.17,196
2020-10-28T19:00:32Z,27.64,-89.58,8.17,196
2020-10-28T19:00:33Z,27.64,-89.58,8.17,196
2020-10-28T19:00:34Z,27.64,-89.47,8.17,196
2020-10-28T19:00:35Z,27.64,-90.17,8.18,196
2020-10-28T19:00:36Z,27.64,-89.47,8.17,196
2020-10-28T19:00:37Z,27.64,-89.53,8.17,196
2020-10-28T19:00:38Z,27.64,-89.55,8.17,196
2020-10-28T19:00:39Z,27.64,-89.55,8.17,196
2020-10-28T19:00:40Z,27.64,-89.55,8.17,196
2020-10-28T19:00:41Z,27.64,-89.55,8.17,196
2020-10-28T19:00:42Z,27.64,-89.55,8.17,196
2020-10-28T19:00:43Z,27.64,-89.55,8.17,196
2020-10-28T19:00:44Z,27.64,-89.55,8.17,196
2020-10-28T19:00:45Z,27.64,-89.55,8.17,196
2020-10-28T19:00:46Z,27.64,-89.55,8.17,196
2020-10-28T19:00:47Z,27.64,-89.55,8.17,196
2020-10-28T19:00:48Z,27.64,-89.55,8.17,196
2020-10-28T19:00:49Z,27.64,-89.55,8.17,196
2020-10-28T19:00:50Z,27.64,-89.55,8.17,196
2020-10-28T19:00:51Z,27.64,-89.55,8.17,196
2020-10-28T19:00:52Z,27.64,-89.55,8.17,196
2020-10-28T19:00:53Z,27.64,-89.55,8.17,196
2020-10-28T19:00:54Z,27.64,-89.55,8.17,196
2020-10-28T19:00:55Z,27.64,-89.55,8.17,196
2020-10-28T19:00:56Z,27.64,-89.55,8.17,196
2020-10-28T19:00:57Z,27.64,-89.55,8.17,196
2020-10-28T19:00:58Z,27.64,-89.55,8.17,196
2020-10-28T19:00:59Z,27.64,-89.55,8.17,196
2020-10-28T19:01:00Z,27.64,-89.55,8.17,196
2020-10-28T19:01:01Z,27.64,-89.55,8.17,196
2020-10-28T19:01:02Z,27.64,-89.55,8.17,196
2020-10-28T19:01:03Z,27.67,-89.55,8.17,196
2020-10-28T19:01:04Z,27.67,-89.55,8.17,196
2020-10-28T19:01:05Z,27.67,-89.55,8.17,196
2020-10-28T19:01:06Z,27.67,-89.55,8.17,196
2020-10-28T19:01:07Z,27.67,-89.55,8.17,196
2020-10-28T19:01:08Z,27.67,-89.55,8.17,196
2020-10-28T19:01:09Z,27.67,-89.53,8.17,196
2020-10-28T19:01:10Z,27.67,-89.55,8.17,196
2020-10-28T19:01:11Z,27.67,-89.55,8.17,196
2020-10-28T19:01:12Z,27.67,-89.53,8.17,196
2020-10-28T19:01:13Z,27.67,-89.55,8.17,196
2020-10-28T19:01:14Z,27.67,-89.55,8.17,196
2020-10-28T19:01:15Z,27.67,-89.53,8.17,196
2020-10-28T19:01:16Z,27.67,-89.55,8.17,196
2020-10-28T19:01:17Z,27.67,-89.55,8.17,196
2020-10-28T19:01:18Z,27.67,-89.55,8.17,196
2020-10-28T19:01:19Z,27.67,-89.55,8.17,196
2020-10-28T19:01:20Z,27.67,-89.53,8.17,196
2020-10-28T19:01:21Z,27.67,-89.55,8.17,196
2020-10-28T19:01:22Z,27.67,-89.55,8.17,196
2020-10-28T19:01:23Z,27.67,-89.53,8.17,196
2020-10-28T19:01:24Z,27.67,-89.53,8.17,196
2020-10-28T19:01:25Z,27.67,-89.53,8.17,196
2020-10-28T19:01:26Z,27.67,-89.55,8.17,196
2020-10-28T19:01:27Z,27.67,-89.53,8.17,196
2020-10-28T19:01:28Z,27.67,-89.53,8.17,196
2020-10-28T19:01:29Z,27.67,-89.53,8.17,196
2020-10-28T19:01:30Z,27.67,-89.53,8.17,196
2020-10-28T19:01:31Z,27.67,-89.53,8.17,196
2020-10-28T19:01:32Z,27.67,-89.53,8.17,196
2020-10-28T19:01:33Z,27.67,-89.55,8.17,196
2020-10-28T19:01:34Z,27.67,-89.53,8.17,196
2020-10-28T19:01:35Z,27.67,-89.53,8.17,196
2020-10-28T19:01:36Z,27.67,-89.53,8.17,196
2020-10-28T19:01:37Z,27.67,-89.53,8.17,196
2020-10-28T19:01:38Z,27.67,-89.55,8.17,196
2020-10-28T19:01:39Z,27.67,-89.53,8.17,196
2020-10-28T19:01:40Z,27.67,-89.53,8.17,196
2020-10-28T19:01:41Z,27.67,-89.53,8.17,196
2020-10-28T19:01:42Z,27.67,-89.55,8.17,196
2020-10-28T19:01:43Z,27.67,-89.53,8.17,196
2020-10-28T19:01:44Z,27.67,-89.55,8.17,196
2020-10-28T19:01:45Z,27.67,-89.55,8.17,196
2020-10-28T19:01:46Z,27.67,-89.55,8.17,196
2020-10-28T19:01:47Z,27.67,-89.55,8.17,196
2020-10-28T19:01:48Z,27.67,-89.53,8.17,196
2020-10-28T19:01:49Z,27.67,-89.53,8.17,196
2020-10-28T19:01:50Z,27.67,-89.55,8.17,196
2020-10-28T19:01:51Z,27.67,-89.55,8.17,196
2020-10-28T19:01:52Z,27.67,-89.53,8.17,196
2020-10-28T19:01:53Z,27.67,-89.53,8.17,196
2020-10-28T19:01:54Z,27.67,-89.55,8.17,196
2020-10-28T19:01:55Z,27.67,-89.53,8.17,196
2020-10-28T19:01:56Z,27.67,-89.53,8.17,196
2020-10-28T19:01:57Z,27.67,-89.53,8.17,196
2020-10-28T19:01:58Z,27.67,-89.53,8.17,196
2020-10-28T19:01:59Z,27.67,-89.53,8.17,196
2020-10-28T19:02:00Z,27.67,-89.53,8.17,196
2020-10-28T19:02:01Z,27.67,-89.53,8.17,196
2020-10-28T19:02:02Z,27.67,-89.53,8.17,196
2020-10-28T19:02:03Z,27.67,-89.53,8.17,196
2020-10-28T19:02:04Z,27.67,-89.53,8.17,196
2020-10-28T19:02:05Z,27.67,-89.53,8.17,196
2020-10-28T19:02:06Z,27.67,-89.55,8.17,196
2020-10-28T19:02:07Z,27.67,-89.53,8.17,196
2020-10-28T19:02:08Z,27.67,-89.53,8.17,196
2020-10-28T19:02:09Z,27.67,-89.53,8.17,196
2020-10-28T19:02:10Z,27.67,-89.53,8.17,196
2020-10-28T19:02:11Z,27.67,-89.53,8.17,196
2020-10-28T19:02:12Z,27.67,-89.53,8.17,196
2020-10-28T19:02:13Z,27.67,-89.53,8.17,196
2020-10-28T19:02:14Z,27.67,-89.53,8.17,196
2020-10-28T19:02:15Z,27.67,-89.53,8.17,196
2020-10-28T19:02:16Z,27.67,-89.53,8.17,196
2020-10-28T19:02:17Z,27.67,-89.53,8.17,196
2020-10-28T19:02:18Z,27.67,-89.53,8.17,196
2020-10-28T19:02:19Z,27.67,-89.53,8.17,196
2020-10-28T19:02:20Z,27.67,-89.53,8.17,196
2020-10-28T19:02:21Z,27.67,-89.53,8.17,196
2020-10-28T19:02:22Z,27.67,-89.53,8.17,196
2020-10-28T19:02:23Z,27.67,-89.53,8.17,196
2020-10-28T19:02:24Z,27.67,-89.53,8.17,196
2020-10-28T19:02:25Z,27.67,-89.53,8.17,196
2020-10-28T19:02:26Z,27.67,-89.53,8.17,196
2020-10-28T19:02:27Z,27.67,-89.53,8.17,196
2020-10-28T19:02:28Z,27.67,-89.53,8.17,196
2020-10-28T19:02:29Z,27.67,-89.53,8.17,196
2020-10-28T19:02:30Z,27.67,-89.53,8.17,196
2020-10-28T19:02:31Z,27.67,-89.53,8.17,196
2020-10-28T19:02:32Z,27.67,-89.53,8.17,196
2020-10-28T19:02:33Z,27.67,-89.53,8.17,196
2020-10-28T19:02:34Z,27.67,-89.53,8.17,196
2020-10-28T19:02:35Z,27.67,-89.53,8.17,196
2020-10-28T19:02:36Z,27.67,-89.53,8.17,196
2020-10-28T19:02:37Z,27.67,-89.53,8.17,196
2020-10-28T19:02:38Z,27.67,-89.53,8.17,196
2020-10-28T19:02:39Z,27.67,-89.53,8.17,196
2020-10-28T19:02:40Z,27.67,-89.53,8.17,196
2020-10-28T19:02:41Z,27.67,-89.53,8.17,196
2020-10-28T19:02:42Z,27.67,-89.53,8.17,196
2020-10-28T19:02:43Z,27.67,-89.53,8.17,196
2020-10-28T19:02:44Z,27.67,-89.53,8.17,196
2020-10-28T19:02:45Z,27.67,-89.53,8.17,196
2020-10-28T19:02:46Z,27.67,-89.53,8.17,196
2020-10-28T19:02:47Z,27.67,-89.53,8.17,196
2020-10-28T19:02:48Z,27.67,-89.53,8.17,196
2020-10-28T19:02:49Z,27.67,-89.52,8.17,196
2020-10-28T19:02:50Z,27.67,-89.53,8.17,196
2020-10-28T19:02:51Z,27.67,-89.53,8.17,196
2020-10-28T19:02:52Z,27.67,-89.53,8.17,196
2020-10-28T19:02:53Z,27.67,-89.52,8.17,196
2020-10-28T19:02:54Z,27.67,-89.52,8.17,196
2020-10-28T19:02:55Z,27.67,-89.53,8.17,196
2020-10-28T19:02:56Z,27.67,-89.52,8.17,196
2020-10-28T19:02:57Z,27.67,-89.52,8.17,196
2020-10-28T19:02:58Z,27.67,-89.52,8.17,196
2020-10-28T19:02:59Z,27.67,-89.52,8.17,196
2020-10-28T19:03:00Z,27.67,-89.53,8.17,196
2020-10-28T19:03:01Z,27.67,-89.6,8.17,196
2020-10-28T19:03:02Z,27.67,-89.55,8.17,196
2020-10-28T19:03:03Z,27.67,-89.53,8.17,196
2020-10-28T19:03:04Z,27.67,-89.53,8.17,196
2020-10-28T19:03:05Z,27.67,-89.53,8.17,196
2020-10-28T19:03:06Z,27.67,-89.52,8.17,196
2020-10-28T19:03:07Z,27.67,-89.53,8.17,196
2020-10-28T19:03:08Z,27.67,-89.52,8.17,196
2020-10-28T19:03:09Z,27.67,-89.52,8.17,196
2020-10-28T19:03:10Z,27.67,-89.52,8.17,196
2020-10-28T19:03:11Z,27.67,-89.52,8.17,196
2020-10-28T19:03:12Z,27.67,-89.52,8.17,196
2020-10-28T19:03:13Z,27.67,-89.52,8.17,196
2020-10-28T19:03:14Z,27.67,-89.52,8.17,196
2020-10-28T19:03:15Z,27.67,-89.53,8.17,196
2020-10-28T19:03:16Z,27.67,-89.52,8.17,196
2020-10-28T19:03:17Z,27.67,-89.52,8.17,196
2020-10-28T19:03:18Z,27.67,-89.52,8.17,196
2020-10-28T19:03:19Z,27.67,-89.52,8.17,196
2020-10-28T19:03:20Z,27.67,-89.52,8.17,196
2020-10-28T19:03:21Z,27.67,-89.52,8.17,196
2020-10-28T19:03:22Z,27.67,-89.52,8.17,196
2020-10-28T19:03:23Z,27.67,-89.52,8.17,196
2020-10-28T19:03:24Z,27.67,-89.52,8.17,196
2020-10-28T19:03:25Z,27.67,-89.52,8.17,196
2020-10-28T19:03:26Z,27.69,-89.52,8.17,196
2020-10-28T19:03:27Z,27.69,-89.52,8.17,196
2020-10-28T19:03:28Z,27.69,-89.52,8.17,196
2020-10-28T19:03:29Z,27.69,-89.52,8.17,196
2020-10-28T19:03:30Z,27.69,-89.52,8.17,196
2020-10-28T19:03:31Z,27.69,-89.52,8.17,196
2020-10-28T19:03:32Z,27.69,-89.52,8.17,196
2020-10-28T19:03:33Z,27.69,-89.52,8.17,196
2020-10-28T19:03:34Z,27.69,-89.52,8.17,196
2020-10-28T19:03:35Z,27.69,-89.52,8.17,196
2020-10-28T19:03:36Z,27.69,-89.52,8.17,196
2020-10-28T19:03:37Z,27.69,-89.52,8.17,196
2020-10-28T19:03:38Z,27.69,-89.52,8.17,196
2020-10-28T19:03:39Z,27.69,-89.5,8.17,196
2020-10-28T19:03:40Z,27.69,-89.52,8.17,196
2020-10-28T19:03:41Z,27.69,-89.5,8.17,196
2020-10-28T19:03:42Z,27.69,-89.5,8.17,196
2020-10-28T19:03:43Z,27.69,-89.5,8.17,196
2020-10-28T19:03:44Z,27.69,-89.52,8.17,196
2020-10-28T19:03:45Z,27.69,-89.5,8.17,196
2020-10-28T19:03:46Z,27.69,-89.5,8.17,196
2020-10-28T19:03:47Z,27.69,-89.5,8.17,196
2020-10-28T19:03:48Z,27.69,-89.5,8.17,196
2020-10-28T19:03:49Z,27.69,-89.5,8.17,196
2020-10-28T19:03:50Z,27.69,-89.5,8.17,196
2020-10-28T19:03:51Z,27.69,-89.5,8.17,196
2020-10-28T19:03:52Z,27.69,-89.5,8.17,196
2020-10-28T19:03:53Z,27.69,-89.5,8.17,196
2020-10-28T19:03:54Z,27.69,-89.5,8.17,196
2020-10-28T19:03:55Z,27.69,-89.5,8.17,196
2020-10-28T19:03:56Z,27.69,-89.5,8.17,196
2020-10-28T19:03:57Z,27.69,-89.5,8.17,196
2020-10-28T19:03:58Z,27.69,-89.5,8.17,196
2020-10-28T19:03:59Z,27.69,-89.5,8.17,196
2020-10-28T19:04:00Z,27.69,-89.5,8.17,196
2020-10-28T19:04:01Z,27.69,-89.5,8.17,196
2020-10-28T19:04:02Z,27.69,-89.5,8.17,196
2020-10-28T19:04:03Z,27.69,-89.5,8.17,196
2020-10-28T19:04:04Z,27.69,-89.5,8.17,196
2020-10-28T19:04:05Z,27.69,-89.5,8.17,196
2020-10-28T19:04:06Z,27.69,-89.5,8.17,196
2020-10-28T19:04:07Z,27.69,-89.5,8.17,196
2020-10-28T19:04:08Z,27.69,-89.5,8.17,196
2020-10-28T19:04:09Z,27.69,-89.49,8.17,196
2020-10-28T19:04:10Z,27.69,-89.49,8.17,196
2020-10-28T19:04:11Z,27.69,-89.49,8.17,196
2020-10-28T19:04:12Z,27.69,-89.49,8.17,196
2020-10-28T19:04:13Z,27.69,-89.49,8.17,196
2020-10-28T19:04:14Z,27.69,-89.5,8.17,196
2020-10-28T19:04:15Z,27.69,-89.5,8.17,196
2020-10-28T19:04:16Z,27.69,-89.5,8.17,196
2020-10-28T19:04:17Z,27.69,-89.49,8.17,196
2020-10-28T19:04:18Z,27.69,-89.5,8.17,196
2020-10-28T19:04:19Z,27.69,-89.49,8.17,196
2020-10-28T19:04:20Z,27.69,-89.49,8.17,196
2020-10-28T19:04:21Z,27.69,-89.49,8.17,196
2020-10-28T19:04:22Z,27.69,-89.49,8.17,196
2020-10-28T19:04:23Z,27.69,-89.49,8.17,196
2020-10-28T19:04:24Z,27.69,-89.49,8.17,196
2020-10-28T19:04:25Z,27.69,-89.49,8.17,196
2020-10-28T19:04:26Z,27.69,-89.49,8.17,196
2020-10-28T19:04:27Z,27.69,-89.49,8.17,196
2020-10-28T19:04:28Z,27.69,-89.6,8.17,196
2020-10-28T19:04:29Z,27.69,-89.53,8.17,196
2020-10-28T19:04:30Z,27.69,-89.5,8.17,196
2020-10-28T19:04:31Z,27.69,-89.5,8.17,196
2020-10-28T19:04:32Z,27.69,-89.49,8.17,196
2020-10-28T19:04:33Z,27.69,-89.49,8.17,196
2020-10-28T19:04:34Z,27.69,-89.49,8.17,196
2020-10-28T19:04:35Z,27.69,-89.49,8.17,196
2020-10-28T19:04:36Z,27.69,-89.49,8.17,196
2020-10-28T19:04:37Z,27.69,-89.49,8.17,196
2020-10-28T19:04:38Z,27.69,-89.49,8.17,196
2020-10-28T19:04:39Z,27.69,-89.49,8.17,196
2020-10-28T19:04:40Z,27.69,-89.47,8.17,196
2020-10-28T19:04:41Z,27.69,-89.47,8.17,196
2020-10-28T19:04:42Z,27.69,-89.47,8.17,196
2020-10-28T19:04:43Z,27.69,-89.49,8.17,196
2020-10-28T19:04:44Z,27.69,-89.47,8.17,196
2020-10-28T19:04:45Z,27.69,-89.49,8.17,196
2020-10-28T19:04:46Z,27.69,-89.47,8.17,196
2020-10-28T19:04:47Z,27.69,-89.47,8.17,196
2020-10-28T19:04:48Z,27.69,-89.49,8.17,196
2020-10-28T19:04:49Z,27.69,-89.49,8.17,196
2020-10-28T19:04:50Z,27.69,-89.49,8.17,196
2020-10-28T19:04:51Z,27.69,-89.49,8.17,196
2020-10-28T19:04:52Z,27.69,-89.47,8.17,196
2020-10-28T19:04:53Z,27.69,-89.47,8.17,196
2020-10-28T19:04:54Z,27.69,-89.47,8.17,196
2020-10-28T19:04:55Z,27.69,-89.47,8.17,196
2020-10-28T19:04:56Z,27.69,-89.47,8.17,196
2020-10-28T19:04:57Z,27.69,-89.47,8.17,196
2020-10-28T19:04:58Z,27.69,-89.47,8.17,196
2020-10-28T19:04:59Z,27.69,-89.47,8.17,196
2020-10-28T19:05:00Z,27.69,-89.47,8.17,196
2020-10-28T19:05:01Z,27.69,-89.47,8.17,196
2020-10-28T19:05:02Z,27.69,-89.47,8.17,196
2020-10-28T19:05:03Z,27.69,-89.47,8.17,196
2020-10-28T19:05:04Z,27.69,-89.47,8.17,196
2020-10-28T19:05:05Z,27.69,-89.47,8.17,196
2020-10-28T19:05:06Z,27.69,-89.47,8.17,196
2020-10-28T19:05:07Z,27.69,-89.47,8.17,196
2020-10-28T19:05:08Z,27.69,-89.47,8.17,196
2020-10-28T19:05:09Z,27.69,-89.47,8.17,196
2020-10-28T19:05:10Z,27.69,-89.47,8.17,196
2020-10-28T19:05:11Z,27.69,-89.47,8.17,196
2020-10-28T19:05:12Z,27.69,-89.47,8.17,196
2020-10-28T19:05:13Z,27.69,-89.49,8.17,196
2020-10-28T19:05:14Z,27.69,-89.47,8.17,196
2020-10-28T19:05:15Z,27.69,-89.47,8.17,196
2020-10-28T19:05:16Z,27.69,-89.47,8.17,196
2020-10-28T19:05:17Z,27.69,-89.47,8.17,196
2020-10-28T19:05:18Z,27.69,-89.47,8.17,196
2020-10-28T19:05:19Z,27.69,-89.47,8.17,196
2020-10-28T19:05:20Z,27.69,-89.47,8.17,196
2020-10-28T19:05:21Z,27.69,-89.47,8.17,196
2020-10-28T19:05:22Z,27.69,-89.47,8.17,196
2020-10-28T19:05:23Z,27.69,-89.46,8.17,196
2020-10-28T19:05:24Z,27.69,-89.47,8.17,196
2020-10-28T19:05:25Z,27.69,-89.47,8.17,196
2020-10-28T19:05:26Z,27.69,-89.47,8.17,196
2020-10-28T19:05:27Z,27.69,-89.46,8.17,196
2020-10-28T19:05:28Z,27.69,-89.47,8.17,196
2020-10-28T19:05:29Z,27.69,-89.47,8.17,196
2020-10-28T19:05:30Z,27.69,-89.47,8.17,196
2020-10-28T19:05:31Z,27.69,-89.47,8.17,196
2020-10-28T19:05:32Z,27.69,-89.47,8.17,196
2020-10-28T19:05:33Z,27.69,-89.47,8.17,196
2020-10-28T19:05:34Z,27.69,-89.47,8.17,196
2020-10-28T19:05:35Z,27.69,-89.47,8.17,196
2020-10-28T19:05:36Z,27.72,-89.47,8.17,196
2020-10-28T19:05:37Z,27.69,-89.47,8.17,196
2020-10-28T19:05:38Z,27.72,-89.47,8.17,196
2020-10-28T19:05:39Z,27.72,-89.46,8.17,196
2020-10-28T19:05:40Z,27.72,-89.46,8.17,196
2020-10-28T19:05:41Z,27.72,-89.47,8.17,196
2020-10-28T19:05:42Z,27.72,-89.46,8.17,196
2020-10-28T19:05:43Z,27.72,-89.47,8.17,196
2020-10-28T19:05:44Z,27.72,-89.46,8.17,196
2020-10-28T19:05:45Z,27.72,-89.46,8.17,196
2020-10-28T19:05:46Z,27.72,-89.47,8.17,196
2020-10-28T19:05:47Z,27.72,-89.46,8.17,196
2020-10-28T19:05:48Z,27.72,-89.46,8.17,196
2020-10-28T19:05:49Z,27.72,-89.47,8.17,196
2020-10-28T19:05:50Z,27.72,-89.46,8.17,196
2020-10-28T19:05:51Z,27.72,-89.47,8.17,196
2020-10-28T19:05:52Z,27.72,-89.47,8.17,196
2020-10-28T19:05:53Z,27.72,-89.47,8.17,196
2020-10-28T19:05:54Z,27.72,-89.47,8.17,196
2020-10-28T19:05:55Z,27.72,-89.46,8.17,196
2020-10-28T19:05:56Z,27.72,-89.46,8.17,196
2020-10-28T19:05:57Z,27.72,-89.47,8.17,196
2020-10-28T19:05:58Z,27.72,-89.46,8.17,196
2020-10-28T19:05:59Z,27.72,-89.46,8.17,196
2020-10-28T19:06:00Z,27.72,-89.46,8.17,196
2020-10-28T19:06:01Z,27.72,-89.46,8.17,196
2020-10-28T19:06:02Z,27.72,-89.46,8.17,196
2020-10-28T19:06:03Z,27.72,-89.46,8.17,196
2020-10-28T19:06:04Z,27.72,-89.46,8.17,196
2020-10-28T19:06:05Z,27.72,-89.46,8.17,196
2020-10-28T19:06:06Z,27.72,-89.46,8.17,196
2020-10-28T19:06:07Z,27.72,-89.46,8.17,196
2020-10-28T19:06:08Z,27.72,-89.47,8.17,196
2020-10-28T19:06:09Z,27.72,-89.46,8.17,196
2020-10-28T19:06:10Z,27.72,-89.46,8.17,196
2020-10-28T19:06:11Z,27.72,-89.46,8.17,196
2020-10-28T19:06:12Z,27.72,-89.46,8.17,196
2020-10-28T19:06:13Z,27.72,-89.46,8.17,196
2020-10-28T19:06:14Z,27.72,-89.46,8.17,196
2020-10-28T19:06:15Z,27.72,-89.46,8.17,196
2020-10-28T19:06:16Z,27.72,-89.46,8.17,196
2020-10-28T19:06:17Z,27.72,-89.46,8.17,196
2020-10-28T19:06:18Z,27.72,-89.46,8.17,196
2020-10-28T19:06:19Z,27.72,-89.46,8.17,196
2020-10-28T19:06:20Z,27.72,-89.46,8.17,196
2020-10-28T19:06:21Z,27.72,-89.46,8.17,196
2020-10-28T19:06:22Z,27.72,-89.46,8.17,196
2020-10-28T19:06:23Z,27.72,-89.46,8.17,196
2020-10-28T19:06:24Z,27.72,-89.46,8.17,196
2020-10-28T19:06:25Z,27.72,-89.46,8.17,196
2020-10-28T19:06:26Z,27.72,-89.46,8.17,196
2020-10-28T19:06:27Z,27.72,-89.46,8.17,196
2020-10-28T19:06:28Z,27.72,-89.46,8.17,196
2020-10-28T19:06:29Z,27.72,-89.44,8.17,196
2020-10-28T19:06:30Z,27.72,-89.46,8.17,196
2020-10-28T19:06:31Z,27.72,-89.46,8.17,196
2020-10-28T19:06:32Z,27.72,-89.44,8.17,196
2020-10-28T19:06:33Z,27.72,-89.46,8.17,196
2020-10-28T19:06:34Z,27.72,-89.46,8.17,196
2020-10-28T19:06:35Z,27.72,-89.46,8.17,196
2020-10-28T19:06:36Z,27.72,-89.44,8.17,196
2020-10-28T19:06:37Z,27.72,-89.46,8.17,196
2020-10-28T19:06:38Z,27.72,-89.44,8.17,196
2020-10-28T19:06:39Z,27.72,-89.46,8.17,196
2020-10-28T19:06:40Z,27.72,-89.44,8.17,196
2020-10-28T19:06:41Z,27.72,-89.46,8.17,196
2020-10-28T19:06:42Z,27.72,-89.44,8.17,196
2020-10-28T19:06:43Z,27.72,-89.44,8.17,196
2020-10-28T19:06:44Z,27.72,-89.44,8.17,196
2020-10-28T19:06:45Z,27.72,-89.46,8.17,196
2020-10-28T19:06:46Z,27.72,-89.46,8.17,196
2020-10-28T19:06:47Z,27.72,-89.44,8.17,196
2020-10-28T19:06:48Z,27.72,-89.44,8.17,196
2020-10-28T19:06:49Z,27.72,-89.46,8.17,196
2020-10-28T19:06:50Z,27.72,-89.46,8.17,196
2020-10-28T19:06:51Z,27.72,-89.44,8.17,196
2020-10-28T19:06:52Z,27.72,-89.46,8.17,196
2020-10-28T19:06:53Z,27.72,-89.44,8.17,196
2020-10-28T19:06:54Z,27.72,-89.44,8.17,196
2020-10-28T19:06:55Z,27.72,-89.44,8.17,196
2020-10-28T19:06:56Z,27.72,-89.46,8.17,196
2020-10-28T19:06:57Z,27.72,-89.44,8.17,196
2020-10-28T19:06:58Z,27.72,-89.44,8.17,196
2020-10-28T19:06:59Z,27.72,-89.44,8.17,196
2020-10-28T19:07:00Z,27.72,-89.44,8.17,196
2020-10-28T19:07:01Z,27.72,-89.46,8.17,196
2020-10-28T19:07:02Z,27.72,-89.44,8.17,196
2020-10-28T19:07:03Z,27.72,-89.44,8.17,196
2020-10-28T19:07:04Z,27.72,-89.44,8.17,196
2020-10-28T19:07:05Z,27.72,-89.44,8.17,196
2020-10-28T19:07:06Z,27.72,-89.44,8.17,196
2020-10-28T19:07:07Z,27.72,-89.47,8.17,196
2020-10-28T19:07:08Z,27.72,-89.44,8.17,196
2020-10-28T19:07:09Z,27.72,-89.44,8.17,196
2020-10-28T19:07:10Z,27.72,-89.44,8.17,196
2020-10-28T19:07:11Z,27.72,-89.44,8.17,196
2020-10-28T19:07:12Z,27.72,-89.44,8.17,196
2020-10-28T19:07:13Z,27.72,-89.44,8.17,196
2020-10-28T19:07:14Z,27.72,-89.44,8.17,196
2020-10-28T19:07:15Z,27.72,-89.46,8.17,196
2020-10-28T19:07:16Z,27.72,-89.46,8.17,196
2020-10-28T19:07:17Z,27.72,-89.42,8.17,196
2020-10-28T19:07:18Z,27.72,-89.44,8.17,196
2020-10-28T19:07:19Z,27.72,-89.44,8.17,196
2020-10-28T19:07:20Z,27.72,-89.46,8.17,196
2020-10-28T19:07:21Z,27.72,-89.44,8.17,196
2020-10-28T19:07:22Z,27.72,-89.44,8.17,196
2020-10-28T19:07:23Z,27.72,-89.44,8.17,196
2020-10-28T19:07:24Z,27.72,-89.44,8.17,196
2020-10-28T19:07:25Z,27.72,-89.44,8.17,196
2020-10-28T19:07:26Z,27.72,-89.46,8.17,196
2020-10-28T19:07:27Z,27.72,-89.44,8.17,196
2020-10-28T19:07:28Z,27.72,-89.44,8.17,196
2020-10-28T19:07:29Z,27.72,-89.44,8.17,196
2020-10-28T19:07:30Z,27.72,-89.44,8.17,196
2020-10-28T19:07:31Z,27.72,-89.44,8.17,196
2020-10-28T19:07:32Z,27.72,-89.44,8.17,196
2020-10-28T19:07:33Z,27.72,-89.46,8.17,196
2020-10-28T19:07:34Z,27.72,-89.69,8.17,196
2020-10-28T19:07:35Z,27.72,-89.53,8.17,196
2020-10-28T19:07:36Z,27.72,-89.5,8.17,196
2020-10-28T19:07:37Z,27.72,-89.47,8.17,196
2020-10-28T19:07:38Z,27.72,-89.47,8.17,196
2020-10-28T19:07:39Z,27.72,-89.46,8.17,196
2020-10-28T19:07:40Z,27.72,-89.46,8.17,196
2020-10-28T19:07:41Z,27.72,-89.46,8.17,196
2020-10-28T19:07:42Z,27.72,-89.46,8.17,196
2020-10-28T19:07:43Z,27.72,-89.44,8.17,196
2020-10-28T19:07:44Z,27.72,-89.46,8.17,196
2020-10-28T19:07:45Z,27.72,-89.44,8.17,196
2020-10-28T19:07:46Z,27.72,-89.44,8.17,196
2020-10-28T19:07:47Z,27.72,-89.44,8.17,196
2020-10-28T19:07:48Z,27.72,-89.44,8.17,196
2020-10-28T19:07:49Z,27.72,-89.44,8.17,196
2020-10-28T19:07:50Z,27.72,-89.44,8.17,196
2020-10-28T19:07:51Z,27.72,-89.44,8.17,196
2020-10-28T19:07:52Z,27.72,-89.44,8.17,196
2020-10-28T19:07:53Z,27.72,-89.44,8.17,196
2020-10-28T19:07:54Z,27.72,-89.44,8.17,196
2020-10-28T19:07:55Z,27.72,-89.44,8.17,196
2020-10-28T19:07:56Z,27.72,-89.44,8.17,196
2020-10-28T19:07:57Z,27.72,-89.44,8.17,196
2020-10-28T19:07:58Z,27.72,-89.44,8.17,196
2020-10-28T19:07:59Z,27.72,-89.44,8.17,196
2020-10-28T19:08:00Z,27.72,-89.44,8.17,196
2020-10-28T19:08:01Z,27.72,-89.44,8.17,196
2020-10-28T19:08:02Z,27.72,-89.44,8.17,196
2020-10-28T19:08:03Z,27.72,-89.44,8.17,196
2020-10-28T19:08:04Z,27.72,-89.44,8.17,196
2020-10-28T19:08:05Z,27.72,-89.44,8.17,196
2020-10-28T19:08:06Z,27.72,-89.42,8.17,196
2020-10-28T19:08:07Z,27.72,-89.44,8.17,196
2020-10-28T19:08:08Z,27.72,-89.44,8.17,196
2020-10-28T19:08:09Z,27.72,-89.42,8.17,196
2020-10-28T19:08:10Z,27.72,-89.44,8.17,196
2020-10-28T19:08:11Z,27.72,-89.44,8.17,196
2020-10-28T19:08:12Z,27.72,-89.44,8.17,196
2020-10-28T19:08:13Z,27.72,-89.44,8.17,196
2020-10-28T19:08:14Z,27.72,-89.42,8.17,196
2020-10-28T19:08:15Z,27.72,-89.42,8.17,196
2020-10-28T19:08:16Z,27.72,-89.44,8.17,196
2020-10-28T19:08:17Z,27.72,-89.44,8.17,196
2020-10-28T19:08:18Z,27.72,-89.44,8.17,196
2020-10-28T19:08:19Z,27.72,-89.44,8.17,196
2020-10-28T19:08:20Z,27.72,-89.42,8.17,196
2020-10-28T19:08:21Z,27.72,-89.42,8.17,196
2020-10-28T19:08:22Z,27.72,-89.44,8.17,196
2020-10-28T19:08:23Z,27.72,-89.42,8.17,196
2020-10-28T19:08:24Z,27.72,-89.42,8.17,196
2020-10-28T19:08:25Z,27.72,-89.42,8.17,196
2020-10-28T19:08:26Z,27.72,-89.42,8.17,196
2020-10-28T19:08:27Z,27.72,-89.42,8.17,196
2020-10-28T19:08:28Z,27.72,-89.42,8.17,196
2020-10-28T19:08:29Z,27.72,-89.42,8.17,196
2020-10-28T19:08:30Z,27.72,-89.42,8.17,196
2020-10-28T19:08:31Z,27.72,-89.42,8.17,196
2020-10-28T19:08:32Z,27.72,-89.42,8.17,196
2020-10-28T19:08:33Z,27.72,-89.42,8.17,196
2020-10-28T19:08:34Z,27.72,-89.42,8.17,196
2020-10-28T19:08:35Z,27.72,-89.42,8.17,196
2020-10-28T19:08:36Z,27.72,-89.42,8.17,196
2020-10-28T19:08:37Z,27.72,-89.42,8.17,196
2020-10-28T19:08:38Z,27.72,-89.42,8.17,196
2020-10-28T19:08:39Z,27.72,-89.42,8.17,196
2020-10-28T19:08:40Z,27.72,-89.42,8.17,196
2020-10-28T19:08:41Z,27.72,-89.42,8.17,196
2020-10-28T19:08:42Z,27.72,-89.42,8.17,196
2020-10-28T19:08:43Z,27.72,-89.42,8.17,196
2020-10-28T19:08:44Z,27.72,-89.49,8.17,196
2020-10-28T19:08:45Z,27.72,-89.46,8.17,196
2020-10-28T19:08:46Z,27.72,-89.44,8.17,196
2020-10-28T19:08:47Z,27.72,-89.44,8.17,196
2020-10-28T19:08:48Z,27.72,-89.44,8.17,196
2020-10-28T19:08:49Z,27.72,-89.44,8.17,196
2020-10-28T19:08:50Z,27.72,-89.44,8.17,196
2020-10-28T19:08:51Z,27.72,-89.42,8.17,196
2020-10-28T19:08:52Z,27.72,-89.44,8.17,196
2020-10-28T19:08:53Z,27.72,-89.42,8.17,196
2020-10-28T19:08:54Z,27.72,-89.42,8.17,196
2020-10-28T19:08:55Z,27.72,-89.42,8.17,196
2020-10-28T19:08:56Z,27.72,-89.42,8.17,196
2020-10-28T19:08:57Z,27.72,-89.42,8.17,196
2020-10-28T19:08:58Z,27.72,-89.42,8.17,196
2020-10-28T19:08:59Z,27.72,-89.42,8.17,196
2020-10-28T19:09:00Z,27.72,-89.42,8.17,196
2020-10-28T19:09:01Z,27.72,-89.42,8.17,196
2020-10-28T19:09:02Z,27.72,-89.42,8.17,196
2020-10-28T19:09:03Z,27.72,-89.42,8.17,196
2020-10-28T19:09:04Z,27.72,-89.42,8.17,196
2020-10-28T19:09:05Z,27.72,-89.42,8.17,196
2020-10-28T19:09:06Z,27.72,-89.42,8.17,196
2020-10-28T19:09:07Z,27.72,-89.42,8.17,196
2020-10-28T19:09:08Z,27.72,-89.42,8.17,196
2020-10-28T19:09:09Z,27.72,-89.42,8.17,196
2020-10-28T19:09:10Z,27.72,-89.42,8.17,196
2020-10-28T19:09:11Z,27.72,-89.42,8.17,196
2020-10-28T19:09:12Z,27.72,-89.42,8.17,196
2020-10-28T19:09:13Z,27.72,-89.42,8.17,196
2020-10-28T19:09:14Z,27.72,-89.42,8.17,196
2020-10-28T19:09:15Z,27.72,-89.42,8.17,196
2020-10-28T19:09:16Z,27.72,-89.42,8.17,196
2020-10-28T19:09:17Z,27.72,-89.42,8.17,196
2020-10-28T19:09:18Z,27.72,-89.42,8.17,196
2020-10-28T19:09:19Z,27.69,-89.42,8.17,196
2020-10-28T19:09:20Z,27.69,-89.42,8.17,196
2020-10-28T19:09:21Z,27.69,-89.42,8.17,196
2020-10-28T19:09:22Z,27.69,-89.42,8.17,196
2020-10-28T19:09:23Z,27.69,-89.42,8.17,196
2020-10-28T19:09:24Z,27.69,-89.42,8.17,196
2020-10-28T19:09:25Z,27.69,-89.42,8.17,196
2020-10-28T19:09:26Z,27.69,-89.42,8.17,196
2020-10-28T19:09:27Z,27.69,-89.42,8.17,196
2020-10-28T19:09:28Z,27.69,-89.42,8.17,196
2020-10-28T19:09:29Z,27.69,-89.42,8.17,196
2020-10-28T19:09:30Z,27.69,-89.42,8.17,196
2020-10-28T19:09:31Z,27.69,-89.42,8.17,196
2020-10-28T19:09:32Z,27.69,-89.42,8.17,196
2020-10-28T19:09:33Z,27.69,-89.42,8.17,196
2020-10-28T19:09:34Z,27.69,-89.42,8.17,196
2020-10-28T19:09:35Z,27.69,-89.42,8.17,196
2020-10-28T19:09:36Z,27.69,-89.42,8.17,196
2020-10-28T19:09:37Z,27.69,-89.42,8.17,196
2020-10-28T19:09:38Z,27.69,-89.42,8.17,196
2020-10-28T19:09:39Z,27.69,-89.42,8.17,196
2020-10-28T19:09:40Z,27.69,-89.42,8.17,196
2020-10-28T19:09:41Z,27.69,-89.42,8.17,196
2020-10-28T19:09:42Z,27.69,-89.42,8.17,196
2020-10-28T19:09:43Z,27.69,-89.42,8.17,196
2020-10-28T19:09:44Z,27.69,-89.42,8.17,196
2020-10-28T19:09:45Z,27.69,-89.42,8.17,196
2020-10-28T19:09:46Z,27.69,-89.42,8.17,196
2020-10-28T19:09:47Z,27.69,-89.42,8.17,196
2020-10-28T19:09:48Z,27.69,-89.42,8.17,196
2020-10-28T19:09:49Z,27.69,-89.42,8.17,196
2020-10-28T19:09:50Z,27.69,-89.42,8.17,196
2020-10-28T19:09:51Z,27.69,-89.42,8.17,196
2020-10-28T19:09:52Z,27.69,-89.42,8.17,196
2020-10-28T19:09:53Z,27.69,-89.42,8.17,196
2020-10-28T19:09:54Z,27.69,-89.42,8.17,196
2020-10-28T19:09:55Z,27.69,-89.42,8.17,196
2020-10-28T19:09:56Z,27.69,-89.42,8.17,196
2020-10-28T19:09:57Z,27.69,-89.42,8.17,196
2020-10-28T19:09:58Z,27.69,-89.42,8.17,196
2020-10-28T19:09:59Z,27.69,-89.42,8.17,196
2020-10-28T19:10:00Z,27.69,-89.42,8.17,196
2020-10-28T19:10:01Z,27.69,-89.42,8.17,196
2020-10-28T19:10:02Z,27.69,-89.42,8.17,196
2020-10-28T19:10:03Z,27.69,-89.42,8.17,196
2020-10-28T19:10:04Z,27.69,-89.42,8.17,196
2020-10-28T19:10:05Z,27.69,-89.42,8.17,196
2020-10-28T19:10:06Z,27.69,-89.42,8.17,196
2020-10-28T19:10:07Z,27.69,-89.42,8.17,196
2020-10-28T19:10:08Z,27.69,-89.42,8.17,196
2020-10-28T19:10:09Z,27.69,-89.42,8.17,196
2020-10-28T19:10:10Z,27.69,-89.42,8.17,196
2020-10-28T19:10:11Z,27.69,-89.42,8.17,196
2020-10-28T19:10:12Z,27.69,-89.42,8.17,196
2020-10-28T19:10:13Z,27.69,-89.42,8.17,196
2020-10-28T19:10:14Z,27.69,-89.42,8.17,196
2020-10-28T19:10:15Z,27.69,-89.42,8.17,196
2020-10-28T19:10:16Z,27.69,-89.42,8.17,196
2020-10-28T19:10:17Z,27.69,-89.42,8.17,196
2020-10-28T19:10:18Z,27.69,-89.42,8.17,196
2020-10-28T19:10:19Z,27.69,-89.42,8.17,196
2020-10-28T19:10:20Z,27.69,-89.42,8.17,196
2020-10-28T19:10:21Z,27.69,-89.42,8.17,196
2020-10-28T19:10:22Z,27.69,-89.42,8.17,196
2020-10-28T19:10:23Z,27.69,-89.42,8.17,196
2020-10-28T19:10:24Z,27.69,-89.42,8.17,196
2020-10-28T19:10:25Z,27.69,-89.42,8.17,196
2020-10-28T19:10:26Z,27.69,-89.42,8.17,196
2020-10-28T19:10:27Z,27.69,-89.42,8.17,196
2020-10-28T19:10:28Z,27.69,-89.42,8.17,196
2020-10-28T19:10:29Z,27.69,-89.42,8.17,196
2020-10-28T19:10:30Z,27.69,-89.42,8.17,196
2020-10-28T19:10:31Z,27.69,-89.42,8.17,196
2020-10-28T19:10:32Z,27.69,-89.42,8.17,196
2020-10-28T19:10:33Z,27.69,-89.42,8.17,196
2020-10-28T19:10:34Z,27.69,-89.42,8.17,196
2020-10-28T19:10:35Z,27.69,-89.42,8.17,196
2020-10-28T19:10:36Z,27.69,-91.32,8.2,196
2020-10-28T19:10:37Z,27.69,-89.94,8.18,196
2020-10-28T19:10:38Z,27.69,-89.61,8.17,196
2020-10-28T19:10:39Z,27.69,-89.53,8.17,196
2020-10-28T19:10:40Z,27.69,-89.49,8.17,196
2020-10-28T19:10:41Z,27.69,-89.47,8.17,196
2020-10-28T19:10:42Z,27.69,-90.16,8.18,196
2020-10-28T19:10:43Z,27.69,-89.61,8.17,196
2020-10-28T19:10:44Z,27.69,-89.53,8.17,196
2020-10-28T19:10:45Z,27.69,-89.49,8.17,196
2020-10-28T19:10:46Z,27.69,-89.47,8.17,196
2020-10-28T19:10:47Z,27.69,-91.02,8.19,196
2020-10-28T19:10:48Z,27.69,-89.74,8.17,196
2020-10-28T19:10:49Z,27.69,-89.55,8.17,196
2020-10-28T19:10:50Z,27.69,-89.5,8.17,196
2020-10-28T19:10:51Z,27.69,-89.47,8.17,196
2020-10-28T19:10:52Z,27.69,-89.47,8.17,196
2020-10-28T19:10:53Z,27.69,-89.46,8.17,196
2020-10-28T19:10:54Z,27.69,-89.44,8.17,196
2020-10-28T19:10:55Z,27.69,-89.44,8.17,196
2020-10-28T19:10:56Z,27.69,-89.44,8.17,196
2020-10-28T19:10:57Z,27.69,-89.44,8.17,196
2020-10-28T19:10:58Z,27.69,-90.33,8.18,196
2020-10-28T19:10:59Z,27.69,-89.61,8.17,196
2020-10-28T19:11:00Z,27.69,-89.52,8.17,196
2020-10-28T19:11:01Z,27.69,-89.49,8.17,196
2020-10-28T19:11:02Z,27.69,-89.47,8.17,196
2020-10-28T19:11:03Z,27.69,-89.46,8.17,196
2020-10-28T19:11:04Z,27.69,-89.46,8.17,196
2020-10-28T19:11:05Z,27.69,-89.44,8.17,196
2020-10-28T19:11:06Z,27.69,-89.44,8.17,196
2020-10-28T19:11:07Z,27.69,-89.44,8.17,196
2020-10-28T19:11:08Z,27.69,-89.44,8.17,196
2020-10-28T19:11:09Z,27.69,-89.44,8.17,196
2020-10-28T19:11:10Z,27.69,-89.42,8.17,196
2020-10-28T19:11:11Z,27.69,-89.42,8.17,196
2020-10-28T19:11:12Z,27.69,-89.42,8.17,196
2020-10-28T19:11:13Z,27.69,-89.42,8.17,196
2020-10-28T19:11:14Z,27.69,-89.42,8.17,196
2020-10-28T19:11:15Z,27.69,-89.42,8.17,196
2020-10-28T19:11:16Z,27.69,-89.42,8.17,196
2020-10-28T19:11:17Z,27.69,-89.42,8.17,196
2020-10-28T19:11:18Z,27.69,-89.42,8.17,196
2020-10-28T19:11:19Z,27.69,-89.42,8.17,196
2020-10-28T19:11:20Z,27.69,-89.42,8.17,196
2020-10-28T19:11:21Z,27.69,-89.42,8.17,196
2020-10-28T19:11:22Z,27.69,-89.42,8.17,196
2020-10-28T19:11:23Z,27.69,-89.42,8.17,196
2020-10-28T19:11:24Z,27.69,-89.42,8.17,196
2020-10-28T19:11:25Z,27.69,-89.42,8.17,196
2020-10-28T19:11:26Z,27.69,-89.42,8.17,196
2020-10-28T19:11:27Z,27.69,-89.42,8.17,196
2020-10-28T19:11:28Z,27.69,-89.42,8.17,196
2020-10-28T19:11:29Z,27.69,-89.42,8.17,196
2020-10-28T19:11:30Z,27.69,-89.42,8.17,196
2020-10-28T19:11:31Z,27.69,-89.42,8.17,196
2020-10-28T19:11:32Z,27.69,-89.42,8.17,196
2020-10-28T19:11:33Z,27.69,-89.42,8.17,196
2020-10-28T19:11:34Z,27.69,-89.42,8.17,196
2020-10-28T19:11:35Z,27.69,-89.42,8.17,196
2020-10-28T19:11:36Z,27.69,-89.42,8.17,196
2020-10-28T19:11:37Z,27.69,-89.42,8.17,196
2020-10-28T19:11:38Z,27.69,-89.42,8.17,196
2020-10-28T19:11:39Z,27.69,-89.42,8.17,196
2020-10-28T19:11:40Z,27.69,-89.42,8.17,196
2020-10-28T19:11:41Z,27.69,-89.42,8.17,196
2020-10-28T19:11:42Z,27.69,-89.42,8.17,196
2020-10-28T19:11:43Z,27.69,-89.42,8.17,196
2020-10-28T19:11:44Z,27.69,-89.42,8.17,196
2020-10-28T19:11:45Z,27.69,-89.42,8.17,196
2020-10-28T19:11:46Z,27.69,-89.42,8.17,196
2020-10-28T19:11:47Z,27.69,-89.42,8.17,196
2020-10-28T19:11:48Z,27.69,-89.42,8.17,196
2020-10-28T19:11:49Z,27.69,-89.42,8.17,196
2020-10-28T19:11:50Z,27.69,-89.42,8.17,196
2020-10-28T19:11:51Z,27.69,-89.42,8.17,196
2020-10-28T19:11:52Z,27.69,-89.42,8.17,196
2020-10-28T19:11:53Z,27.69,-89.42,8.17,196
2020-10-28T19:11:54Z,27.69,-89.42,8.17,196
2020-10-28T19:11:55Z,27.69,-89.42,8.17,196
2020-10-28T19:11:56Z,27.69,-89.42,8.17,196
2020-10-28T19:11:57Z,27.69,-89.42,8.17,196
2020-10-28T19:11:58Z,27.72,-89.42,8.17,196
2020-10-28T19:11:59Z,27.72,-89.42,8.17,196
2020-10-28T19:12:00Z,27.69,-89.42,8.17,196
2020-10-28T19:12:01Z,27.69,-89.42,8.17,196
2020-10-28T19:12:02Z,27.72,-89.42,8.17,196
2020-10-28T19:12:03Z,27.72,-89.42,8.17,196
2020-10-28T19:12:04Z,27.72,-89.42,8.17,196
2020-10-28T19:12:05Z,27.72,-89.42,8.17,196
2020-10-28T19:12:06Z,27.72,-89.42,8.17,196
2020-10-28T19:12:07Z,27.72,-89.42,8.17,196
2020-10-28T19:12:08Z,27.72,-89.42,8.17,196
2020-10-28T19:12:09Z,27.72,-89.42,8.17,196
2020-10-28T19:12:10Z,27.72,-89.42,8.17,196
2020-10-28T19:12:11Z,27.72,-89.42,8.17,196
2020-10-28T19:12:12Z,27.72,-89.42,8.17,196
2020-10-28T19:12:13Z,27.72,-89.42,8.17,196
2020-10-28T19:12:14Z,27.72,-89.42,8.17,196
2020-10-28T19:12:15Z,27.72,-89.42,8.17,196
2020-10-28T19:12:16Z,27.72,-89.42,8.17,196
2020-10-28T19:12:17Z,27.72,-89.42,8.17,196
2020-10-28T19:12:18Z,27.72,-89.42,8.17,196
2020-10-28T19:12:19Z,27.72,-89.42,8.17,196
2020-10-28T19:12:20Z,27.72,-89.42,8.17,196
2020-10-28T19:12:21Z,27.72,-89.42,8.17,196
2020-10-28T19:12:22Z,27.72,-89.41,8.17,196
2020-10-28T19:12:23Z,27.72,-89.42,8.17,196
2020-10-28T19:12:24Z,27.72,-89.42,8.17,196
2020-10-28T19:12:25Z,27.72,-89.42,8.17,196
2020-10-28T19:12:26Z,27.72,-89.42,8.17,196
2020-10-28T19:12:27Z,27.72,-89.42,8.17,196
2020-10-28T19:12:28Z,27.72,-89.42,8.17,196
2020-10-28T19:12:29Z,27.72,-89.41,8.17,196
2020-10-28T19:12:30Z,27.72,-89.41,8.17,196
2020-10-28T19:12:31Z,27.72,-89.42,8.17,196
2020-10-28T19:12:32Z,27.72,-89.42,8.17,196
2020-10-28T19:12:33Z,27.72,-89.42,8.17,196
2020-10-28T19:12:34Z,27.72,-89.41,8.17,196
2020-10-28T19:12:35Z,27.72,-89.41,8.17,196
2020-10-28T19:12:36Z,27.72,-89.41,8.17,196
2020-10-28T19:12:37Z,27.72,-89.41,8.17,196
2020-10-28T19:12:38Z,27.72,-89.42,8.17,196
2020-10-28T19:12:39Z,27.72,-89.41,8.17,196
2020-10-28T19:12:40Z,27.72,-89.42,8.17,196
2020-10-28T19:12:41Z,27.72,-89.41,8.17,196
2020-10-28T19:12:42Z,27.72,-89.42,8.17,196
2020-10-28T19:12:43Z,27.72,-89.42,8.17,196
2020-10-28T19:12:44Z,27.72,-89.42,8.17,196
2020-10-28T19:12:45Z,27.72,-89.42,8.17,196
2020-10-28T19:12:46Z,27.72,-89.42,8.17,196
2020-10-28T19:12:47Z,27.72,-89.42,8.17,196
2020-10-28T19:12:48Z,27.72,-89.42,8.17,196
2020-10-28T19:12:49Z,27.72,-89.42,8.17,196
2020-10-28T19:12:50Z,27.72,-89.42,8.17,196
2020-10-28T19:12:51Z,27.72,-89.42,8.17,196
2020-10-28T19:12:52Z,27.72,-89.42,8.17,196
2020-10-28T19:12:53Z,27.72,-89.42,8.17,196
2020-10-28T19:12:54Z,27.72,-89.41,8.17,196
2020-10-28T19:12:55Z,27.72,-89.42,8.17,196
2020-10-28T19:12:56Z,27.72,-89.42,8.17,196
2020-10-28T19:12:57Z,27.72,-89.42,8.17,196
2020-10-28T19:12:58Z,27.72,-89.42,8.17,196
2020-10-28T19:12:59Z,27.72,-89.42,8.17,196
2020-10-28T19:13:00Z,27.72,-89.42,8.17,196
2020-10-28T19:13:01Z,27.72,-89.42,8.17,196
2020-10-28T19:13:02Z,27.72,-89.42,8.17,196
2020-10-28T19:13:03Z,27.72,-89.41,8.17,196
2020-10-28T19:13:04Z,27.72,-89.42,8.17,196
2020-10-28T19:13:05Z,27.72,-89.42,8.17,196
2020-10-28T19:13:06Z,27.72,-89.42,8.17,196
2020-10-28T19:13:07Z,27.72,-89.41,8.17,196
2020-10-28T19:13:08Z,27.72,-89.41,8.17,196
2020-10-28T19:13:09Z,27.72,-89.42,8.17,196
2020-10-28T19:13:10Z,27.72,-89.41,8.17,196
2020-10-28T19:13:11Z,27.72,-89.42,8.17,196
2020-10-28T19:13:12Z,27.72,-89.42,8.17,196
2020-10-28T19:13:13Z,27.72,-89.41,8.17,196
2020-10-28T19:13:14Z,27.72,-89.42,8.17,196
2020-10-28T19:13:15Z,27.72,-89.42,8.17,196
2020-10-28T19:13:16Z,27.72,-89.42,8.17,196
2020-10-28T19:13:17Z,27.72,-89.41,8.17,196
2020-10-28T19:13:18Z,27.72,-89.41,8.17,196
2020-10-28T19:13:19Z,27.72,-89.41,8.17,196
2020-10-28T19:13:20Z,27.72,-89.42,8.17,196
2020-10-28T19:13:21Z,27.72,-89.41,8.17,196
2020-10-28T19:13:22Z,27.72,-89.41,8.17,196
2020-10-28T19:13:23Z,27.72,-89.41,8.17,196
2020-10-28T19:13:24Z,27.72,-89.41,8.17,196
2020-10-28T19:13:25Z,27.72,-89.41,8.17,196
2020-10-28T19:13:26Z,27.72,-89.41,8.17,196
2020-10-28T19:13:27Z,27.72,-89.41,8.17,196
2020-10-28T19:13:28Z,27.72,-89.41,8.17,196
2020-10-28T19:13:29Z,27.72,-89.41,8.17,196
2020-10-28T19:13:30Z,27.72,-89.41,8.17,196
2020-10-28T19:13:31Z,27.72,-89.41,8.17,196
2020-10-28T19:13:32Z,27.72,-89.41,8.17,196
2020-10-28T19:13:33Z,27.72,-89.41,8.17,196
2020-10-28T19:13:34Z,27.72,-89.39,8.17,196
2020-10-28T19:13:35Z,27.72,-89.41,8.17,196
2020-10-28T19:13:36Z,27.72,-89.41,8.17,196
2020-10-28T19:13:37Z,27.72,-89.39,8.17,196
2020-10-28T19:13:38Z,27.72,-89.41,8.17,196
2020-10-28T19:13:39Z,27.72,-89.39,8.17,196
2020-10-28T19:13:40Z,27.72,-89.39,8.17,196
2020-10-28T19:13:41Z,27.72,-89.39,8.17,196
2020-10-28T19:13:42Z,27.74,-89.39,8.17,196
2020-10-28T19:13:43Z,27.74,-89.39,8.17,196
2020-10-28T19:13:44Z,27.74,-89.39,8.17,196
2020-10-28T19:13:45Z,27.74,-89.38,8.17,196
2020-10-28T19:13:46Z,27.74,-89.38,8.17,196
2020-10-28T19:13:47Z,27.74,-89.38,8.17,196
2020-10-28T19:13:48Z,27.74,-89.38,8.17,196
2020-10-28T19:13:49Z,27.74,-89.38,8.17,196
2020-10-28T19:13:50Z,27.74,-89.38,8.17,196
2020-10-28T19:13:51Z,27.74,-89.36,8.17,196
2020-10-28T19:13:52Z,27.74,-89.36,8.17,196
2020-10-28T19:13:53Z,27.74,-89.36,8.17,196
2020-10-28T19:13:54Z,27.74,-89.36,8.17,196
2020-10-28T19:13:55Z,27.74,-89.36,8.17,196
2020-10-28T19:13:56Z,27.74,-89.36,8.17,196
2020-10-28T19:13:57Z,27.74,-89.36,8.17,196
2020-10-28T19:13:58Z,27.74,-89.36,8.17,196
2020-10-28T19:13:59Z,27.74,-89.35,8.17,196
2020-10-28T19:14:00Z,27.74,-89.35,8.17,196
2020-10-28T19:14:01Z,27.74,-89.35,8.17,196
2020-10-28T19:14:02Z,27.74,-89.36,8.17,196
2020-10-28T19:14:03Z,27.76,-89.36,8.17,196
2020-10-28T19:14:04Z,27.76,-89.35,8.17,196
2020-10-28T19:14:05Z,27.76,-89.35,8.17,196
2020-10-28T19:14:06Z,27.76,-89.35,8.17,196
2020-10-28T19:14:07Z,27.76,-89.33,8.17,196
2020-10-28T19:14:08Z,27.76,-89.33,8.17,196
2020-10-28T19:14:09Z,27.76,-89.33,8.17,196
2020-10-28T19:14:10Z,27.76,-89.33,8.17,196
2020-10-28T19:14:11Z,27.76,-89.33,8.17,196
2020-10-28T19:14:12Z,27.76,-89.32,8.17,196
2020-10-28T19:14:13Z,27.76,-89.33,8.17,196
2020-10-28T19:14:14Z,27.76,-89.32,8.17,196
2020-10-28T19:14:15Z,27.76,-89.32,8.17,196
2020-10-28T19:14:16Z,27.76,-89.32,8.17,196
2020-10-28T19:14:17Z,27.76,-89.32,8.17,196
2020-10-28T19:14:18Z,27.76,-89.32,8.17,196
2020-10-28T19:14:19Z,27.76,-89.32,8.17,196
2020-10-28T19:14:20Z,27.76,-89.32,8.17,196
2020-10-28T19:14:21Z,27.76,-89.3,8.17,196
2020-10-28T19:14:22Z,27.79,-89.3,8.17,196
2020-10-28T19:14:23Z,27.79,-89.3,8.17,196
2020-10-28T19:14:24Z,27.79,-89.3,8.17,196
2020-10-28T19:14:25Z,27.79,-89.3,8.17,196
2020-10-28T19:14:26Z,27.79,-89.3,8.17,196
2020-10-28T19:14:27Z,27.79,-89.36,8.17,196
2020-10-28T19:14:28Z,27.79,-89.32,8.17,196
2020-10-28T19:14:29Z,27.79,-89.3,8.17,196
2020-10-28T19:14:30Z,27.79,-89.3,8.17,196
2020-10-28T19:14:31Z,27.79,-89.3,8.17,196
2020-10-28T19:14:32Z,27.79,-89.3,8.17,196
2020-10-28T19:14:33Z,27.79,-89.3,8.17,196
2020-10-28T19:14:34Z,27.79,-89.3,8.17,196
2020-10-28T19:14:35Z,27.79,-89.28,8.16,196
2020-10-28T19:14:36Z,27.79,-89.28,8.16,196
2020-10-28T19:14:37Z,27.79,-89.28,8.16,196
2020-10-28T19:14:38Z,27.79,-89.28,8.16,196
2020-10-28T19:14:39Z,27.79,-89.28,8.16,196
2020-10-28T19:14:40Z,27.81,-89.28,8.16,196
2020-10-28T19:14:41Z,27.81,-89.27,8.16,196
2020-10-28T19:14:42Z,27.81,-89.28,8.16,196
2020-10-28T19:14:43Z,27.81,-89.28,8.16,196
2020-10-28T19:14:44Z,27.81,-89.27,8.16,196
2020-10-28T19:14:45Z,27.81,-89.27,8.16,196
2020-10-28T19:14:46Z,27.81,-89.27,8.16,196
2020-10-28T19:14:47Z,27.81,-89.27,8.16,196
2020-10-28T19:14:48Z,27.81,-89.27,8.16,196
2020-10-28T19:14:49Z,27.81,-89.27,8.16,196
2020-10-28T19:14:50Z,27.81,-89.27,8.16,196
2020-10-28T19:14:51Z,27.81,-89.25,8.16,196
2020-10-28T19:14:52Z,27.81,-89.25,8.16,196
2020-10-28T19:14:53Z,27.81,-89.25,8.16,196
2020-10-28T19:14:54Z,27.81,-89.25,8.16,196
2020-10-28T19:14:55Z,27.81,-89.25,8.16,196
2020-10-28T19:14:56Z,27.84,-89.25,8.16,196
2020-10-28T19:14:57Z,27.84,-89.25,8.16,196
2020-10-28T19:14:58Z,27.84,-89.25,8.16,196
2020-10-28T19:14:59Z,27.84,-89.25,8.16,196
2020-10-28T19:15:00Z,27.84,-89.25,8.16,196
2020-10-28T19:15:01Z,27.84,-89.24,8.16,196
2020-10-28T19:15:02Z,27.84,-89.24,8.16,196
2020-10-28T19:15:03Z,27.84,-89.24,8.16,196
2020-10-28T19:15:04Z,27.84,-89.24,8.16,196
2020-10-28T19:15:05Z,27.84,-89.24,8.16,196
2020-10-28T19:15:06Z,27.84,-89.24,8.16,196
2020-10-28T19:15:07Z,27.84,-89.24,8.16,196
2020-10-28T19:15:08Z,27.84,-89.24,8.16,196
2020-10-28T19:15:09Z,27.84,-89.24,8.16,196
2020-10-28T19:15:10Z,27.84,-89.24,8.16,196
2020-10-28T19:15:11Z,27.84,-89.22,8.16,196
2020-10-28T19:15:12Z,27.84,-89.22,8.16,196
2020-10-28T19:15:13Z,27.84,-89.22,8.16,196
2020-10-28T19:15:14Z,27.86,-89.22,8.16,196
2020-10-28T19:15:15Z,27.86,-89.22,8.16,196
2020-10-28T19:15:16Z,27.86,-89.22,8.16,196
2020-10-28T19:15:17Z,27.86,-89.22,8.16,196
2020-10-28T19:15:18Z,27.86,-89.22,8.16,196
2020-10-28T19:15:19Z,27.86,-89.22,8.16,196
2020-10-28T19:15:20Z,27.86,-89.22,8.16,196
2020-10-28T19:15:21Z,27.86,-89.22,8.16,196
2020-10-28T19:15:22Z,27.86,-89.22,8.16,196
2020-10-28T19:15:23Z,27.86,-89.22,8.16,196
2020-10-28T19:15:24Z,27.86,-89.22,8.16,196
2020-10-28T19:15:25Z,27.86,-89.22,8.16,196
2020-10-28T19:15:26Z,27.86,-89.22,8.16,196
2020-10-28T19:15:27Z,27.86,-89.22,8.16,196
2020-10-28T19:15:28Z,27.86,-89.22,8.16,196
2020-10-28T19:15:29Z,27.86,-89.21,8.16,196
2020-10-28T19:15:30Z,27.86,-89.21,8.16,196
2020-10-28T19:15:31Z,27.89,-89.21,8.16,196
2020-10-28T19:15:32Z,27.89,-89.21,8.16,196
2020-10-28T19:15:33Z,27.89,-89.21,8.16,196
2020-10-28T19:15:34Z,27.89,-89.21,8.16,196
2020-10-28T19:15:35Z,27.89,-89.21,8.16,196
2020-10-28T19:15:36Z,27.89,-89.21,8.16,196
2020-10-28T19:15:37Z,27.89,-89.21,8.16,196
2020-10-28T19:15:38Z,27.89,-89.19,8.16,196
2020-10-28T19:15:39Z,27.89,-89.19,8.16,196
2020-10-28T19:15:40Z,27.89,-89.21,8.16,196
2020-10-28T19:15:41Z,27.89,-89.19,8.16,196
2020-10-28T19:15:42Z,27.89,-89.19,8.16,196
2020-10-28T19:15:43Z,27.89,-89.19,8.16,196
2020-10-28T19:15:44Z,27.89,-89.21,8.16,196
2020-10-28T19:15:45Z,27.89,-89.21,8.16,196
2020-10-28T19:15:46Z,27.89,-89.19,8.16,196
2020-10-28T19:15:47Z,27.91,-89.19,8.16,196
2020-10-28T19:15:48Z,27.91,-89.19,8.16,196
2020-10-28T19:15:49Z,27.91,-89.19,8.16,196
2020-10-28T19:15:50Z,27.91,-89.19,8.16,196
2020-10-28T19:15:51Z,27.91,-89.19,8.16,196
2020-10-28T19:15:52Z,27.91,-89.19,8.16,196
2020-10-28T19:15:53Z,27.91,-89.19,8.16,196
2020-10-28T19:15:54Z,27.91,-89.19,8.16,196
2020-10-28T19:15:55Z,27.91,-89.19,8.16,196
2020-10-28T19:15:56Z,27.91,-89.19,8.16,196
2020-10-28T19:15:57Z,27.91,-89.17,8.16,196
2020-10-28T19:15:58Z,27.91,-89.19,8.16,196
2020-10-28T19:15:59Z,27.91,-89.17,8.16,196
2020-10-28T19:16:00Z,27.91,-89.17,8.16,196
2020-10-28T19:16:01Z,27.91,-89.17,8.16,196
2020-10-28T19:16:02Z,27.91,-89.17,8.16,196
2020-10-28T19:16:03Z,27.94,-89.17,8.16,196
2020-10-28T19:16:04Z,27.94,-89.17,8.16,196
2020-10-28T19:16:05Z,27.94,-89.17,8.16,196
2020-10-28T19:16:06Z,27.94,-89.17,8.16,196
2020-10-28T19:16:07Z,27.94,-89.17,8.16,196
2020-10-28T19:16:08Z,27.94,-89.17,8.16,196
2020-10-28T19:16:09Z,27.94,-89.16,8.16,196
2020-10-28T19:16:10Z,27.94,-89.16,8.16,196
2020-10-28T19:16:11Z,27.94,-89.16,8.16,196
2020-10-28T19:16:12Z,27.94,-89.16,8.16,196
2020-10-28T19:16:13Z,27.94,-89.16,8.16,196
2020-10-28T19:16:14Z,27.94,-89.16,8.16,196
2020-10-28T19:16:15Z,27.94,-89.16,8.16,196
2020-10-28T19:16:16Z,27.94,-89.16,8.16,196
2020-10-28T19:16:17Z,27.96,-89.16,8.16,196
2020-10-28T19:16:18Z,27.96,-89.14,8.16,196
2020-10-28T19:16:19Z,27.96,-89.16,8.16,196
2020-10-28T19:16:20Z,27.96,-89.14,8.16,196
2020-10-28T19:16:21Z,27.96,-89.16,8.16,196
2020-10-28T19:16:22Z,27.96,-89.14,8.16,196
2020-10-28T19:16:23Z,27.96,-89.14,8.16,196
2020-10-28T19:16:24Z,27.96,-89.16,8.16,196
2020-10-28T19:16:25Z,27.96,-89.14,8.16,196
2020-10-28T19:16:26Z,27.96,-89.14,8.16,196
2020-10-28T19:16:27Z,27.96,-89.14,8.16,196
2020-10-28T19:16:28Z,27.96,-89.14,8.16,196
2020-10-28T19:16:29Z,27.96,-89.14,8.16,196
2020-10-28T19:16:30Z,27.96,-89.14,8.16,196
2020-10-28T19:16:31Z,27.96,-89.14,8.16,196
2020-10-28T19:16:32Z,27.99,-89.13,8.16,196
2020-10-28T19:16:33Z,27.99,-89.13,8.16,196
2020-10-28T19:16:34Z,27.99,-89.13,8.16,196
2020-10-28T19:16:35Z,27.99,-89.13,8.16,196
2020-10-28T19:16:36Z,27.99,-89.13,8.16,196
2020-10-28T19:16:37Z,27.99,-89.13,8.16,196
2020-10-28T19:16:38Z,27.99,-89.13,8.16,196
2020-10-28T19:16:39Z,27.99,-89.13,8.16,196
2020-10-28T19:16:40Z,27.99,-89.13,8.16,196
2020-10-28T19:16:41Z,27.99,-89.13,8.16,196
2020-10-28T19:16:42Z,27.99,-89.13,8.16,196
2020-10-28T19:16:43Z,27.99,-89.13,8.16,196
2020-10-28T19:16:44Z,27.99,-89.11,8.16,196
2020-10-28T19:16:45Z,27.99,-89.11,8.16,196
2020-10-28T19:16:46Z,28.01,-89.11,8.16,196
2020-10-28T19:16:47Z,28.01,-89.11,8.16,196
2020-10-28T19:16:48Z,28.01,-89.11,8.16,196
2020-10-28T19:16:49Z,28.01,-89.11,8.16,196
2020-10-28T19:16:50Z,28.01,-89.11,8.16,196
2020-10-28T19:16:51Z,28.01,-89.11,8.16,196
2020-10-28T19:16:52Z,28.01,-89.11,8.16,196
2020-10-28T19:16:53Z,28.01,-89.11,8.16,196
2020-10-28T19:16:54Z,28.01,-89.11,8.16,196
2020-10-28T19:16:55Z,28.01,-89.1,8.16,196
2020-10-28T19:16:56Z,28.01,-89.1,8.16,196
2020-10-28T19:16:57Z,28.01,-89.1,8.16,196
2020-10-28T19:16:58Z,28.01,-89.1,8.16,196
2020-10-28T19:16:59Z,28.01,-89.1,8.16,196
2020-10-28T19:17:00Z,28.04,-89.1,8.16,196
2020-10-28T19:17:01Z,28.04,-89.1,8.16,196
2020-10-28T19:17:02Z,28.04,-89.1,8.16,196
2020-10-28T19:17:03Z,28.04,-89.1,8.16,196
2020-10-28T19:17:04Z,28.04,-89.1,8.16,196
2020-10-28T19:17:05Z,28.04,-89.1,8.16,196
2020-10-28T19:17:06Z,28.04,-89.1,8.16,196
2020-10-28T19:17:07Z,28.04,-89.1,8.16,196
2020-10-28T19:17:08Z,28.04,-89.08,8.16,196
2020-10-28T19:17:09Z,28.04,-89.08,8.16,196
2020-10-28T19:17:10Z,28.04,-89.08,8.16,196
2020-10-28T19:17:11Z,28.04,-89.08,8.16,196
2020-10-28T19:17:12Z,28.04,-89.08,8.16,196
2020-10-28T19:17:13Z,28.04,-89.08,8.16,196
2020-10-28T19:17:14Z,28.06,-89.08,8.16,196
2020-10-28T19:17:15Z,28.06,-89.07,8.16,196
2020-10-28T19:17:16Z,28.06,-89.08,8.16,196
2020-10-28T19:17:17Z,28.06,-89.08,8.16,196
2020-10-28T19:17:18Z,28.06,-89.07,8.16,196
2020-10-28T19:17:19Z,28.06,-89.07,8.16,196
2020-10-28T19:17:20Z,28.06,-89.07,8.16,196
2020-10-28T19:17:21Z,28.06,-89.07,8.16,196
2020-10-28T19:17:22Z,28.06,-89.07,8.16,196
2020-10-28T19:17:23Z,28.06,-89.07,8.16,196
2020-10-28T19:17:24Z,28.06,-89.07,8.16,196
2020-10-28T19:17:25Z,28.06,-89.07,8.16,196
2020-10-28T19:17:26Z,28.06,-89.07,8.16,196
2020-10-28T19:17:27Z,28.06,-89.07,8.16,196
2020-10-28T19:17:28Z,28.06,-89.05,8.16,196
2020-10-28T19:17:29Z,28.09,-89.07,8.16,196
2020-10-28T19:17:30Z,28.09,-89.07,8.16,196
2020-10-28T19:17:31Z,28.09,-89.05,8.16,196
2020-10-28T19:17:32Z,28.09,-89.05,8.16,196
2020-10-28T19:17:33Z,28.09,-89.05,8.16,196
2020-10-28T19:17:34Z,28.09,-89.05,8.16,196
2020-10-28T19:17:35Z,28.09,-89.05,8.16,196
2020-10-28T19:17:36Z,28.09,-89.05,8.16,196
2020-10-28T19:17:37Z,28.09,-89.05,8.16,196
2020-10-28T19:17:38Z,28.09,-89.03,8.16,196
2020-10-28T19:17:39Z,28.09,-89.03,8.16,196
2020-10-28T19:17:40Z,28.09,-89.05,8.16,196
2020-10-28T19:17:41Z,28.09,-89.05,8.16,196
2020-10-28T19:17:42Z,28.09,-89.03,8.16,196
2020-10-28T19:17:43Z,28.11,-89.03,8.16,196
2020-10-28T19:17:44Z,28.11,-89.03,8.16,196
2020-10-28T19:17:45Z,28.11,-89.03,8.16,196
2020-10-28T19:17:46Z,28.11,-89.03,8.16,196
2020-10-28T19:17:47Z,28.11,-89.03,8.16,196
2020-10-28T19:17:48Z,28.11,-89.03,8.16,196
2020-10-28T19:17:49Z,28.11,-89.03,8.16,196
2020-10-28T19:17:50Z,28.11,-89.03,8.16,196
2020-10-28T19:17:51Z,28.11,-89.03,8.16,196
2020-10-28T19:17:52Z,28.11,-89.02,8.16,196
2020-10-28T19:17:53Z,28.11,-89.02,8.16,196
2020-10-28T19:17:54Z,28.11,-89.02,8.16,196
2020-10-28T19:17:55Z,28.11,-89.02,8.16,196
2020-10-28T19:17:56Z,28.11,-89.02,8.16,196
2020-10-28T19:17:57Z,28.11,-89.02,8.16,196
2020-10-28T19:17:58Z,28.13,-89.02,8.16,196
2020-10-28T19:17:59Z,28.13,-89.02,8.16,196
2020-10-28T19:18:00Z,28.13,-89.02,8.16,196
2020-10-28T19:18:01Z,28.13,-89.02,8.16,196
2020-10-28T19:18:02Z,28.13,-89.02,8.16,196
2020-10-28T19:18:03Z,28.13,-89.02,8.16,196
2020-10-28T19:18:04Z,28.13,-89.02,8.16,196
2020-10-28T19:18:05Z,28.13,-89,8.16,196
2020-10-28T19:18:06Z,28.13,-89,8.16,196
2020-10-28T19:18:07Z,28.13,-89.02,8.16,196
2020-10-28T19:18:08Z,28.13,-89,8.16,196
2020-10-28T19:18:09Z,28.13,-89,8.16,196
2020-10-28T19:18:10Z,28.13,-89,8.16,196
2020-10-28T19:18:11Z,28.13,-89,8.16,196
2020-10-28T19:18:12Z,28.13,-89,8.16,196
2020-10-28T19:18:13Z,28.13,-89,8.16,196
2020-10-28T19:18:14Z,28.16,-89,8.16,196
2020-10-28T19:18:15Z,28.16,-89,8.16,196
2020-10-28T19:18:16Z,28.16,-89,8.16,196
2020-10-28T19:18:17Z,28.16,-89,8.16,196
2020-10-28T19:18:18Z,28.16,-89,8.16,196
2020-10-28T19:18:19Z,28.16,-88.99,8.16,196
2020-10-28T19:18:20Z,28.16,-88.99,8.16,196
2020-10-28T19:18:21Z,28.16,-88.99,8.16,196
2020-10-28T19:18:22Z,28.16,-88.99,8.16,196
2020-10-28T19:18:23Z,28.16,-88.99,8.16,196
2020-10-28T19:18:24Z,28.16,-88.99,8.16,196
2020-10-28T19:18:25Z,28.16,-88.99,8.16,196
2020-10-28T19:18:26Z,28.16,-88.99,8.16,196
2020-10-28T19:18:27Z,28.16,-88.99,8.16,196
2020-10-28T19:18:28Z,28.16,-88.99,8.16,196
2020-10-28T19:18:29Z,28.16,-88.97,8.16,196
2020-10-28T19:18:30Z,28.16,-88.97,8.16,196
2020-10-28T19:18:31Z,28.18,-88.97,8.16,196
2020-10-28T19:18:32Z,28.18,-88.97,8.16,196
2020-10-28T19:18:33Z,28.18,-88.97,8.16,196
2020-10-28T19:18:34Z,28.18,-88.97,8.16,196
2020-10-28T19:18:35Z,28.18,-88.97,8.16,196
2020-10-28T19:18:36Z,28.18,-88.97,8.16,196
2020-10-28T19:18:37Z,28.18,-88.97,8.16,196
2020-10-28T19:18:38Z,28.18,-88.96,8.16,196
2020-10-28T19:18:39Z,28.18,-88.97,8.16,196
2020-10-28T19:18:40Z,28.18,-88.97,8.16,196
2020-10-28T19:18:41Z,28.18,-88.97,8.16,196
2020-10-28T19:18:42Z,28.18,-88.96,8.16,196
2020-10-28T19:18:43Z,28.18,-88.96,8.16,196
2020-10-28T19:18:44Z,28.18,-88.96,8.16,196
2020-10-28T19:18:45Z,28.18,-88.97,8.16,196
2020-10-28T19:18:46Z,28.18,-88.96,8.16,196
2020-10-28T19:18:47Z,28.18,-88.96,8.16,196
2020-10-28T19:18:48Z,28.18,-88.96,8.16,196
2020-10-28T19:18:49Z,28.21,-88.96,8.16,196
2020-10-28T19:18:50Z,28.21,-88.96,8.16,196
2020-10-28T19:18:51Z,28.21,-88.96,8.16,196
2020-10-28T19:18:52Z,28.21,-88.94,8.16,196
2020-10-28T19:18:53Z,28.21,-88.96,8.16,196
2020-10-28T19:18:54Z,28.21,-88.96,8.16,196
2020-10-28T19:18:55Z,28.21,-88.96,8.16,196
2020-10-28T19:18:56Z,28.21,-88.94,8.16,196
2020-10-28T19:18:57Z,28.21,-88.94,8.16,196
2020-10-28T19:18:58Z,28.21,-88.96,8.16,196
2020-10-28T19:18:59Z,28.21,-88.94,8.16,196
2020-10-28T19:19:00Z,28.21,-88.94,8.16,196
2020-10-28T19:19:01Z,28.21,-88.94,8.16,196
2020-10-28T19:19:02Z,28.21,-88.94,8.16,196
2020-10-28T19:19:03Z,28.21,-88.94,8.16,196
2020-10-28T19:19:04Z,28.21,-88.94,8.16,196
2020-10-28T19:19:05Z,28.21,-88.92,8.16,196
2020-10-28T19:19:06Z,28.21,-88.94,8.16,196
2020-10-28T19:19:07Z,28.21,-88.94,8.16,196
2020-10-28T19:19:08Z,28.23,-88.94,8.16,196
2020-10-28T19:19:09Z,28.23,-88.92,8.16,196
2020-10-28T19:19:10Z,28.23,-88.92,8.16,196
2020-10-28T19:19:11Z,28.23,-88.92,8.16,196
2020-10-28T19:19:12Z,28.23,-88.92,8.16,196
2020-10-28T19:19:13Z,28.23,-88.92,8.16,196
2020-10-28T19:19:14Z,28.23,-88.92,8.16,196
2020-10-28T19:19:15Z,28.23,-88.92,8.16,196
2020-10-28T19:19:16Z,28.23,-88.92,8.16,196
2020-10-28T19:19:17Z,28.23,-88.92,8.16,196
2020-10-28T19:19:18Z,28.23,-88.92,8.16,196
2020-10-28T19:19:19Z,28.23,-88.91,8.16,196
2020-10-28T19:19:20Z,28.23,-88.91,8.16,196
2020-10-28T19:19:21Z,28.23,-88.91,8.16,196
2020-10-28T19:19:22Z,28.23,-88.91,8.16,196
2020-10-28T19:19:23Z,28.23,-87.78,8.14,196
2020-10-28T19:19:24Z,28.23,-89.64,8.17,196
2020-10-28T19:19:25Z,28.23,-88.94,8.16,196
2020-10-28T19:19:26Z,28.23,-88.91,8.16,196
2020-10-28T19:19:27Z,28.23,-88.92,8.16,196
2020-10-28T19:19:28Z,28.26,-88.91,8.16,196
2020-10-28T19:19:29Z,28.26,-88.91,8.16,196
2020-10-28T19:19:30Z,28.26,-88.92,8.16,196
2020-10-28T19:19:31Z,28.26,-88.92,8.16,196
2020-10-28T19:19:32Z,28.26,-88.91,8.16,196
2020-10-28T19:19:33Z,28.26,-88.89,8.16,196
2020-10-28T19:19:34Z,28.26,-88.89,8.16,196
2020-10-28T19:19:35Z,28.26,-88.89,8.16,196
2020-10-28T19:19:36Z,28.26,-88.89,8.16,196
2020-10-28T19:19:37Z,28.26,-88.89,8.16,196
2020-10-28T19:19:38Z,28.26,-88.88,8.16,196
2020-10-28T19:19:39Z,28.26,-88.88,8.16,196
2020-10-28T19:19:40Z,28.26,-88.88,8.16,196
2020-10-28T19:19:41Z,28.26,-88.88,8.16,196
2020-10-28T19:19:42Z,28.26,-88.88,8.16,196
2020-10-28T19:19:43Z,28.26,-88.88,8.16,196
2020-10-28T19:19:44Z,28.26,-88.88,8.16,196
2020-10-28T19:19:45Z,28.26,-88.88,8.16,196
2020-10-28T19:19:46Z,28.26,-88.88,8.16,196
2020-10-28T19:19:47Z,28.26,-88.88,8.16,196
2020-10-28T19:19:48Z,28.26,-88.86,8.16,196
2020-10-28T19:19:49Z,28.26,-88.86,8.16,196
2020-10-28T19:19:50Z,28.26,-88.86,8.16,196
2020-10-28T19:19:51Z,28.28,-88.86,8.16,196
2020-10-28T19:19:52Z,28.28,-88.86,8.16,196
2020-10-28T19:19:53Z,28.28,-88.86,8.16,196
2020-10-28T19:19:54Z,28.28,-88.86,8.16,196
2020-10-28T19:19:55Z,28.28,-88.86,8.16,196
2020-10-28T19:19:56Z,28.28,-88.86,8.16,196
2020-10-28T19:19:57Z,28.28,-88.86,8.16,196
2020-10-28T19:19:58Z,28.28,-88.86,8.16,196
2020-10-28T19:19:59Z,28.28,-88.86,8.16,196
2020-10-28T19:20:00Z,28.28,-88.86,8.16,196
2020-10-28T19:20:01Z,28.28,-88.86,8.16,196
2020-10-28T19:20:02Z,28.28,-88.86,8.16,196
2020-10-28T19:20:03Z,28.28,-88.86,8.16,196
2020-10-28T19:20:04Z,28.28,-88.86,8.16,196
2020-10-28T19:20:05Z,28.28,-88.85,8.16,196
2020-10-28T19:20:06Z,28.28,-88.86,8.16,196
2020-10-28T19:20:07Z,28.28,-88.86,8.16,196
2020-10-28T19:20:08Z,28.28,-88.85,8.16,196
2020-10-28T19:20:09Z,28.28,-88.85,8.16,196
2020-10-28T19:20:10Z,28.28,-88.86,8.16,196
2020-10-28T19:20:11Z,28.28,-88.85,8.16,196
2020-10-28T19:20:12Z,28.28,-88.85,8.16,196
2020-10-28T19:20:13Z,28.28,-88.85,8.16,196
2020-10-28T19:20:14Z,28.28,-88.85,8.16,196
2020-10-28T19:20:15Z,28.28,-88.85,8.16,196
2020-10-28T19:20:16Z,28.31,-88.85,8.16,196
2020-10-28T19:20:17Z,28.31,-88.83,8.16,196
2020-10-28T19:20:18Z,28.31,-88.83,8.16,196
2020-10-28T19:20:19Z,28.31,-88.83,8.16,196
2020-10-28T19:20:20Z,28.31,-88.83,8.16,196
2020-10-28T19:20:21Z,28.31,-88.83,8.16,196
2020-10-28T19:20:22Z,28.31,-88.83,8.16,196
2020-10-28T19:20:23Z,28.31,-88.83,8.16,196
2020-10-28T19:20:24Z,28.31,-88.83,8.16,196
2020-10-28T19:20:25Z,28.31,-88.83,8.16,196
2020-10-28T19:20:26Z,28.31,-88.83,8.16,196
2020-10-28T19:20:27Z,28.31,-88.83,8.16,196
2020-10-28T19:20:28Z,28.31,-88.83,8.16,196
2020-10-28T19:20:29Z,28.31,-88.83,8.16,196
2020-10-28T19:20:30Z,28.31,-88.82,8.15,196
2020-10-28T19:20:31Z,28.31,-88.83,8.16,196
2020-10-28T19:20:32Z,28.31,-88.82,8.15,196
2020-10-28T19:20:33Z,28.31,-88.82,8.15,196
2020-10-28T19:20:34Z,28.31,-88.82,8.15,196
2020-10-28T19:20:35Z,28.31,-88.82,8.15,196
2020-10-28T19:20:36Z,28.31,-88.82,8.15,196
2020-10-28T19:20:37Z,28.31,-88.82,8.15,196
2020-10-28T19:20:38Z,28.31,-88.82,8.15,196
2020-10-28T19:20:39Z,28.31,-88.82,8.15,196
2020-10-28T19:20:40Z,28.31,-88.82,8.15,196
2020-10-28T19:20:41Z,28.33,-88.82,8.15,196
2020-10-28T19:20:42Z,28.33,-88.8,8.15,196
2020-10-28T19:20:43Z,28.33,-88.8,8.15,196
2020-10-28T19:20:44Z,28.33,-88.8,8.15,196
2020-10-28T19:20:45Z,28.33,-88.8,8.15,196
2020-10-28T19:20:46Z,28.33,-88.8,8.15,196
2020-10-28T19:20:47Z,28.33,-88.8,8.15,196
2020-10-28T19:20:48Z,28.33,-88.8,8.15,196
2020-10-28T19:20:49Z,28.33,-88.8,8.15,196
2020-10-28T19:20:50Z,28.33,-88.78,8.15,196
2020-10-28T19:20:51Z,28.33,-88.78,8.15,196
2020-10-28T19:20:52Z,28.33,-88.78,8.15,196
2020-10-28T19:20:53Z,28.33,-88.8,8.15,196
2020-10-28T19:20:54Z,28.33,-88.78,8.15,196
2020-10-28T19:20:55Z,28.33,-88.78,8.15,196
2020-10-28T19:20:56Z,28.33,-88.78,8.15,196
2020-10-28T19:20:57Z,28.33,-88.78,8.15,196
2020-10-28T19:20:58Z,28.33,-88.78,8.15,196
2020-10-28T19:20:59Z,28.33,-88.78,8.15,196
2020-10-28T19:21:00Z,28.33,-88.78,8.15,196
2020-10-28T19:21:01Z,28.33,-88.78,8.15,196
2020-10-28T19:21:02Z,28.33,-88.78,8.15,196
2020-10-28T19:21:03Z,28.33,-88.77,8.15,196
2020-10-28T19:21:04Z,28.33,-88.78,8.15,196
2020-10-28T19:21:05Z,28.33,-88.77,8.15,196
2020-10-28T19:21:06Z,28.33,-88.77,8.15,196
2020-10-28T19:21:07Z,28.33,-88.77,8.15,196
2020-10-28T19:21:08Z,28.33,-88.77,8.15,196
2020-10-28T19:21:09Z,28.36,-88.77,8.15,196
2020-10-28T19:21:10Z,28.36,-88.77,8.15,196
2020-10-28T19:21:11Z,28.36,-88.77,8.15,196
2020-10-28T19:21:12Z,28.36,-88.77,8.15,196
2020-10-28T19:21:13Z,28.36,-88.77,8.15,196
2020-10-28T19:21:14Z,28.36,-88.75,8.15,196
2020-10-28T19:21:15Z,28.36,-88.75,8.15,196
2020-10-28T19:21:16Z,28.36,-88.75,8.15,196
2020-10-28T19:21:17Z,28.36,-88.77,8.15,196
2020-10-28T19:21:18Z,28.36,-88.75,8.15,196
2020-10-28T19:21:19Z,28.36,-88.75,8.15,196
2020-10-28T19:21:20Z,28.36,-88.75,8.15,196
2020-10-28T19:21:21Z,28.36,-88.75,8.15,196
2020-10-28T19:21:22Z,28.36,-88.75,8.15,196
2020-10-28T19:21:23Z,28.36,-88.74,8.15,196
2020-10-28T19:21:24Z,28.36,-88.75,8.15,196
2020-10-28T19:21:25Z,28.36,-88.75,8.15,196
2020-10-28T19:21:26Z,28.36,-88.75,8.15,196
2020-10-28T19:21:27Z,28.36,-88.74,8.15,196
2020-10-28T19:21:28Z,28.36,-88.74,8.15,196
2020-10-28T19:21:29Z,28.36,-88.74,8.15,196
2020-10-28T19:21:30Z,28.36,-88.74,8.15,196
2020-10-28T19:21:31Z,28.36,-88.74,8.15,196
2020-10-28T19:21:32Z,28.36,-88.74,8.15,196
2020-10-28T19:21:33Z,28.36,-88.74,8.15,196
2020-10-28T19:21:34Z,28.36,-88.74,8.15,196
2020-10-28T19:21:35Z,28.36,-88.74,8.15,196
2020-10-28T19:21:36Z,28.38,-88.74,8.15,196
2020-10-28T19:21:37Z,28.38,-88.72,8.15,196
2020-10-28T19:21:38Z,28.38,-88.74,8.15,196
2020-10-28T19:21:39Z,28.38,-88.74,8.15,196
2020-10-28T19:21:40Z,28.38,-88.72,8.15,196
2020-10-28T19:21:41Z,28.38,-88.72,8.15,196
2020-10-28T19:21:42Z,28.38,-88.72,8.15,196
2020-10-28T19:21:43Z,28.38,-88.72,8.15,196
2020-10-28T19:21:44Z,28.38,-88.72,8.15,196
2020-10-28T19:21:45Z,28.38,-88.72,8.15,196
2020-10-28T19:21:46Z,28.38,-88.72,8.15,196
2020-10-28T19:21:47Z,28.38,-88.72,8.15,196
2020-10-28T19:21:48Z,28.38,-88.72,8.15,196
2020-10-28T19:21:49Z,28.38,-88.71,8.15,196
2020-10-28T19:21:50Z,28.38,-88.72,8.15,196
2020-10-28T19:21:51Z,28.38,-88.72,8.15,196
2020-10-28T19:21:52Z,28.38,-88.72,8.15,196
2020-10-28T19:21:53Z,28.38,-88.72,8.15,196
2020-10-28T19:21:54Z,28.38,-88.71,8.15,196
2020-10-28T19:21:55Z,28.38,-88.71,8.15,196
2020-10-28T19:21:56Z,28.38,-88.71,8.15,196
2020-10-28T19:21:57Z,28.38,-88.71,8.15,196
2020-10-28T19:21:58Z,28.38,-88.71,8.15,196
2020-10-28T19:21:59Z,28.38,-88.71,8.15,196
2020-10-28T19:22:00Z,28.38,-88.71,8.15,196
2020-10-28T19:22:01Z,28.38,-88.71,8.15,196
2020-10-28T19:22:02Z,28.38,-88.71,8.15,196
2020-10-28T19:22:03Z,28.38,-88.71,8.15,196
2020-10-28T19:22:04Z,28.41,-88.69,8.15,196
2020-10-28T19:22:05Z,28.41,-88.69,8.15,196
2020-10-28T19:22:06Z,28.41,-88.69,8.15,196
2020-10-28T19:22:07Z,28.41,-88.69,8.15,196
2020-10-28T19:22:08Z,28.41,-88.67,8.15,196
2020-10-28T19:22:09Z,28.41,-88.69,8.15,196
2020-10-28T19:22:10Z,28.41,-88.69,8.15,196
2020-10-28T19:22:11Z,28.41,-88.69,8.15,196
2020-10-28T19:22:12Z,28.41,-88.69,8.15,196
2020-10-28T19:22:13Z,28.41,-88.69,8.15,196
2020-10-28T19:22:14Z,28.41,-88.69,8.15,196
2020-10-28T19:22:15Z,28.41,-88.67,8.15,196
2020-10-28T19:22:16Z,28.41,-88.67,8.15,196
2020-10-28T19:22:17Z,28.41,-88.69,8.15,196
2020-10-28T19:22:18Z,28.41,-88.67,8.15,196
2020-10-28T19:22:19Z,28.41,-88.67,8.15,196
2020-10-28T19:22:20Z,28.41,-88.67,8.15,196
2020-10-28T19:22:21Z,28.41,-88.66,8.15,196
2020-10-28T19:22:22Z,28.41,-88.67,8.15,196
2020-10-28T19:22:23Z,28.41,-88.67,8.15,196
2020-10-28T19:22:24Z,28.41,-88.67,8.15,196
2020-10-28T19:22:25Z,28.41,-88.67,8.15,196
2020-10-28T19:22:26Z,28.41,-88.67,8.15,196
2020-10-28T19:22:27Z,28.41,-88.67,8.15,196
2020-10-28T19:22:28Z,28.41,-88.66,8.15,196
2020-10-28T19:22:29Z,28.41,-88.66,8.15,196
2020-10-28T19:22:30Z,28.41,-88.66,8.15,196
2020-10-28T19:22:31Z,28.41,-88.66,8.15,196
2020-10-28T19:22:32Z,28.41,-88.66,8.15,196
2020-10-28T19:22:33Z,28.43,-88.66,8.15,196
2020-10-28T19:22:34Z,28.43,-88.66,8.15,196
2020-10-28T19:22:35Z,28.43,-88.66,8.15,196
2020-10-28T19:22:36Z,28.43,-88.66,8.15,196
2020-10-28T19:22:37Z,28.43,-88.64,8.15,196
2020-10-28T19:22:38Z,28.43,-88.66,8.15,196
2020-10-28T19:22:39Z,28.43,-88.66,8.15,196
2020-10-28T19:22:40Z,28.43,-88.66,8.15,196
2020-10-28T19:22:41Z,28.43,-88.64,8.15,196
2020-10-28T19:22:42Z,28.43,-88.64,8.15,196
2020-10-28T19:22:43Z,28.43,-88.64,8.15,196
2020-10-28T19:22:44Z,28.43,-88.64,8.15,196
2020-10-28T19:22:45Z,28.43,-88.64,8.15,196
2020-10-28T19:22:46Z,28.43,-88.64,8.15,196
2020-10-28T19:22:47Z,28.43,-88.64,8.15,196
2020-10-28T19:22:48Z,28.43,-88.64,8.15,196
2020-10-28T19:22:49Z,28.43,-88.64,8.15,196
2020-10-28T19:22:50Z,28.43,-88.63,8.15,196
2020-10-28T19:22:51Z,28.43,-88.64,8.15,196
2020-10-28T19:22:52Z,28.43,-88.63,8.15,196
2020-10-28T19:22:53Z,28.43,-88.63,8.15,196
2020-10-28T19:22:54Z,28.43,-88.63,8.15,196
2020-10-28T19:22:55Z,28.43,-88.63,8.15,196
2020-10-28T19:22:56Z,28.43,-88.63,8.15,196
2020-10-28T19:22:57Z,28.43,-88.63,8.15,196
2020-10-28T19:22:58Z,28.43,-88.63,8.15,196
2020-10-28T19:22:59Z,28.43,-88.63,8.15,196
2020-10-28T19:23:00Z,28.43,-88.63,8.15,196
2020-10-28T19:23:01Z,28.43,-88.63,8.15,196
2020-10-28T19:23:02Z,28.43,-88.63,8.15,196
2020-10-28T19:23:03Z,28.43,-88.63,8.15,196
2020-10-28T19:23:04Z,28.43,-88.63,8.15,196
2020-10-28T19:23:05Z,28.43,-88.63,8.15,196
2020-10-28T19:23:06Z,28.43,-88.61,8.15,196
2020-10-28T19:23:07Z,28.43,-88.63,8.15,196
2020-10-28T19:23:08Z,28.43,-88.63,8.15,196
2020-10-28T19:23:09Z,28.43,-88.63,8.15,196
2020-10-28T19:23:10Z,28.43,-88.63,8.15,196
2020-10-28T19:23:11Z,28.43,-88.63,8.15,196
2020-10-28T19:23:12Z,28.43,-88.63,8.15,196
2020-10-28T19:23:13Z,28.43,-88.63,8.15,196
2020-10-28T19:23:14Z,28.43,-88.63,8.15,196
2020-10-28T19:23:15Z,28.43,-88.63,8.15,196
2020-10-28T19:23:16Z,28.43,-88.63,8.15,196
2020-10-28T19:23:17Z,28.43,-88.63,8.15,196
2020-10-28T19:23:18Z,28.43,-88.61,8.15,196
2020-10-28T19:23:19Z,28.43,-88.61,8.15,196
2020-10-28T19:23:20Z,28.43,-88.63,8.15,196
2020-10-28T19:23:21Z,28.43,-88.63,8.15,196
2020-10-28T19:23:22Z,28.43,-88.61,8.15,196
2020-10-28T19:23:23Z,28.43,-88.63,8.15,196
2020-10-28T19:23:24Z,28.43,-88.61,8.15,196
2020-10-28T19:23:25Z,28.43,-88.61,8.15,196
2020-10-28T19:23:26Z,28.43,-88.61,8.15,196
2020-10-28T19:23:27Z,28.43,-88.63,8.15,196
2020-10-28T19:23:28Z,28.43,-88.61,8.15,196
2020-10-28T19:23:29Z,28.43,-88.63,8.15,196
2020-10-28T19:23:30Z,28.43,-88.61,8.15,196
2020-10-28T19:23:31Z,28.43,-88.61,8.15,196
2020-10-28T19:23:32Z,28.43,-88.61,8.15,196
2020-10-28T19:23:33Z,28.43,-88.61,8.15,196
2020-10-28T19:23:34Z,28.43,-88.61,8.15,196
2020-10-28T19:23:35Z,28.43,-88.61,8.15,196
2020-10-28T19:23:36Z,28.43,-88.61,8.15,196
2020-10-28T19:23:37Z,28.43,-88.61,8.15,196
2020-10-28T19:23:38Z,28.43,-88.61,8.15,196
2020-10-28T19:23:39Z,28.43,-88.61,8.15,196
2020-10-28T19:23:40Z,28.43,-88.63,8.15,196
2020-10-28T19:23:41Z,28.43,-88.61,8.15,196
2020-10-28T19:23:42Z,28.43,-88.61,8.15,196
2020-10-28T19:23:43Z,28.43,-88.61,8.15,196
2020-10-28T19:23:44Z,28.43,-88.61,8.15,196
2020-10-28T19:23:45Z,28.43,-88.61,8.15,196
2020-10-28T19:23:46Z,28.43,-88.61,8.15,196
2020-10-28T19:23:47Z,28.43,-88.61,8.15,196
2020-10-28T19:23:48Z,28.43,-88.61,8.15,196
2020-10-28T19:23:49Z,28.43,-88.61,8.15,196
2020-10-28T19:23:50Z,28.43,-88.61,8.15,196
2020-10-28T19:23:51Z,28.43,-88.61,8.15,196
2020-10-28T19:23:52Z,28.43,-88.61,8.15,196
2020-10-28T19:23:53Z,28.43,-88.61,8.15,196
2020-10-28T19:23:54Z,28.43,-88.61,8.15,196
2020-10-28T19:23:55Z,28.43,-88.61,8.15,196
2020-10-28T19:23:56Z,28.43,-88.61,8.15,196
2020-10-28T19:23:57Z,28.43,-88.61,8.15,196
2020-10-28T19:23:58Z,28.43,-88.61,8.15,196
2020-10-28T19:23:59Z,28.43,-88.61,8.15,196
2020-10-28T19:24:00Z,28.43,-88.61,8.15,196
2020-10-28T19:24:01Z,28.43,-88.61,8.15,196
2020-10-28T19:24:02Z,28.43,-88.61,8.15,196
2020-10-28T19:24:03Z,28.43,-88.61,8.15,196
2020-10-28T19:24:04Z,28.43,-88.61,8.15,196
2020-10-28T19:24:05Z,28.43,-88.61,8.15,196
2020-10-28T19:24:06Z,28.43,-88.61,8.15,196
2020-10-28T19:24:07Z,28.43,-88.61,8.15,196
2020-10-28T19:24:08Z,28.43,-88.61,8.15,196
2020-10-28T19:24:09Z,28.43,-88.61,8.15,196
2020-10-28T19:24:10Z,28.43,-88.61,8.15,196
2020-10-28T19:24:11Z,28.43,-88.61,8.15,196
2020-10-28T19:24:12Z,28.43,-88.61,8.15,196
2020-10-28T19:24:13Z,28.43,-88.61,8.15,196
2020-10-28T19:24:14Z,28.43,-88.61,8.15,196
2020-10-28T19:24:15Z,28.43,-88.61,8.15,196
2020-10-28T19:24:16Z,28.43,-88.61,8.15,196
2020-10-28T19:24:17Z,28.43,-88.61,8.15,196
2020-10-28T19:24:18Z,28.43,-88.61,8.15,196
2020-10-28T19:24:19Z,28.43,-88.61,8.15,196
2020-10-28T19:24:20Z,28.43,-88.61,8.15,196
2020-10-28T19:24:21Z,28.43,-88.61,8.15,196
2020-10-28T19:24:22Z,28.43,-88.61,8.15,196
2020-10-28T19:24:23Z,28.46,-88.61,8.15,196
2020-10-28T19:24:24Z,28.43,-88.61,8.15,196
2020-10-28T19:24:25Z,28.46,-88.6,8.15,196
2020-10-28T19:24:26Z,28.46,-88.6,8.15,196
2020-10-28T19:24:27Z,28.46,-88.6,8.15,196
2020-10-28T19:24:28Z,28.46,-88.6,8.15,196
2020-10-28T19:24:29Z,28.46,-88.6,8.15,196
2020-10-28T19:24:30Z,28.46,-88.6,8.15,196
2020-10-28T19:24:31Z,28.46,-88.6,8.15,196
2020-10-28T19:24:32Z,28.46,-88.6,8.15,196
2020-10-28T19:24:33Z,28.46,-88.6,8.15,196
2020-10-28T19:24:34Z,28.46,-88.6,8.15,196
2020-10-28T19:24:35Z,28.46,-88.6,8.15,196
2020-10-28T19:24:36Z,28.46,-88.6,8.15,196
2020-10-28T19:24:37Z,28.46,-88.6,8.15,196
2020-10-28T19:24:38Z,28.46,-88.6,8.15,196
2020-10-28T19:24:39Z,28.46,-88.6,8.15,196
2020-10-28T19:24:40Z,28.46,-88.6,8.15,196
2020-10-28T19:24:41Z,28.46,-88.6,8.15,196
2020-10-28T19:24:42Z,28.46,-88.6,8.15,196
2020-10-28T19:24:43Z,28.46,-88.6,8.15,196
2020-10-28T19:24:44Z,28.46,-88.58,8.15,196
2020-10-28T19:24:45Z,28.46,-88.6,8.15,196
2020-10-28T19:24:46Z,28.46,-88.58,8.15,196
2020-10-28T19:24:47Z,28.46,-88.58,8.15,196
2020-10-28T19:24:48Z,28.46,-88.58,8.15,196
2020-10-28T19:24:49Z,28.46,-88.6,8.15,196
2020-10-28T19:24:50Z,28.46,-88.58,8.15,196
2020-10-28T19:24:51Z,28.46,-88.58,8.15,196
2020-10-28T19:24:52Z,28.46,-88.58,8.15,196
2020-10-28T19:24:53Z,28.46,-88.58,8.15,196
2020-10-28T19:24:54Z,28.46,-88.58,8.15,196
2020-10-28T19:24:55Z,28.46,-88.58,8.15,196
2020-10-28T19:24:56Z,28.46,-88.58,8.15,196
2020-10-28T19:24:57Z,28.46,-88.58,8.15,196
2020-10-28T19:24:58Z,28.46,-88.58,8.15,196
2020-10-28T19:24:59Z,28.46,-88.58,8.15,196
2020-10-28T19:25:00Z,28.46,-88.58,8.15,196
2020-10-28T19:25:01Z,28.46,-88.58,8.15,196
2020-10-28T19:25:02Z,28.46,-88.58,8.15,196
2020-10-28T19:25:03Z,28.46,-88.58,8.15,196
2020-10-28T19:25:04Z,28.46,-88.57,8.15,196
2020-10-28T19:25:05Z,28.46,-88.58,8.15,196
2020-10-28T19:25:06Z,28.46,-88.58,8.15,196
2020-10-28T19:25:07Z,28.46,-88.57,8.15,196
2020-10-28T19:25:08Z,28.46,-88.57,8.15,196
2020-10-28T19:25:09Z,28.46,-88.58,8.15,196
2020-10-28T19:25:10Z,28.46,-88.57,8.15,196
2020-10-28T19:25:11Z,28.46,-88.57,8.15,196
2020-10-28T19:25:12Z,28.46,-88.57,8.15,196
2020-10-28T19:25:13Z,28.46,-88.57,8.15,196
2020-10-28T19:25:14Z,28.46,-88.57,8.15,196
2020-10-28T19:25:15Z,28.46,-88.57,8.15,196
2020-10-28T19:25:16Z,28.46,-88.57,8.15,196
2020-10-28T19:25:17Z,28.46,-88.57,8.15,196
2020-10-28T19:25:18Z,28.46,-88.57,8.15,196
2020-10-28T19:25:19Z,28.46,-88.57,8.15,196
2020-10-28T19:25:20Z,28.46,-88.57,8.15,196
2020-10-28T19:25:21Z,28.46,-88.57,8.15,196
2020-10-28T19:25:22Z,28.46,-88.57,8.15,196
2020-10-28T19:25:23Z,28.46,-88.57,8.15,196
2020-10-28T19:25:24Z,28.46,-88.57,8.15,196
2020-10-28T19:25:25Z,28.46,-88.57,8.15,196
2020-10-28T19:25:26Z,28.46,-88.57,8.15,196
2020-10-28T19:25:27Z,28.48,-88.57,8.15,196
2020-10-28T19:25:28Z,28.48,-88.55,8.15,196
2020-10-28T19:25:29Z,28.48,-88.57,8.15,196
2020-10-28T19:25:30Z,28.48,-88.57,8.15,196
2020-10-28T19:25:31Z,28.48,-88.57,8.15,196
2020-10-28T19:25:32Z,28.48,-88.57,8.15,196
2020-10-28T19:25:33Z,28.48,-88.55,8.15,196
2020-10-28T19:25:34Z,28.48,-88.55,8.15,196
2020-10-28T19:25:35Z,28.48,-88.55,8.15,196
2020-10-28T19:25:36Z,28.48,-89.08,8.16,196
2020-10-28T19:25:37Z,28.48,-88.69,8.15,196
2020-10-28T19:25:38Z,28.48,-88.63,8.15,196
2020-10-28T19:25:39Z,28.48,-88.6,8.15,196
2020-10-28T19:25:40Z,28.48,-88.58,8.15,196
2020-10-28T19:25:41Z,28.48,-88.58,8.15,196
2020-10-28T19:25:42Z,28.48,-88.57,8.15,196
2020-10-28T19:25:43Z,28.48,-88.57,8.15,196
2020-10-28T19:25:44Z,28.48,-88.57,8.15,196
2020-10-28T19:25:45Z,28.48,-88.57,8.15,196
2020-10-28T19:25:46Z,28.48,-88.57,8.15,196
2020-10-28T19:25:47Z,28.48,-88.55,8.15,196
2020-10-28T19:25:48Z,28.48,-88.55,8.15,196
2020-10-28T19:25:49Z,28.48,-88.57,8.15,196
2020-10-28T19:25:50Z,28.48,-88.55,8.15,196
2020-10-28T19:25:51Z,28.48,-88.55,8.15,196
2020-10-28T19:25:52Z,28.48,-88.55,8.15,196
2020-10-28T19:25:53Z,28.48,-88.61,8.15,196
2020-10-28T19:25:54Z,28.48,-88.58,8.15,196
2020-10-28T19:25:55Z,28.48,-88.57,8.15,196
2020-10-28T19:25:56Z,28.48,-88.55,8.15,196
2020-10-28T19:25:57Z,28.48,-88.55,8.15,196
2020-10-28T19:25:58Z,28.48,-88.55,8.15,196
2020-10-28T19:25:59Z,28.48,-88.55,8.15,196
2020-10-28T19:26:00Z,28.48,-88.55,8.15,196
2020-10-28T19:26:01Z,28.48,-88.55,8.15,196
2020-10-28T19:26:02Z,28.48,-88.55,8.15,196
2020-10-28T19:26:03Z,28.48,-88.55,8.15,196
2020-10-28T19:26:04Z,28.48,-88.55,8.15,196
2020-10-28T19:26:05Z,28.48,-88.55,8.15,196
2020-10-28T19:26:06Z,28.48,-88.53,8.15,196
2020-10-28T19:26:07Z,28.48,-88.53,8.15,196
2020-10-28T19:26:08Z,28.48,-88.53,8.15,196
2020-10-28T19:26:09Z,28.48,-88.55,8.15,196
2020-10-28T19:26:10Z,28.48,-88.53,8.15,196
2020-10-28T19:26:11Z,28.48,-88.55,8.15,196
2020-10-28T19:26:12Z,28.48,-88.53,8.15,196
2020-10-28T19:26:13Z,28.48,-88.53,8.15,196
2020-10-28T19:26:14Z,28.48,-88.53,8.15,196
2020-10-28T19:26:15Z,28.48,-88.53,8.15,196
2020-10-28T19:26:16Z,28.48,-88.53,8.15,196
2020-10-28T19:26:17Z,28.48,-88.53,8.15,196
2020-10-28T19:26:18Z,28.48,-88.53,8.15,196
2020-10-28T19:26:19Z,28.48,-88.53,8.15,196
2020-10-28T19:26:20Z,28.48,-88.53,8.15,196
2020-10-28T19:26:21Z,28.48,-88.53,8.15,196
2020-10-28T19:26:22Z,28.48,-88.53,8.15,196
2020-10-28T19:26:23Z,28.48,-88.53,8.15,196
2020-10-28T19:26:24Z,28.48,-88.53,8.15,196
2020-10-28T19:26:25Z,28.48,-88.53,8.15,196
2020-10-28T19:26:26Z,28.48,-88.53,8.15,196
2020-10-28T19:26:27Z,28.48,-88.53,8.15,196
2020-10-28T19:26:28Z,28.48,-88.53,8.15,196
2020-10-28T19:26:29Z,28.48,-88.53,8.15,196
2020-10-28T19:26:30Z,28.48,-88.53,8.15,196
2020-10-28T19:26:31Z,28.48,-88.53,8.15,196
2020-10-28T19:26:32Z,28.48,-88.53,8.15,196
2020-10-28T19:26:33Z,28.48,-88.53,8.15,196
2020-10-28T19:26:34Z,28.48,-88.53,8.15,196
2020-10-28T19:26:35Z,28.48,-88.53,8.15,196
2020-10-28T19:26:36Z,28.48,-88.53,8.15,196
2020-10-28T19:26:37Z,28.48,-88.53,8.15,196
2020-10-28T19:26:38Z,28.48,-88.53,8.15,196
2020-10-28T19:26:39Z,28.48,-88.53,8.15,196
2020-10-28T19:26:40Z,28.51,-88.53,8.15,196
2020-10-28T19:26:41Z,28.51,-88.53,8.15,196
2020-10-28T19:26:42Z,28.51,-88.53,8.15,196
2020-10-28T19:26:43Z,28.51,-88.53,8.15,196
2020-10-28T19:26:44Z,28.51,-88.53,8.15,196
2020-10-28T19:26:45Z,28.51,-88.53,8.15,196
2020-10-28T19:26:46Z,28.51,-88.53,8.15,196
2020-10-28T19:26:47Z,28.51,-88.53,8.15,196
2020-10-28T19:26:48Z,28.51,-88.53,8.15,196
2020-10-28T19:26:49Z,28.51,-88.53,8.15,196
2020-10-28T19:26:50Z,28.51,-88.52,8.15,196
2020-10-28T19:26:51Z,28.51,-88.52,8.15,196
2020-10-28T19:26:52Z,28.51,-88.53,8.15,196
2020-10-28T19:26:53Z,28.51,-88.52,8.15,196
2020-10-28T19:26:54Z,28.51,-88.52,8.15,196
2020-10-28T19:26:55Z,28.51,-88.52,8.15,196
2020-10-28T19:26:56Z,28.51,-88.52,8.15,196
2020-10-28T19:26:57Z,28.51,-88.52,8.15,196
2020-10-28T19:26:58Z,28.51,-88.52,8.15,196
2020-10-28T19:26:59Z,28.51,-88.53,8.15,196
2020-10-28T19:27:00Z,28.51,-88.53,8.15,196
2020-10-28T19:27:01Z,28.51,-88.53,8.15,196
2020-10-28T19:27:02Z,28.51,-88.53,8.15,196
2020-10-28T19:27:03Z,28.51,-88.53,8.15,196
2020-10-28T19:27:04Z,28.51,-88.53,8.15,196
2020-10-28T19:27:05Z,28.51,-88.52,8.15,196
2020-10-28T19:27:06Z,28.51,-88.52,8.15,196
2020-10-28T19:27:07Z,28.51,-88.53,8.15,196
2020-10-28T19:27:08Z,28.51,-88.52,8.15,196
2020-10-28T19:27:09Z,28.51,-88.53,8.15,196
2020-10-28T19:27:10Z,28.51,-88.46,8.15,196
2020-10-28T19:27:11Z,28.51,-88.58,8.15,196
2020-10-28T19:27:12Z,28.51,-88.53,8.15,196
2020-10-28T19:27:13Z,28.51,-88.46,8.15,196
2020-10-28T19:27:14Z,28.51,-88.52,8.15,196
2020-10-28T19:27:15Z,28.51,-88.52,8.15,196
2020-10-28T19:27:16Z,28.51,-88.5,8.15,196
2020-10-28T19:27:17Z,28.51,-88.52,8.15,196
2020-10-28T19:27:18Z,28.51,-88.52,8.15,196
2020-10-28T19:27:19Z,28.51,-88.53,8.15,196
2020-10-28T19:27:20Z,28.51,-88.58,8.15,196
2020-10-28T19:27:21Z,28.51,-88.42,8.15,196
2020-10-28T19:27:22Z,28.51,-88.52,8.15,196
2020-10-28T19:27:23Z,28.51,-88.52,8.15,196
2020-10-28T19:27:24Z,28.51,-88.52,8.15,196
2020-10-28T19:27:25Z,28.51,-88.52,8.15,196
2020-10-28T19:27:26Z,28.51,-88.52,8.15,196
2020-10-28T19:27:27Z,28.51,-88.44,8.15,196
2020-10-28T19:27:28Z,28.51,-88.6,8.15,196
2020-10-28T19:27:29Z,28.51,-88.52,8.15,196
2020-10-28T19:27:30Z,28.51,-88.49,8.15,196
2020-10-28T19:27:31Z,28.51,-88.5,8.15,196
2020-10-28T19:27:32Z,28.51,-88.5,8.15,196
2020-10-28T19:27:33Z,28.51,-88.5,8.15,196
2020-10-28T19:27:34Z,28.51,-88.52,8.15,196
2020-10-28T19:27:35Z,28.51,-88.5,8.15,196
2020-10-28T19:27:36Z,28.51,-88.5,8.15,196
2020-10-28T19:27:37Z,28.51,-88.52,8.15,196
2020-10-28T19:27:38Z,28.51,-88.52,8.15,196
2020-10-28T19:27:39Z,28.51,-88.5,8.15,196
2020-10-28T19:27:40Z,28.51,-88.52,8.15,196
2020-10-28T19:27:41Z,28.51,-88.5,8.15,196
2020-10-28T19:27:42Z,28.51,-88.52,8.15,196
2020-10-28T19:27:43Z,28.51,-88.52,8.15,196
2020-10-28T19:27:44Z,28.51,-88.5,8.15,196
2020-10-28T19:27:45Z,28.51,-88.5,8.15,196
2020-10-28T19:27:46Z,28.51,-88.5,8.15,196
2020-10-28T19:27:47Z,28.51,-88.5,8.15,196
2020-10-28T19:27:48Z,28.51,-88.5,8.15,196
2020-10-28T19:27:49Z,28.51,-88.5,8.15,196
2020-10-28T19:27:50Z,28.51,-88.5,8.15,196
2020-10-28T19:27:51Z,28.51,-88.5,8.15,196
2020-10-28T19:27:52Z,28.51,-88.5,8.15,196
2020-10-28T19:27:53Z,28.51,-88.52,8.15,196
2020-10-28T19:27:54Z,28.51,-88.5,8.15,196
2020-10-28T19:27:55Z,28.51,-88.52,8.15,196
2020-10-28T19:27:56Z,28.51,-88.5,8.15,196
2020-10-28T19:27:57Z,28.51,-88.5,8.15,196
2020-10-28T19:27:58Z,28.51,-88.5,8.15,196
2020-10-28T19:27:59Z,28.51,-88.52,8.15,196
2020-10-28T19:28:00Z,28.51,-88.5,8.15,196
2020-10-28T19:28:01Z,28.51,-88.5,8.15,196
2020-10-28T19:28:02Z,28.51,-88.5,8.15,196
2020-10-28T19:28:03Z,28.51,-88.5,8.15,196
2020-10-28T19:28:04Z,28.51,-88.5,8.15,196
2020-10-28T19:28:05Z,28.51,-88.5,8.15,196
2020-10-28T19:28:06Z,28.51,-88.5,8.15,196
2020-10-28T19:28:07Z,28.51,-88.5,8.15,196
2020-10-28T19:28:08Z,28.51,-88.5,8.15,196
2020-10-28T19:28:09Z,28.51,-88.5,8.15,196
2020-10-28T19:28:10Z,28.51,-88.5,8.15,196
2020-10-28T19:28:11Z,28.51,-88.5,8.15,196
2020-10-28T19:28:12Z,28.51,-88.5,8.15,196
2020-10-28T19:28:13Z,28.51,-88.5,8.15,196
2020-10-28T19:28:14Z,28.51,-88.5,8.15,196
2020-10-28T19:28:15Z,28.51,-88.5,8.15,196
2020-10-28T19:28:16Z,28.51,-88.5,8.15,196
2020-10-28T19:28:17Z,28.51,-88.5,8.15,196
2020-10-28T19:28:18Z,28.51,-88.5,8.15,196
2020-10-28T19:28:19Z,28.51,-88.5,8.15,196
2020-10-28T19:28:20Z,28.51,-88.49,8.15,196
2020-10-28T19:28:21Z,28.51,-88.5,8.15,196
2020-10-28T19:28:22Z,28.51,-88.5,8.15,196
2020-10-28T19:28:23Z,28.51,-88.5,8.15,196
2020-10-28T19:28:24Z,28.51,-88.5,8.15,196
2020-10-28T19:28:25Z,28.51,-88.5,8.15,196
2020-10-28T19:28:26Z,28.51,-88.5,8.15,196
2020-10-28T19:28:27Z,28.51,-88.5,8.15,196
2020-10-28T19:28:28Z,28.51,-88.5,8.15,196
2020-10-28T19:28:29Z,28.51,-88.5,8.15,196
2020-10-28T19:28:30Z,28.51,-88.5,8.15,196
2020-10-28T19:28:31Z,28.51,-88.5,8.15,196
2020-10-28T19:28:32Z,28.51,-88.52,8.15,196
2020-10-28T19:28:33Z,28.51,-88.5,8.15,196
2020-10-28T19:28:34Z,28.51,-88.5,8.15,196
2020-10-28T19:28:35Z,28.51,-88.5,8.15,196
2020-10-28T19:28:36Z,28.51,-88.5,8.15,196
2020-10-28T19:28:37Z,28.51,-88.5,8.15,196
2020-10-28T19:28:38Z,28.51,-88.5,8.15,196
2020-10-28T19:28:39Z,28.51,-88.5,8.15,196
2020-10-28T19:28:40Z,28.51,-88.52,8.15,196
2020-10-28T19:28:41Z,28.51,-88.5,8.15,196
2020-10-28T19:28:42Z,28.51,-88.5,8.15,196
2020-10-28T19:28:43Z,28.51,-88.5,8.15,196
2020-10-28T19:28:44Z,28.51,-88.5,8.15,196
2020-10-28T19:28:45Z,28.51,-88.5,8.15,196
2020-10-28T19:28:46Z,28.51,-88.5,8.15,196
2020-10-28T19:28:47Z,28.51,-88.5,8.15,196
2020-10-28T19:28:48Z,28.51,-88.5,8.15,196
2020-10-28T19:28:49Z,28.51,-88.5,8.15,196
2020-10-28T19:28:50Z,28.51,-88.5,8.15,196
2020-10-28T19:28:51Z,28.51,-88.5,8.15,196
2020-10-28T19:28:52Z,28.51,-88.49,8.15,196
2020-10-28T19:28:53Z,28.51,-88.5,8.15,196
2020-10-28T19:28:54Z,28.51,-88.5,8.15,196
2020-10-28T19:28:55Z,28.51,-88.5,8.15,196
2020-10-28T19:28:56Z,28.51,-88.5,8.15,196
2020-10-28T19:28:57Z,28.51,-88.49,8.15,196
2020-10-28T19:28:58Z,28.51,-88.49,8.15,196
2020-10-28T19:28:59Z,28.51,-88.5,8.15,196
2020-10-28T19:29:00Z,28.51,-88.49,8.15,196
2020-10-28T19:29:01Z,28.51,-88.5,8.15,196
2020-10-28T19:29:02Z,28.51,-88.5,8.15,196
2020-10-28T19:29:03Z,28.51,-88.5,8.15,196
2020-10-28T19:29:04Z,28.51,-88.5,8.15,196
2020-10-28T19:29:05Z,28.51,-88.5,8.15,196
2020-10-28T19:29:06Z,28.51,-88.5,8.15,196
2020-10-28T19:29:07Z,28.51,-88.5,8.15,196
2020-10-28T19:29:08Z,28.51,-88.5,8.15,196
2020-10-28T19:29:09Z,28.51,-88.5,8.15,196
2020-10-28T19:29:10Z,28.51,-88.5,8.15,196
2020-10-28T19:29:11Z,28.51,-88.5,8.15,196
2020-10-28T19:29:12Z,28.51,-88.5,8.15,196
2020-10-28T19:29:13Z,28.51,-88.49,8.15,196
2020-10-28T19:29:14Z,28.51,-88.5,8.15,196
2020-10-28T19:29:15Z,28.51,-88.49,8.15,196
2020-10-28T19:29:16Z,28.51,-88.5,8.15,196
2020-10-28T19:29:17Z,28.51,-88.49,8.15,196
2020-10-28T19:29:18Z,28.51,-88.49,8.15,196
2020-10-28T19:29:19Z,28.51,-88.5,8.15,196
2020-10-28T19:29:20Z,28.51,-88.49,8.15,196
2020-10-28T19:29:21Z,28.51,-88.49,8.15,196
2020-10-28T19:29:22Z,28.51,-88.49,8.15,196
2020-10-28T19:29:23Z,28.51,-88.49,8.15,196
2020-10-28T19:29:24Z,28.51,-88.5,8.15,196
2020-10-28T19:29:25Z,28.51,-88.49,8.15,196
2020-10-28T19:29:26Z,28.51,-88.49,8.15,196
2020-10-28T19:29:27Z,28.51,-88.49,8.15,196
2020-10-28T19:29:28Z,28.51,-88.5,8.15,196
2020-10-28T19:29:29Z,28.51,-88.49,8.15,196
2020-10-28T19:29:30Z,28.51,-88.49,8.15,196
2020-10-28T19:29:31Z,28.51,-88.49,8.15,196
2020-10-28T19:29:32Z,28.51,-88.5,8.15,196
2020-10-28T19:29:33Z,28.51,-88.49,8.15,196
2020-10-28T19:29:34Z,28.51,-88.49,8.15,196
2020-10-28T19:29:35Z,28.51,-88.49,8.15,196
2020-10-28T19:29:36Z,28.51,-88.49,8.15,196
2020-10-28T19:29:37Z,28.51,-88.49,8.15,196
2020-10-28T19:29:38Z,28.51,-88.49,8.15,196
2020-10-28T19:29:39Z,28.51,-88.49,8.15,196
2020-10-28T19:29:40Z,28.51,-88.49,8.15,196
2020-10-28T19:29:41Z,28.51,-88.5,8.15,196
2020-10-28T19:29:42Z,28.51,-88.49,8.15,196
2020-10-28T19:29:43Z,28.51,-88.49,8.15,196
2020-10-28T19:29:44Z,28.51,-88.49,8.15,196
2020-10-28T19:29:45Z,28.51,-88.49,8.15,196
2020-10-28T19:29:46Z,28.51,-88.49,8.15,196
2020-10-28T19:29:47Z,28.51,-88.49,8.15,196
2020-10-28T19:29:48Z,28.51,-88.49,8.15,196
2020-10-28T19:29:49Z,28.51,-88.49,8.15,196
2020-10-28T19:29:50Z,28.51,-88.49,8.15,196
2020-10-28T19:29:51Z,28.51,-88.49,8.15,196
2020-10-28T19:29:52Z,28.51,-88.49,8.15,196
2020-10-28T19:29:53Z,28.51,-88.49,8.15,196
2020-10-28T19:29:54Z,28.51,-88.49,8.15,196
2020-10-28T19:29:55Z,28.53,-88.49,8.15,196
2020-10-28T19:29:56Z,28.53,-88.49,8.15,196
2020-10-28T19:29:57Z,28.51,-88.49,8.15,196
2020-10-28T19:29:58Z,28.53,-88.49,8.15,196
2020-10-28T19:29:59Z,28.53,-88.49,8.15,196
2020-10-28T19:30:00Z,28.53,-88.49,8.15,196
2020-10-28T19:30:01Z,28.53,-88.49,8.15,196
2020-10-28T19:30:02Z,28.53,-88.49,8.15,196
2020-10-28T19:30:03Z,28.53,-88.5,8.15,196
2020-10-28T19:30:04Z,28.53,-88.49,8.15,196
2020-10-28T19:30:05Z,28.53,-88.49,8.15,196
2020-10-28T19:30:06Z,28.53,-88.49,8.15,196
2020-10-28T19:30:07Z,28.53,-88.49,8.15,196
2020-10-28T19:30:08Z,28.53,-88.49,8.15,196
2020-10-28T19:30:09Z,28.53,-88.49,8.15,196
2020-10-28T19:30:10Z,28.53,-88.49,8.15,196
2020-10-28T19:30:11Z,28.53,-88.5,8.15,196
2020-10-28T19:30:12Z,28.53,-88.49,8.15,196
2020-10-28T19:30:13Z,28.53,-88.49,8.15,196
2020-10-28T19:30:14Z,28.53,-88.49,8.15,196
2020-10-28T19:30:15Z,28.53,-88.49,8.15,196
2020-10-28T19:30:16Z,28.53,-88.49,8.15,196
2020-10-28T19:30:17Z,28.53,-88.49,8.15,196
2020-10-28T19:30:18Z,28.53,-88.5,8.15,196
2020-10-28T19:30:19Z,28.53,-88.49,8.15,196
2020-10-28T19:30:20Z,28.53,-88.49,8.15,196
2020-10-28T19:30:21Z,28.53,-88.49,8.15,196
2020-10-28T19:30:22Z,28.53,-88.49,8.15,196
2020-10-28T19:30:23Z,28.53,-88.49,8.15,196
2020-10-28T19:30:24Z,28.53,-88.49,8.15,196
2020-10-28T19:30:25Z,28.53,-88.49,8.15,196
2020-10-28T19:30:26Z,28.53,-88.49,8.15,196
2020-10-28T19:30:27Z,28.53,-88.49,8.15,196
2020-10-28T19:30:28Z,28.53,-88.49,8.15,196
2020-10-28T19:30:29Z,28.53,-88.49,8.15,196
2020-10-28T19:30:30Z,28.53,-88.49,8.15,196
2020-10-28T19:30:31Z,28.53,-88.49,8.15,196
2020-10-28T19:30:32Z,28.53,-88.49,8.15,196
2020-10-28T19:30:33Z,28.53,-88.49,8.15,196
2020-10-28T19:30:34Z,28.53,-88.49,8.15,196
2020-10-28T19:30:35Z,28.53,-88.49,8.15,196
2020-10-28T19:30:36Z,28.53,-88.49,8.15,196
2020-10-28T19:30:37Z,28.53,-88.49,8.15,196
2020-10-28T19:30:38Z,28.53,-88.49,8.15,196
2020-10-28T19:30:39Z,28.53,-88.49,8.15,196
2020-10-28T19:30:40Z,28.53,-88.49,8.15,196
2020-10-28T19:30:41Z,28.53,-88.49,8.15,196
2020-10-28T19:30:42Z,28.53,-88.49,8.15,196
2020-10-28T19:30:43Z,28.53,-88.49,8.15,196
2020-10-28T19:30:44Z,28.53,-88.49,8.15,196
2020-10-28T19:30:45Z,28.53,-88.49,8.15,196
2020-10-28T19:30:46Z,28.53,-88.49,8.15,196
2020-10-28T19:30:47Z,28.53,-88.49,8.15,196
2020-10-28T19:30:48Z,28.53,-88.49,8.15,196
2020-10-28T19:30:49Z,28.53,-88.49,8.15,196
2020-10-28T19:30:50Z,28.53,-88.49,8.15,196
2020-10-28T19:30:51Z,28.53,-88.49,8.15,196
2020-10-28T19:30:52Z,28.53,-88.49,8.15,196
2020-10-28T19:30:53Z,28.53,-88.49,8.15,196
2020-10-28T19:30:54Z,28.53,-88.49,8.15,196
2020-10-28T19:30:55Z,28.53,-88.49,8.15,196
2020-10-28T19:30:56Z,28.53,-88.49,8.15,196
2020-10-28T19:30:57Z,28.53,-88.49,8.15,196
2020-10-28T19:30:58Z,28.53,-88.49,8.15,196
2020-10-28T19:30:59Z,28.53,-88.49,8.15,196
2020-10-28T19:31:00Z,28.53,-88.49,8.15,196
2020-10-28T19:31:01Z,28.53,-88.49,8.15,196
2020-10-28T19:31:02Z,28.53,-88.49,8.15,196
2020-10-28T19:31:03Z,28.53,-88.49,8.15,196
2020-10-28T19:31:04Z,28.53,-88.49,8.15,196
2020-10-28T19:31:05Z,28.53,-88.49,8.15,196
2020-10-28T19:31:06Z,28.53,-88.49,8.15,196
2020-10-28T19:31:07Z,28.53,-88.49,8.15,196
2020-10-28T19:31:08Z,28.53,-88.47,8.15,196
2020-10-28T19:31:09Z,28.53,-88.49,8.15,196
2020-10-28T19:31:10Z,28.53,-88.49,8.15,196
2020-10-28T19:31:11Z,28.53,-88.47,8.15,196
2020-10-28T19:31:12Z,28.53,-88.49,8.15,196
2020-10-28T19:31:13Z,28.53,-88.49,8.15,196
2020-10-28T19:31:14Z,28.53,-88.49,8.15,196
2020-10-28T19:31:15Z,28.53,-88.49,8.15,196
2020-10-28T19:31:16Z,28.53,-88.49,8.15,196
2020-10-28T19:31:17Z,28.53,-88.49,8.15,196
2020-10-28T19:31:18Z,28.53,-88.49,8.15,196
2020-10-28T19:31:19Z,28.53,-88.49,8.15,196
2020-10-28T19:31:20Z,28.53,-88.46,8.15,196
2020-10-28T19:31:21Z,28.53,-88.47,8.15,196
2020-10-28T19:31:22Z,28.53,-88.47,8.15,196
2020-10-28T19:31:23Z,28.53,-88.47,8.15,196
2020-10-28T19:31:24Z,28.53,-88.47,8.15,196
2020-10-28T19:31:25Z,28.53,-88.47,8.15,196
2020-10-28T19:31:26Z,28.53,-88.47,8.15,196
2020-10-28T19:31:27Z,28.53,-88.47,8.15,196
2020-10-28T19:31:28Z,28.53,-88.47,8.15,196
2020-10-28T19:31:29Z,28.53,-88.47,8.15,196
2020-10-28T19:31:30Z,28.53,-88.47,8.15,196
2020-10-28T19:31:31Z,28.53,-88.47,8.15,196
2020-10-28T19:31:32Z,28.53,-88.49,8.15,196
2020-10-28T19:31:33Z,28.53,-88.47,8.15,196
2020-10-28T19:31:34Z,28.53,-88.49,8.15,196
2020-10-28T19:31:35Z,28.53,-88.49,8.15,196
2020-10-28T19:31:36Z,28.53,-88.53,8.15,196
2020-10-28T19:31:37Z,28.53,-88.5,8.15,196
2020-10-28T19:31:38Z,28.53,-88.5,8.15,196
2020-10-28T19:31:39Z,28.53,-88.5,8.15,196
2020-10-28T19:31:40Z,28.53,-88.49,8.15,196
2020-10-28T19:31:41Z,28.53,-88.49,8.15,196
2020-10-28T19:31:42Z,28.53,-88.49,8.15,196
2020-10-28T19:31:43Z,28.53,-88.47,8.15,196
2020-10-28T19:31:44Z,28.53,-88.47,8.15,196
2020-10-28T19:31:45Z,28.53,-88.49,8.15,196
2020-10-28T19:31:46Z,28.53,-88.49,8.15,196
2020-10-28T19:31:47Z,28.53,-88.49,8.15,196
2020-10-28T19:31:48Z,28.53,-88.47,8.15,196
2020-10-28T19:31:49Z,28.53,-88.47,8.15,196
2020-10-28T19:31:50Z,28.53,-88.47,8.15,196
2020-10-28T19:31:51Z,28.53,-88.49,8.15,196
2020-10-28T19:31:52Z,28.53,-88.47,8.15,196
2020-10-28T19:31:53Z,28.53,-88.47,8.15,196
2020-10-28T19:31:54Z,28.53,-88.47,8.15,196
2020-10-28T19:31:55Z,28.53,-88.47,8.15,196
2020-10-28T19:31:56Z,28.53,-88.47,8.15,196
2020-10-28T19:31:57Z,28.53,-88.47,8.15,196
2020-10-28T19:31:58Z,28.53,-88.47,8.15,196
2020-10-28T19:31:59Z,28.53,-88.47,8.15,196
2020-10-28T19:32:00Z,28.53,-88.47,8.15,196
2020-10-28T19:32:01Z,28.53,-88.47,8.15,196
2020-10-28T19:32:02Z,28.53,-88.47,8.15,196
2020-10-28T19:32:03Z,28.53,-88.47,8.15,196
2020-10-28T19:32:04Z,28.53,-88.47,8.15,196
2020-10-28T19:32:05Z,28.53,-88.47,8.15,196
2020-10-28T19:32:06Z,28.53,-88.47,8.15,196
2020-10-28T19:32:07Z,28.53,-88.47,8.15,196
2020-10-28T19:32:08Z,28.53,-88.47,8.15,196
2020-10-28T19:32:09Z,28.53,-88.47,8.15,196
2020-10-28T19:32:10Z,28.53,-88.47,8.15,196
2020-10-28T19:32:11Z,28.53,-88.47,8.15,196
2020-10-28T19:32:12Z,28.53,-88.47,8.15,196
2020-10-28T19:32:13Z,28.53,-88.47,8.15,196
2020-10-28T19:32:14Z,28.53,-88.47,8.15,196
2020-10-28T19:32:15Z,28.53,-88.46,8.15,196
2020-10-28T19:32:16Z,28.53,-88.47,8.15,196
2020-10-28T19:32:17Z,28.53,-88.47,8.15,196
2020-10-28T19:32:18Z,28.53,-88.47,8.15,196
2020-10-28T19:32:19Z,28.53,-88.47,8.15,196
2020-10-28T19:32:20Z,28.53,-88.47,8.15,196
2020-10-28T19:32:21Z,28.53,-88.47,8.15,196
2020-10-28T19:32:22Z,28.53,-88.47,8.15,196
2020-10-28T19:32:23Z,28.53,-88.46,8.15,196
2020-10-28T19:32:24Z,28.53,-88.47,8.15,196
2020-10-28T19:32:25Z,28.53,-88.46,8.15,196
2020-10-28T19:32:26Z,28.53,-88.46,8.15,196
2020-10-28T19:32:27Z,28.53,-88.47,8.15,196
2020-10-28T19:32:28Z,28.53,-88.46,8.15,196
2020-10-28T19:32:29Z,28.53,-88.46,8.15,196
2020-10-28T19:32:30Z,28.53,-88.46,8.15,196
2020-10-28T19:32:31Z,28.53,-88.42,8.15,196
2020-10-28T19:32:32Z,28.53,-88.46,8.15,196
2020-10-28T19:32:33Z,28.53,-88.46,8.15,196
2020-10-28T19:32:34Z,28.53,-88.46,8.15,196
2020-10-28T19:32:35Z,28.53,-88.41,8.15,196
2020-10-28T19:32:36Z,28.53,-88.46,8.15,196
2020-10-28T19:32:37Z,28.53,-88.46,8.15,196
2020-10-28T19:32:38Z,28.53,-88.46,8.15,196
2020-10-28T19:32:39Z,28.53,-88.46,8.15,196
2020-10-28T19:32:40Z,28.53,-88.41,8.15,196
2020-10-28T19:32:41Z,28.53,-88.46,8.15,196
2020-10-28T19:32:42Z,28.53,-88.46,8.15,196
2020-10-28T19:32:43Z,28.53,-88.46,8.15,196
2020-10-28T19:32:44Z,28.53,-88.46,8.15,196
2020-10-28T19:32:45Z,28.53,-88.46,8.15,196
2020-10-28T19:32:46Z,28.53,-88.46,8.15,196
2020-10-28T19:32:47Z,28.53,-88.46,8.15,196
2020-10-28T19:32:48Z,28.53,-88.46,8.15,196
2020-10-28T19:32:49Z,28.53,-88.46,8.15,196
2020-10-28T19:32:50Z,28.53,-88.46,8.15,196
2020-10-28T19:32:51Z,28.53,-88.46,8.15,196
2020-10-28T19:32:52Z,28.53,-88.46,8.15,196
2020-10-28T19:32:53Z,28.53,-88.46,8.15,196
2020-10-28T19:32:54Z,28.53,-88.46,8.15,196
2020-10-28T19:32:55Z,28.53,-88.46,8.15,196
2020-10-28T19:32:56Z,28.53,-88.46,8.15,196
2020-10-28T19:32:57Z,28.53,-88.46,8.15,196
2020-10-28T19:32:58Z,28.53,-88.46,8.15,196
2020-10-28T19:32:59Z,28.53,-88.46,8.15,196
2020-10-28T19:33:00Z,28.53,-88.46,8.15,196
2020-10-28T19:33:01Z,28.53,-88.46,8.15,196
2020-10-28T19:33:02Z,28.53,-88.46,8.15,196
2020-10-28T19:33:03Z,28.53,-88.46,8.15,196
2020-10-28T19:33:04Z,28.53,-88.46,8.15,196
2020-10-28T19:33:05Z,28.53,-88.46,8.15,196
2020-10-28T19:33:06Z,28.53,-88.46,8.15,196
2020-10-28T19:33:07Z,28.53,-88.46,8.15,196
2020-10-28T19:33:08Z,28.53,-88.46,8.15,196
2020-10-28T19:33:09Z,28.53,-88.46,8.15,196
2020-10-28T19:33:10Z,28.53,-88.46,8.15,196
2020-10-28T19:33:11Z,28.53,-88.46,8.15,196
2020-10-28T19:33:12Z,28.53,-88.46,8.15,196
2020-10-28T19:33:13Z,28.53,-88.46,8.15,196
2020-10-28T19:33:14Z,28.56,-88.46,8.15,196
2020-10-28T19:33:15Z,28.53,-88.46,8.15,196
2020-10-28T19:33:16Z,28.56,-88.46,8.15,196
2020-10-28T19:33:17Z,28.56,-88.46,8.15,196
2020-10-28T19:33:18Z,28.56,-88.46,8.15,196
2020-10-28T19:33:19Z,28.56,-88.46,8.15,196
2020-10-28T19:33:20Z,28.56,-88.44,8.15,196
2020-10-28T19:33:21Z,28.56,-88.46,8.15,196
2020-10-28T19:33:22Z,28.56,-88.46,8.15,196
2020-10-28T19:33:23Z,28.56,-88.46,8.15,196
2020-10-28T19:33:24Z,28.56,-88.46,8.15,196
2020-10-28T19:33:25Z,28.56,-88.46,8.15,196
2020-10-28T19:33:26Z,28.56,-88.46,8.15,196
2020-10-28T19:33:27Z,28.56,-88.46,8.15,196
2020-10-28T19:33:28Z,28.56,-88.46,8.15,196
2020-10-28T19:33:29Z,28.56,-88.46,8.15,196
2020-10-28T19:33:30Z,28.56,-88.44,8.15,196
2020-10-28T19:33:31Z,28.56,-88.44,8.15,196
2020-10-28T19:33:32Z,28.56,-88.46,8.15,196
2020-10-28T19:33:33Z,28.56,-88.46,8.15,196
2020-10-28T19:33:34Z,28.56,-88.44,8.15,196
2020-10-28T19:33:35Z,28.56,-88.44,8.15,196
2020-10-28T19:33:36Z,28.56,-88.44,8.15,196
2020-10-28T19:33:37Z,28.56,-88.46,8.15,196
2020-10-28T19:33:38Z,28.56,-88.44,8.15,196
2020-10-28T19:33:39Z,28.56,-88.46,8.15,196
2020-10-28T19:33:40Z,28.56,-88.44,8.15,196
2020-10-28T19:33:41Z,28.56,-88.46,8.15,196
2020-10-28T19:33:42Z,28.56,-88.44,8.15,196
2020-10-28T19:33:43Z,28.56,-88.44,8.15,196
2020-10-28T19:33:44Z,28.56,-88.44,8.15,196
2020-10-28T19:33:45Z,28.56,-88.42,8.15,196
2020-10-28T19:33:46Z,28.56,-88.44,8.15,196
2020-10-28T19:33:47Z,28.56,-88.46,8.15,196
2020-10-28T19:33:48Z,28.56,-88.44,8.15,196
2020-10-28T19:33:49Z,28.56,-88.46,8.15,196
2020-10-28T19:33:50Z,28.56,-88.44,8.15,196
2020-10-28T19:33:51Z,28.56,-88.44,8.15,196
2020-10-28T19:33:52Z,28.56,-88.46,8.15,196
2020-10-28T19:33:53Z,28.56,-88.44,8.15,196
2020-10-28T19:33:54Z,28.56,-88.44,8.15,196
2020-10-28T19:33:55Z,28.56,-88.44,8.15,196
2020-10-28T19:33:56Z,28.56,-88.44,8.15,196
2020-10-28T19:33:57Z,28.56,-88.44,8.15,196
2020-10-28T19:33:58Z,28.56,-88.44,8.15,196
2020-10-28T19:33:59Z,28.56,-88.44,8.15,196
2020-10-28T19:34:00Z,28.56,-88.46,8.15,196
2020-10-28T19:34:01Z,28.56,-88.44,8.15,196
2020-10-28T19:34:02Z,28.56,-88.46,8.15,196
2020-10-28T19:34:03Z,28.56,-88.44,8.15,196
2020-10-28T19:34:04Z,28.56,-88.46,8.15,196
2020-10-28T19:34:05Z,28.56,-88.44,8.15,196
2020-10-28T19:34:06Z,28.56,-88.44,8.15,196
2020-10-28T19:34:07Z,28.56,-88.44,8.15,196
2020-10-28T19:34:08Z,28.56,-88.44,8.15,196
2020-10-28T19:34:09Z,28.56,-88.44,8.15,196
2020-10-28T19:34:10Z,28.56,-88.44,8.15,196
2020-10-28T19:34:11Z,28.56,-88.44,8.15,196
2020-10-28T19:34:12Z,28.56,-88.44,8.15,196
2020-10-28T19:34:13Z,28.56,-88.44,8.15,196
2020-10-28T19:34:14Z,28.56,-88.44,8.15,196
2020-10-28T19:34:15Z,28.56,-88.44,8.15,196
2020-10-28T19:34:16Z,28.56,-88.44,8.15,196
2020-10-28T19:34:17Z,28.56,-88.44,8.15,196
2020-10-28T19:34:18Z,28.56,-88.44,8.15,196
2020-10-28T19:34:19Z,28.56,-88.44,8.15,196
2020-10-28T19:34:20Z,28.56,-88.44,8.15,196
2020-10-28T19:34:21Z,28.56,-88.44,8.15,196
2020-10-28T19:34:22Z,28.56,-88.44,8.15,196
2020-10-28T19:34:23Z,28.56,-88.44,8.15,196
2020-10-28T19:34:24Z,28.56,-88.44,8.15,196
2020-10-28T19:34:25Z,28.56,-88.44,8.15,196
2020-10-28T19:34:26Z,28.56,-88.44,8.15,196
2020-10-28T19:34:27Z,28.56,-88.44,8.15,196
2020-10-28T19:34:28Z,28.56,-88.44,8.15,196
2020-10-28T19:34:29Z,28.56,-88.44,8.15,196
2020-10-28T19:34:30Z,28.56,-88.44,8.15,196
2020-10-28T19:34:31Z,28.56,-88.42,8.15,196
2020-10-28T19:34:32Z,28.56,-88.44,8.15,196
2020-10-28T19:34:33Z,28.56,-88.44,8.15,196
2020-10-28T19:34:34Z,28.56,-88.44,8.15,196
2020-10-28T19:34:35Z,28.56,-88.44,8.15,196
2020-10-28T19:34:36Z,28.56,-88.44,8.15,196
2020-10-28T19:34:37Z,28.56,-88.44,8.15,196
2020-10-28T19:34:38Z,28.56,-88.44,8.15,196
2020-10-28T19:34:39Z,28.56,-88.44,8.15,196
2020-10-28T19:34:40Z,28.56,-88.44,8.15,196
2020-10-28T19:34:41Z,28.56,-88.44,8.15,196
2020-10-28T19:34:42Z,28.56,-88.44,8.15,196
2020-10-28T19:34:43Z,28.56,-88.44,8.15,196
2020-10-28T19:34:44Z,28.56,-88.44,8.15,196
2020-10-28T19:34:45Z,28.56,-88.44,8.15,196
2020-10-28T19:34:46Z,28.56,-88.42,8.15,196
2020-10-28T19:34:47Z,28.56,-88.44,8.15,196
2020-10-28T19:34:48Z,28.56,-88.42,8.15,196
2020-10-28T19:34:49Z,28.56,-88.44,8.15,196
2020-10-28T19:34:50Z,28.56,-88.42,8.15,196
2020-10-28T19:34:51Z,28.56,-88.42,8.15,196
2020-10-28T19:34:52Z,28.56,-88.44,8.15,196
2020-10-28T19:34:53Z,28.56,-88.42,8.15,196
2020-10-28T19:34:54Z,28.56,-88.42,8.15,196
2020-10-28T19:34:55Z,28.56,-88.42,8.15,196
2020-10-28T19:34:56Z,28.56,-88.42,8.15,196
2020-10-28T19:34:57Z,28.56,-88.42,8.15,196
2020-10-28T19:34:58Z,28.56,-88.42,8.15,196
2020-10-28T19:34:59Z,28.56,-88.42,8.15,196
2020-10-28T19:35:00Z,28.56,-88.42,8.15,196
2020-10-28T19:35:01Z,28.56,-88.42,8.15,196
2020-10-28T19:35:02Z,28.56,-88.42,8.15,196
2020-10-28T19:35:03Z,28.56,-88.42,8.15,196
2020-10-28T19:35:04Z,28.56,-88.42,8.15,196
2020-10-28T19:35:05Z,28.56,-88.42,8.15,196
2020-10-28T19:35:06Z,28.56,-88.42,8.15,196
2020-10-28T19:35:07Z,28.56,-88.42,8.15,196
2020-10-28T19:35:08Z,28.56,-88.42,8.15,196
2020-10-28T19:35:09Z,28.56,-88.42,8.15,196
2020-10-28T19:35:10Z,28.56,-88.42,8.15,196
2020-10-28T19:35:11Z,28.56,-88.42,8.15,196
2020-10-28T19:35:12Z,28.56,-88.42,8.15,196
2020-10-28T19:35:13Z,28.56,-88.42,8.15,196
2020-10-28T19:35:14Z,28.56,-88.42,8.15,196
2020-10-28T19:35:15Z,28.56,-88.42,8.15,196
2020-10-28T19:35:16Z,28.56,-88.42,8.15,196
2020-10-28T19:35:17Z,28.56,-88.41,8.15,196
2020-10-28T19:35:18Z,28.56,-88.41,8.15,196
2020-10-28T19:35:19Z,28.56,-88.41,8.15,196
2020-10-28T19:35:20Z,28.56,-88.42,8.15,196
2020-10-28T19:35:21Z,28.56,-88.41,8.15,196
2020-10-28T19:35:22Z,28.56,-88.41,8.15,196
2020-10-28T19:35:23Z,28.56,-88.41,8.15,196
2020-10-28T19:35:24Z,28.56,-88.42,8.15,196
2020-10-28T19:35:25Z,28.56,-88.41,8.15,196
2020-10-28T19:35:26Z,28.56,-88.41,8.15,196
2020-10-28T19:35:27Z,28.56,-88.41,8.15,196
2020-10-28T19:35:28Z,28.56,-88.41,8.15,196
2020-10-28T19:35:29Z,28.56,-88.41,8.15,196
2020-10-28T19:35:30Z,28.56,-88.41,8.15,196
2020-10-28T19:35:31Z,28.56,-88.41,8.15,196
2020-10-28T19:35:32Z,28.56,-88.41,8.15,196
2020-10-28T19:35:33Z,28.56,-88.41,8.15,196
2020-10-28T19:35:34Z,28.56,-88.41,8.15,196
2020-10-28T19:35:35Z,28.56,-88.41,8.15,196
2020-10-28T19:35:36Z,28.56,-88.41,8.15,196
2020-10-28T19:35:37Z,28.56,-88.41,8.15,196
2020-10-28T19:35:38Z,28.56,-88.41,8.15,196
2020-10-28T19:35:39Z,28.56,-88.41,8.15,196
2020-10-28T19:35:40Z,28.56,-88.41,8.15,196
2020-10-28T19:35:41Z,28.56,-88.41,8.15,196
2020-10-28T19:35:42Z,28.56,-88.41,8.15,196
2020-10-28T19:35:43Z,28.56,-88.39,8.15,196
2020-10-28T19:35:44Z,28.56,-88.39,8.15,196
2020-10-28T19:35:45Z,28.56,-88.39,8.15,196
2020-10-28T19:35:46Z,28.56,-88.39,8.15,196
2020-10-28T19:35:47Z,28.56,-88.39,8.15,196
2020-10-28T19:35:48Z,28.56,-88.39,8.15,196
2020-10-28T19:35:49Z,28.56,-88.39,8.15,196
2020-10-28T19:35:50Z,28.56,-88.39,8.15,196
2020-10-28T19:35:51Z,28.56,-88.39,8.15,196
2020-10-28T19:35:52Z,28.56,-88.39,8.15,196
2020-10-28T19:35:53Z,28.56,-88.39,8.15,196
2020-10-28T19:35:54Z,28.56,-88.39,8.15,196
2020-10-28T19:35:55Z,28.56,-88.39,8.15,196
2020-10-28T19:35:56Z,28.56,-88.39,8.15,196
2020-10-28T19:35:57Z,28.56,-88.39,8.15,196
2020-10-28T19:35:58Z,28.56,-88.39,8.15,196
2020-10-28T19:35:59Z,28.56,-88.39,8.15,196
2020-10-28T19:36:00Z,28.56,-88.39,8.15,196
2020-10-28T19:36:01Z,28.56,-88.38,8.15,196
2020-10-28T19:36:02Z,28.56,-88.38,8.15,196
2020-10-28T19:36:03Z,28.56,-88.38,8.15,196
2020-10-28T19:36:04Z,28.56,-88.38,8.15,196
2020-10-28T19:36:05Z,28.56,-88.38,8.15,196
2020-10-28T19:36:06Z,28.56,-88.38,8.15,196
2020-10-28T19:36:07Z,28.56,-88.38,8.15,196
2020-10-28T19:36:08Z,28.58,-88.38,8.15,196
2020-10-28T19:36:09Z,28.58,-88.38,8.15,196
2020-10-28T19:36:10Z,28.58,-88.38,8.15,196
2020-10-28T19:36:11Z,28.58,-88.38,8.15,196
2020-10-28T19:36:12Z,28.58,-88.38,8.15,196
2020-10-28T19:36:13Z,28.58,-88.38,8.15,196
2020-10-28T19:36:14Z,28.58,-88.38,8.15,196
2020-10-28T19:36:15Z,28.58,-88.38,8.15,196
2020-10-28T19:36:16Z,28.58,-88.38,8.15,196
2020-10-28T19:36:17Z,28.58,-88.38,8.15,196
2020-10-28T19:36:18Z,28.58,-88.38,8.15,196
2020-10-28T19:36:19Z,28.58,-88.38,8.15,196
2020-10-28T19:36:20Z,28.58,-88.38,8.15,196
2020-10-28T19:36:21Z,28.58,-88.36,8.15,196
2020-10-28T19:36:22Z,28.58,-88.36,8.15,196
2020-10-28T19:36:23Z,28.58,-88.36,8.15,196
2020-10-28T19:36:24Z,28.58,-88.36,8.15,196
2020-10-28T19:36:25Z,28.58,-88.36,8.15,196
2020-10-28T19:36:26Z,28.58,-88.38,8.15,196
2020-10-28T19:36:27Z,28.58,-88.38,8.15,196
2020-10-28T19:36:28Z,28.58,-88.36,8.15,196
2020-10-28T19:36:29Z,28.58,-88.38,8.15,196
2020-10-28T19:36:30Z,28.58,-88.36,8.15,196
2020-10-28T19:36:31Z,28.58,-88.36,8.15,196
2020-10-28T19:36:32Z,28.58,-88.36,8.15,196
2020-10-28T19:36:33Z,28.58,-88.36,8.15,196
2020-10-28T19:36:34Z,28.58,-88.36,8.15,196
2020-10-28T19:36:35Z,28.58,-88.36,8.15,196
2020-10-28T19:36:36Z,28.58,-88.36,8.15,196
2020-10-28T19:36:37Z,28.58,-88.36,8.15,196
2020-10-28T19:36:38Z,28.58,-88.36,8.15,196
2020-10-28T19:36:39Z,28.58,-88.35,8.15,196
2020-10-28T19:36:40Z,28.58,-88.36,8.15,196
2020-10-28T19:36:41Z,28.58,-88.36,8.15,196
2020-10-28T19:36:42Z,28.58,-88.36,8.15,196
2020-10-28T19:36:43Z,28.58,-88.36,8.15,196
2020-10-28T19:36:44Z,28.58,-88.36,8.15,196
2020-10-28T19:36:45Z,28.58,-88.36,8.15,196
2020-10-28T19:36:46Z,28.58,-88.36,8.15,196
2020-10-28T19:36:47Z,28.58,-88.35,8.15,196
2020-10-28T19:36:48Z,28.58,-88.35,8.15,196
2020-10-28T19:36:49Z,28.58,-88.35,8.15,196
2020-10-28T19:36:50Z,28.58,-88.35,8.15,196
2020-10-28T19:36:51Z,28.58,-88.35,8.15,196
2020-10-28T19:36:52Z,28.58,-88.35,8.15,196
2020-10-28T19:36:53Z,28.58,-88.35,8.15,196
2020-10-28T19:36:54Z,28.58,-88.35,8.15,196
2020-10-28T19:36:55Z,28.58,-88.35,8.15,196
2020-10-28T19:36:56Z,28.58,-88.35,8.15,196
2020-10-28T19:36:57Z,28.58,-88.35,8.15,196
2020-10-28T19:36:58Z,28.58,-88.35,8.15,196
2020-10-28T19:36:59Z,28.58,-88.35,8.15,196
2020-10-28T19:37:00Z,28.58,-88.35,8.15,196
2020-10-28T19:37:01Z,28.58,-88.35,8.15,196
2020-10-28T19:37:02Z,28.58,-88.35,8.15,196
2020-10-28T19:37:03Z,28.58,-88.35,8.15,196
2020-10-28T19:37:04Z,28.58,-88.35,8.15,196
2020-10-28T19:37:05Z,28.58,-88.35,8.15,196
2020-10-28T19:37:06Z,28.58,-88.35,8.15,196
2020-10-28T19:37:07Z,28.58,-88.33,8.15,196
2020-10-28T19:37:08Z,28.58,-88.35,8.15,196
2020-10-28T19:37:09Z,28.58,-88.35,8.15,196
2020-10-28T19:37:10Z,28.58,-88.33,8.15,196
2020-10-28T19:37:11Z,28.58,-88.35,8.15,196
2020-10-28T19:37:12Z,28.58,-88.33,8.15,196
2020-10-28T19:37:13Z,28.58,-88.35,8.15,196
2020-10-28T19:37:14Z,28.58,-88.33,8.15,196
2020-10-28T19:37:15Z,28.58,-88.33,8.15,196
2020-10-28T19:37:16Z,28.58,-88.33,8.15,196
2020-10-28T19:37:17Z,28.58,-88.33,8.15,196
2020-10-28T19:37:18Z,28.58,-88.33,8.15,196
2020-10-28T19:37:19Z,28.58,-88.41,8.15,196
2020-10-28T19:37:20Z,28.58,-88.36,8.15,196
2020-10-28T19:37:21Z,28.58,-88.35,8.15,196
2020-10-28T19:37:22Z,28.58,-88.35,8.15,196
2020-10-28T19:37:23Z,28.58,-88.33,8.15,196
2020-10-28T19:37:24Z,28.58,-88.33,8.15,196
2020-10-28T19:37:25Z,28.58,-88.35,8.15,196
2020-10-28T19:37:26Z,28.58,-88.33,8.15,196
2020-10-28T19:37:27Z,28.58,-88.33,8.15,196
2020-10-28T19:37:28Z,28.58,-88.33,8.15,196
2020-10-28T19:37:29Z,28.58,-88.33,8.15,196
2020-10-28T19:37:30Z,28.58,-88.33,8.15,196
2020-10-28T19:37:31Z,28.58,-88.33,8.15,196
2020-10-28T19:37:32Z,28.58,-88.33,8.15,196
2020-10-28T19:37:33Z,28.61,-88.33,8.15,196
2020-10-28T19:37:34Z,28.61,-88.33,8.15,196
2020-10-28T19:37:35Z,28.61,-88.33,8.15,196
2020-10-28T19:37:36Z,28.61,-88.33,8.15,196
2020-10-28T19:37:37Z,28.61,-88.33,8.15,196
2020-10-28T19:37:38Z,28.61,-88.33,8.15,196
2020-10-28T19:37:39Z,28.61,-88.33,8.15,196
2020-10-28T19:37:40Z,28.61,-88.33,8.15,196
2020-10-28T19:37:41Z,28.61,-88.33,8.15,196
2020-10-28T19:37:42Z,28.61,-88.33,8.15,196
2020-10-28T19:37:43Z,28.61,-88.33,8.15,196
2020-10-28T19:37:44Z,28.61,-88.33,8.15,196
2020-10-28T19:37:45Z,28.61,-88.33,8.15,196
2020-10-28T19:37:46Z,28.61,-88.33,8.15,196
2020-10-28T19:37:47Z,28.61,-88.33,8.15,196
2020-10-28T19:37:48Z,28.61,-88.32,8.15,196
2020-10-28T19:37:49Z,28.61,-88.32,8.15,196
2020-10-28T19:37:50Z,28.61,-88.33,8.15,196
2020-10-28T19:37:51Z,28.61,-88.33,8.15,196
2020-10-28T19:37:52Z,28.61,-88.33,8.15,196
2020-10-28T19:37:53Z,28.61,-88.33,8.15,196
2020-10-28T19:37:54Z,28.61,-88.32,8.15,196
2020-10-28T19:37:55Z,28.61,-88.33,8.15,196
2020-10-28T19:37:56Z,28.61,-88.33,8.15,196
2020-10-28T19:37:57Z,28.61,-88.32,8.15,196
2020-10-28T19:37:58Z,28.61,-88.32,8.15,196
2020-10-28T19:37:59Z,28.61,-88.32,8.15,196
2020-10-28T19:38:00Z,28.61,-88.33,8.15,196
2020-10-28T19:38:01Z,28.61,-88.32,8.15,196
2020-10-28T19:38:02Z,28.61,-88.33,8.15,196
2020-10-28T19:38:03Z,28.61,-88.33,8.15,196
2020-10-28T19:38:04Z,28.61,-88.32,8.15,196
2020-10-28T19:38:05Z,28.61,-88.32,8.15,196
2020-10-28T19:38:06Z,28.61,-88.32,8.15,196
2020-10-28T19:38:07Z,28.61,-88.33,8.15,196
2020-10-28T19:38:08Z,28.61,-88.32,8.15,196
2020-10-28T19:38:09Z,28.61,-88.33,8.15,196
2020-10-28T19:38:10Z,28.61,-88.33,8.15,196
2020-10-28T19:38:11Z,28.61,-88.32,8.15,196
2020-10-28T19:38:12Z,28.61,-88.32,8.15,196
2020-10-28T19:38:13Z,28.61,-88.32,8.15,196
2020-10-28T19:38:14Z,28.61,-88.32,8.15,196
2020-10-28T19:38:15Z,28.61,-88.32,8.15,196
2020-10-28T19:38:16Z,28.61,-88.32,8.15,196
2020-10-28T19:38:17Z,28.61,-88.32,8.15,196
2020-10-28T19:38:18Z,28.61,-88.32,8.15,196
2020-10-28T19:38:19Z,28.61,-88.33,8.15,196
2020-10-28T19:38:20Z,28.61,-88.32,8.15,196
2020-10-28T19:38:21Z,28.61,-88.32,8.15,196
2020-10-28T19:38:22Z,28.61,-88.32,8.15,196
2020-10-28T19:38:23Z,28.61,-88.32,8.15,196
2020-10-28T19:38:24Z,28.61,-88.32,8.15,196
2020-10-28T19:38:25Z,28.61,-88.32,8.15,196
2020-10-28T19:38:26Z,28.61,-88.32,8.15,196
2020-10-28T19:38:27Z,28.61,-88.32,8.15,196
2020-10-28T19:38:28Z,28.61,-88.32,8.15,196
2020-10-28T19:38:29Z,28.61,-88.32,8.15,196
2020-10-28T19:38:30Z,28.61,-88.32,8.15,196
2020-10-28T19:38:31Z,28.61,-88.32,8.15,196
2020-10-28T19:38:32Z,28.61,-88.32,8.15,196
2020-10-28T19:38:33Z,28.61,-88.32,8.15,196
2020-10-28T19:38:34Z,28.61,-88.32,8.15,196
2020-10-28T19:38:35Z,28.61,-88.32,8.15,196
2020-10-28T19:38:36Z,28.61,-88.32,8.15,196
2020-10-28T19:38:37Z,28.61,-88.32,8.15,196
2020-10-28T19:38:38Z,28.61,-88.32,8.15,196
2020-10-28T19:38:39Z,28.61,-88.32,8.15,196
2020-10-28T19:38:40Z,28.61,-88.32,8.15,196
2020-10-28T19:38:41Z,28.61,-88.32,8.15,196
2020-10-28T19:38:42Z,28.61,-88.32,8.15,196
2020-10-28T19:38:43Z,28.61,-88.32,8.15,196
2020-10-28T19:38:44Z,28.61,-88.32,8.15,196
2020-10-28T19:38:45Z,28.61,-88.32,8.15,196
2020-10-28T19:38:46Z,28.61,-88.32,8.15,196
2020-10-28T19:38:47Z,28.61,-88.32,8.15,196
2020-10-28T19:38:48Z,28.61,-88.32,8.15,196
2020-10-28T19:38:49Z,28.61,-88.32,8.15,196
2020-10-28T19:38:50Z,28.61,-88.32,8.15,196
2020-10-28T19:38:51Z,28.61,-88.32,8.15,196
2020-10-28T19:38:52Z,28.61,-88.32,8.15,196
2020-10-28T19:38:53Z,28.61,-88.32,8.15,196
2020-10-28T19:38:54Z,28.61,-88.3,8.14,196
2020-10-28T19:38:55Z,28.61,-88.32,8.15,196
2020-10-28T19:38:56Z,28.61,-88.3,8.14,196
2020-10-28T19:38:57Z,28.61,-88.3,8.14,196
2020-10-28T19:38:58Z,28.61,-88.32,8.15,196
2020-10-28T19:38:59Z,28.61,-88.32,8.15,196
2020-10-28T19:39:00Z,28.61,-88.32,8.15,196
2020-10-28T19:39:01Z,28.61,-88.32,8.15,196
2020-10-28T19:39:02Z,28.61,-88.32,8.15,196
2020-10-28T19:39:03Z,28.61,-88.32,8.15,196
2020-10-28T19:39:04Z,28.61,-88.32,8.15,196
2020-10-28T19:39:05Z,28.61,-88.32,8.15,196
2020-10-28T19:39:06Z,28.61,-88.3,8.14,196
2020-10-28T19:39:07Z,28.61,-88.3,8.14,196
2020-10-28T19:39:08Z,28.61,-88.3,8.14,196
2020-10-28T19:39:09Z,28.61,-88.3,8.14,196
2020-10-28T19:39:10Z,28.61,-88.3,8.14,196
2020-10-28T19:39:11Z,28.61,-88.3,8.14,196
2020-10-28T19:39:12Z,28.63,-88.3,8.14,196
2020-10-28T19:39:13Z,28.63,-88.3,8.14,196
2020-10-28T19:39:14Z,28.63,-88.3,8.14,196
2020-10-28T19:39:15Z,28.63,-88.3,8.14,196
2020-10-28T19:39:16Z,28.63,-88.3,8.14,196
2020-10-28T19:39:17Z,28.63,-88.3,8.14,196
2020-10-28T19:39:18Z,28.63,-88.3,8.14,196
2020-10-28T19:39:19Z,28.63,-88.3,8.14,196
2020-10-28T19:39:20Z,28.63,-88.3,8.14,196
2020-10-28T19:39:21Z,28.63,-88.32,8.15,196
2020-10-28T19:39:22Z,28.63,-88.3,8.14,196
2020-10-28T19:39:23Z,28.63,-88.3,8.14,196
2020-10-28T19:39:24Z,28.63,-88.3,8.14,196
2020-10-28T19:39:25Z,28.63,-88.32,8.15,196
2020-10-28T19:39:26Z,28.63,-88.32,8.15,196
2020-10-28T19:39:27Z,28.63,-88.32,8.15,196
2020-10-28T19:39:28Z,28.63,-88.3,8.14,196
2020-10-28T19:39:29Z,28.63,-88.3,8.14,196
2020-10-28T19:39:30Z,28.63,-88.32,8.15,196
2020-10-28T19:39:31Z,28.63,-88.3,8.14,196
2020-10-28T19:39:32Z,28.63,-88.3,8.14,196
2020-10-28T19:39:33Z,28.63,-88.3,8.14,196
2020-10-28T19:39:34Z,28.63,-88.28,8.14,196
2020-10-28T19:39:35Z,28.63,-88.3,8.14,196
2020-10-28T19:39:36Z,28.63,-88.3,8.14,196
2020-10-28T19:39:37Z,28.63,-88.3,8.14,196
2020-10-28T19:39:38Z,28.63,-88.3,8.14,196
2020-10-28T19:39:39Z,28.63,-88.3,8.14,196
2020-10-28T19:39:40Z,28.63,-88.3,8.14,196
2020-10-28T19:39:41Z,28.63,-88.32,8.15,196
2020-10-28T19:39:42Z,28.63,-88.32,8.15,196
2020-10-28T19:39:43Z,28.63,-88.3,8.14,196
2020-10-28T19:39:44Z,28.63,-88.3,8.14,196
2020-10-28T19:39:45Z,28.63,-88.32,8.15,196
2020-10-28T19:39:46Z,28.63,-88.32,8.15,196
2020-10-28T19:39:47Z,28.63,-88.3,8.14,196
2020-10-28T19:39:48Z,28.63,-88.32,8.15,196
2020-10-28T19:39:49Z,28.63,-88.3,8.14,196
2020-10-28T19:39:50Z,28.63,-88.3,8.14,196
2020-10-28T19:39:51Z,28.63,-88.3,8.14,196
2020-10-28T19:39:52Z,28.63,-88.3,8.14,196
2020-10-28T19:39:53Z,28.63,-88.32,8.15,196
2020-10-28T19:39:54Z,28.63,-88.3,8.14,196
2020-10-28T19:39:55Z,28.63,-88.3,8.14,196
2020-10-28T19:39:56Z,28.63,-88.3,8.14,196
2020-10-28T19:39:57Z,28.63,-88.3,8.14,196
2020-10-28T19:39:58Z,28.63,-88.3,8.14,196
2020-10-28T19:39:59Z,28.63,-88.3,8.14,196
2020-10-28T19:40:00Z,28.63,-88.3,8.14,196
2020-10-28T19:40:01Z,28.63,-88.3,8.14,196
2020-10-28T19:40:02Z,28.63,-88.3,8.14,196
2020-10-28T19:40:03Z,28.63,-88.3,8.14,196
2020-10-28T19:40:04Z,28.63,-88.3,8.14,196
2020-10-28T19:40:05Z,28.63,-88.3,8.14,196
2020-10-28T19:40:06Z,28.63,-88.28,8.14,196
2020-10-28T19:40:07Z,28.63,-88.3,8.14,196
2020-10-28T19:40:08Z,28.63,-88.3,8.14,196
2020-10-28T19:40:09Z,28.63,-88.32,8.15,196
2020-10-28T19:40:10Z,28.63,-88.27,8.14,196
2020-10-28T19:40:11Z,28.63,-88.3,8.14,196
2020-10-28T19:40:12Z,28.63,-88.3,8.14,196
2020-10-28T19:40:13Z,28.63,-88.3,8.14,196
2020-10-28T19:40:14Z,28.63,-88.3,8.14,196
2020-10-28T19:40:15Z,28.63,-88.3,8.14,196
2020-10-28T19:40:16Z,28.63,-88.3,8.14,196
2020-10-28T19:40:17Z,28.63,-88.3,8.14,196
2020-10-28T19:40:18Z,28.63,-88.3,8.14,196
2020-10-28T19:40:19Z,28.63,-88.3,8.14,196
2020-10-28T19:40:20Z,28.63,-88.3,8.14,196
2020-10-28T19:40:21Z,28.63,-88.3,8.14,196
2020-10-28T19:40:22Z,28.63,-88.3,8.14,196
2020-10-28T19:40:23Z,28.63,-88.3,8.14,196
2020-10-28T19:40:24Z,28.63,-88.3,8.14,196
2020-10-28T19:40:25Z,28.63,-88.3,8.14,196
2020-10-28T19:40:26Z,28.63,-88.3,8.14,196
2020-10-28T19:40:27Z,28.63,-88.3,8.14,196
2020-10-28T19:40:28Z,28.63,-88.3,8.14,196
2020-10-28T19:40:29Z,28.63,-88.3,8.14,196
2020-10-28T19:40:30Z,28.63,-88.3,8.14,196
2020-10-28T19:40:31Z,28.63,-88.3,8.14,196
2020-10-28T19:40:32Z,28.63,-88.3,8.14,196
2020-10-28T19:40:33Z,28.63,-88.3,8.14,196
2020-10-28T19:40:34Z,28.63,-88.3,8.14,196
2020-10-28T19:40:35Z,28.63,-88.3,8.14,196
2020-10-28T19:40:36Z,28.63,-88.82,8.15,196
2020-10-28T19:40:37Z,28.63,-88.44,8.15,196
2020-10-28T19:40:38Z,28.63,-88.36,8.15,196
2020-10-28T19:40:39Z,28.63,-88.35,8.15,196
2020-10-28T19:40:40Z,28.63,-88.33,8.15,196
2020-10-28T19:40:41Z,28.63,-88.32,8.15,196
2020-10-28T19:40:42Z,28.63,-88.3,8.14,196
2020-10-28T19:40:43Z,28.63,-88.3,8.14,196
2020-10-28T19:40:44Z,28.63,-88.3,8.14,196
2020-10-28T19:40:45Z,28.63,-88.3,8.14,196
2020-10-28T19:40:46Z,28.63,-88.3,8.14,196
2020-10-28T19:40:47Z,28.63,-88.28,8.14,196
2020-10-28T19:40:48Z,28.63,-88.3,8.14,196
2020-10-28T19:40:49Z,28.63,-88.3,8.14,196
2020-10-28T19:40:50Z,28.63,-88.28,8.14,196
2020-10-28T19:40:51Z,28.63,-88.3,8.14,196
2020-10-28T19:40:52Z,28.63,-88.3,8.14,196
2020-10-28T19:40:53Z,28.63,-88.3,8.14,196
2020-10-28T19:40:54Z,28.63,-88.28,8.14,196
2020-10-28T19:40:55Z,28.63,-88.3,8.14,196
2020-10-28T19:40:56Z,28.63,-88.3,8.14,196
2020-10-28T19:40:57Z,28.63,-88.28,8.14,196
2020-10-28T19:40:58Z,28.63,-88.28,8.14,196
2020-10-28T19:40:59Z,28.63,-88.28,8.14,196
2020-10-28T19:41:00Z,28.63,-88.28,8.14,196
2020-10-28T19:41:01Z,28.63,-88.28,8.14,196
2020-10-28T19:41:02Z,28.63,-88.28,8.14,196
2020-10-28T19:41:03Z,28.63,-88.28,8.14,196
2020-10-28T19:41:04Z,28.63,-88.28,8.14,196
2020-10-28T19:41:05Z,28.63,-88.28,8.14,196
2020-10-28T19:41:06Z,28.63,-88.28,8.14,196
2020-10-28T19:41:07Z,28.63,-88.28,8.14,196
2020-10-28T19:41:08Z,28.63,-88.28,8.14,196
2020-10-28T19:41:09Z,28.63,-88.28,8.14,196
2020-10-28T19:41:10Z,28.63,-88.28,8.14,196
2020-10-28T19:41:11Z,28.63,-88.28,8.14,196
2020-10-28T19:41:12Z,28.63,-88.28,8.14,196
2020-10-28T19:41:13Z,28.63,-88.28,8.14,196
2020-10-28T19:41:14Z,28.63,-88.28,8.14,196
2020-10-28T19:41:15Z,28.63,-88.27,8.14,196
2020-10-28T19:41:16Z,28.63,-88.28,8.14,196
2020-10-28T19:41:17Z,28.63,-88.28,8.14,196
2020-10-28T19:41:18Z,28.63,-88.28,8.14,196
2020-10-28T19:41:19Z,28.63,-88.28,8.14,196
2020-10-28T19:41:20Z,28.63,-88.28,8.14,196
2020-10-28T19:41:21Z,28.63,-88.28,8.14,196
2020-10-28T19:41:22Z,28.63,-88.28,8.14,196
2020-10-28T19:41:23Z,28.63,-88.28,8.14,196
2020-10-28T19:41:24Z,28.63,-88.28,8.14,196
2020-10-28T19:41:25Z,28.63,-88.27,8.14,196
2020-10-28T19:41:26Z,28.63,-88.28,8.14,196
2020-10-28T19:41:27Z,28.63,-88.28,8.14,196
2020-10-28T19:41:28Z,28.63,-88.28,8.14,196
2020-10-28T19:41:29Z,28.63,-88.27,8.14,196
2020-10-28T19:41:30Z,28.63,-88.28,8.14,196
2020-10-28T19:41:31Z,28.63,-88.28,8.14,196
2020-10-28T19:41:32Z,28.63,-88.28,8.14,196
2020-10-28T19:41:33Z,28.63,-88.28,8.14,196
2020-10-28T19:41:34Z,28.63,-88.28,8.14,196
2020-10-28T19:41:35Z,28.63,-88.27,8.14,196
2020-10-28T19:41:36Z,28.63,-88.28,8.14,196
2020-10-28T19:41:37Z,28.63,-88.27,8.14,196
2020-10-28T19:41:38Z,28.63,-88.28,8.14,196
2020-10-28T19:41:39Z,28.63,-88.28,8.14,196
2020-10-28T19:41:40Z,28.63,-88.27,8.14,196
2020-10-28T19:41:41Z,28.63,-88.27,8.14,196
2020-10-28T19:41:42Z,28.63,-88.27,8.14,196
2020-10-28T19:41:43Z,28.63,-88.27,8.14,196
2020-10-28T19:41:44Z,28.63,-88.28,8.14,196
2020-10-28T19:41:45Z,28.63,-88.27,8.14,196
2020-10-28T19:41:46Z,28.63,-88.28,8.14,196
2020-10-28T19:41:47Z,28.63,-88.28,8.14,196
2020-10-28T19:41:48Z,28.63,-88.27,8.14,196
2020-10-28T19:41:49Z,28.63,-88.27,8.14,196
2020-10-28T19:41:50Z,28.63,-88.27,8.14,196
2020-10-28T19:41:51Z,28.63,-88.27,8.14,196
2020-10-28T19:41:52Z,28.63,-88.27,8.14,196
2020-10-28T19:41:53Z,28.63,-88.27,8.14,196
2020-10-28T19:41:54Z,28.63,-88.27,8.14,196
2020-10-28T19:41:55Z,28.63,-88.27,8.14,196
2020-10-28T19:41:56Z,28.63,-88.27,8.14,196
2020-10-28T19:41:57Z,28.66,-88.27,8.14,196
2020-10-28T19:41:58Z,28.66,-88.27,8.14,196
2020-10-28T19:41:59Z,28.66,-88.27,8.14,196
2020-10-28T19:42:00Z,28.66,-88.27,8.14,196
2020-10-28T19:42:01Z,28.66,-88.27,8.14,196
2020-10-28T19:42:02Z,28.66,-88.27,8.14,196
2020-10-28T19:42:03Z,28.66,-88.27,8.14,196
2020-10-28T19:42:04Z,28.66,-88.27,8.14,196
2020-10-28T19:42:05Z,28.66,-88.27,8.14,196
2020-10-28T19:42:06Z,28.66,-88.27,8.14,196
2020-10-28T19:42:07Z,28.66,-88.27,8.14,196
2020-10-28T19:42:08Z,28.66,-88.27,8.14,196
2020-10-28T19:42:09Z,28.66,-88.27,8.14,196
2020-10-28T19:42:10Z,28.66,-88.27,8.14,196
2020-10-28T19:42:11Z,28.66,-88.27,8.14,196
2020-10-28T19:42:12Z,28.66,-88.27,8.14,196
2020-10-28T19:42:13Z,28.66,-88.25,8.14,196
2020-10-28T19:42:14Z,28.66,-88.27,8.14,196
2020-10-28T19:42:15Z,28.66,-88.27,8.14,196
2020-10-28T19:42:16Z,28.66,-88.25,8.14,196
2020-10-28T19:42:17Z,28.66,-88.27,8.14,196
2020-10-28T19:42:18Z,28.66,-88.25,8.14,196
2020-10-28T19:42:19Z,28.66,-88.25,8.14,196
2020-10-28T19:42:20Z,28.66,-88.25,8.14,196
2020-10-28T19:42:21Z,28.66,-88.25,8.14,196
2020-10-28T19:42:22Z,28.66,-88.27,8.14,196
2020-10-28T19:42:23Z,28.66,-88.25,8.14,196
2020-10-28T19:42:24Z,28.66,-88.25,8.14,196
2020-10-28T19:42:25Z,28.66,-88.25,8.14,196
2020-10-28T19:42:26Z,28.66,-88.25,8.14,196
2020-10-28T19:42:27Z,28.66,-88.25,8.14,196
2020-10-28T19:42:28Z,28.66,-88.27,8.14,196
2020-10-28T19:42:29Z,28.66,-88.25,8.14,196
2020-10-28T19:42:30Z,28.66,-88.25,8.14,196
2020-10-28T19:42:31Z,28.66,-88.25,8.14,196
2020-10-28T19:42:32Z,28.66,-88.25,8.14,196
2020-10-28T19:42:33Z,28.66,-88.25,8.14,196
2020-10-28T19:42:34Z,28.66,-88.25,8.14,196
2020-10-28T19:42:35Z,28.66,-88.25,8.14,196
2020-10-28T19:42:36Z,28.66,-88.25,8.14,196
2020-10-28T19:42:37Z,28.66,-88.25,8.14,196
2020-10-28T19:42:38Z,28.66,-88.25,8.14,196
2020-10-28T19:42:39Z,28.66,-88.25,8.14,196
2020-10-28T19:42:40Z,28.66,-88.25,8.14,196
2020-10-28T19:42:41Z,28.66,-88.25,8.14,196
2020-10-28T19:42:42Z,28.66,-88.25,8.14,196
2020-10-28T19:42:43Z,28.66,-88.25,8.14,196
2020-10-28T19:42:44Z,28.66,-88.25,8.14,196
2020-10-28T19:42:45Z,28.66,-88.25,8.14,196
2020-10-28T19:42:46Z,28.66,-88.25,8.14,196
2020-10-28T19:42:47Z,28.66,-88.25,8.14,196
2020-10-28T19:42:48Z,28.66,-88.25,8.14,196
2020-10-28T19:42:49Z,28.66,-88.25,8.14,196
2020-10-28T19:42:50Z,28.66,-88.25,8.14,196
2020-10-28T19:42:51Z,28.66,-88.25,8.14,196
2020-10-28T19:42:52Z,28.66,-88.25,8.14,196
2020-10-28T19:42:53Z,28.66,-88.25,8.14,196
2020-10-28T19:42:54Z,28.66,-88.24,8.14,196
2020-10-28T19:42:55Z,28.66,-88.24,8.14,196
2020-10-28T19:42:56Z,28.66,-88.24,8.14,196
2020-10-28T19:42:57Z,28.66,-88.25,8.14,196
2020-10-28T19:42:58Z,28.66,-88.24,8.14,196
2020-10-28T19:42:59Z,28.66,-88.24,8.14,196
2020-10-28T19:43:00Z,28.66,-88.25,8.14,196
2020-10-28T19:43:01Z,28.66,-88.25,8.14,196
2020-10-28T19:43:02Z,28.66,-88.25,8.14,196
2020-10-28T19:43:03Z,28.66,-88.24,8.14,196
2020-10-28T19:43:04Z,28.66,-88.24,8.14,196
2020-10-28T19:43:05Z,28.66,-88.24,8.14,196
2020-10-28T19:43:06Z,28.66,-88.24,8.14,196
2020-10-28T19:43:07Z,28.66,-88.24,8.14,196
2020-10-28T19:43:08Z,28.66,-88.24,8.14,196
2020-10-28T19:43:09Z,28.66,-88.24,8.14,196
2020-10-28T19:43:10Z,28.66,-88.24,8.14,196
2020-10-28T19:43:11Z,28.66,-88.24,8.14,196
2020-10-28T19:43:12Z,28.66,-88.24,8.14,196
2020-10-28T19:43:13Z,28.66,-88.24,8.14,196
2020-10-28T19:43:14Z,28.66,-88.24,8.14,196
2020-10-28T19:43:15Z,28.66,-88.24,8.14,196
2020-10-28T19:43:16Z,28.66,-88.24,8.14,196
2020-10-28T19:43:17Z,28.66,-88.24,8.14,196
2020-10-28T19:43:18Z,28.66,-88.24,8.14,196
2020-10-28T19:43:19Z,28.66,-88.24,8.14,196
2020-10-28T19:43:20Z,28.66,-88.24,8.14,196
2020-10-28T19:43:21Z,28.66,-88.21,8.14,196
2020-10-28T19:43:22Z,28.66,-88.22,8.14,196
2020-10-28T19:43:23Z,28.66,-88.22,8.14,196
2020-10-28T19:43:24Z,28.66,-88.24,8.14,196
2020-10-28T19:43:25Z,28.66,-88.24,8.14,196
2020-10-28T19:43:26Z,28.66,-88.24,8.14,196
2020-10-28T19:43:27Z,28.66,-88.24,8.14,196
2020-10-28T19:43:28Z,28.66,-88.24,8.14,196
2020-10-28T19:43:29Z,28.66,-88.24,8.14,196
2020-10-28T19:43:30Z,28.66,-88.24,8.14,196
2020-10-28T19:43:31Z,28.66,-88.24,8.14,196
2020-10-28T19:43:32Z,28.66,-88.24,8.14,196
2020-10-28T19:43:33Z,28.66,-88.24,8.14,196
2020-10-28T19:43:34Z,28.66,-88.28,8.14,196
2020-10-28T19:43:35Z,28.66,-88.17,8.14,196
2020-10-28T19:43:36Z,28.66,-88.21,8.14,196
2020-10-28T19:43:37Z,28.66,-88.22,8.14,196
2020-10-28T19:43:38Z,28.66,-88.24,8.14,196
2020-10-28T19:43:39Z,28.66,-88.24,8.14,196
2020-10-28T19:43:40Z,28.66,-88.22,8.14,196
2020-10-28T19:43:41Z,28.66,-88.22,8.14,196
2020-10-28T19:43:42Z,28.66,-88.24,8.14,196
2020-10-28T19:43:43Z,28.66,-88.22,8.14,196
2020-10-28T19:43:44Z,28.66,-88.22,8.14,196
2020-10-28T19:43:45Z,28.66,-88.24,8.14,196
2020-10-28T19:43:46Z,28.66,-88.24,8.14,196
2020-10-28T19:43:47Z,28.66,-88.22,8.14,196
2020-10-28T19:43:48Z,28.66,-88.22,8.14,196
2020-10-28T19:43:49Z,28.66,-88.22,8.14,196
2020-10-28T19:43:50Z,28.66,-88.22,8.14,196
2020-10-28T19:43:51Z,28.66,-88.22,8.14,196
2020-10-28T19:43:52Z,28.66,-88.22,8.14,196
2020-10-28T19:43:53Z,28.66,-88.24,8.14,196
2020-10-28T19:43:54Z,28.66,-88.22,8.14,196
2020-10-28T19:43:55Z,28.66,-88.24,8.14,196
2020-10-28T19:43:56Z,28.66,-88.24,8.14,196
2020-10-28T19:43:57Z,28.66,-88.24,8.14,196
2020-10-28T19:43:58Z,28.66,-88.22,8.14,196
2020-10-28T19:43:59Z,28.66,-88.24,8.14,196
2020-10-28T19:44:00Z,28.66,-88.22,8.14,196
2020-10-28T19:44:01Z,28.66,-88.22,8.14,196
2020-10-28T19:44:02Z,28.66,-88.24,8.14,196
2020-10-28T19:44:03Z,28.66,-88.22,8.14,196
2020-10-28T19:44:04Z,28.66,-88.22,8.14,196
2020-10-28T19:44:05Z,28.66,-88.22,8.14,196
2020-10-28T19:44:06Z,28.66,-88.22,8.14,196
2020-10-28T19:44:07Z,28.66,-88.22,8.14,196
2020-10-28T19:44:08Z,28.66,-88.22,8.14,196
2020-10-28T19:44:09Z,28.66,-88.22,8.14,196
2020-10-28T19:44:10Z,28.66,-88.22,8.14,196
2020-10-28T19:44:11Z,28.66,-88.22,8.14,196
2020-10-28T19:44:12Z,28.66,-88.22,8.14,196
2020-10-28T19:44:13Z,28.66,-88.22,8.14,196
2020-10-28T19:44:14Z,28.66,-88.22,8.14,196
2020-10-28T19:44:15Z,28.66,-88.24,8.14,196
2020-10-28T19:44:16Z,28.66,-88.24,8.14,196
2020-10-28T19:44:17Z,28.66,-88.22,8.14,196
2020-10-28T19:44:18Z,28.66,-88.22,8.14,196
2020-10-28T19:44:19Z,28.66,-88.22,8.14,196
2020-10-28T19:44:20Z,28.66,-88.22,8.14,196
2020-10-28T19:44:21Z,28.66,-88.22,8.14,196
2020-10-28T19:44:22Z,28.66,-88.22,8.14,196
2020-10-28T19:44:23Z,28.66,-88.22,8.14,196
2020-10-28T19:44:24Z,28.66,-88.22,8.14,196
2020-10-28T19:44:25Z,28.66,-88.22,8.14,196
2020-10-28T19:44:26Z,28.66,-88.21,8.14,196
2020-10-28T19:44:27Z,28.66,-88.21,8.14,196
2020-10-28T19:44:28Z,28.66,-88.22,8.14,196
2020-10-28T19:44:29Z,28.66,-88.22,8.14,196
2020-10-28T19:44:30Z,28.66,-88.22,8.14,196
2020-10-28T19:44:31Z,28.66,-88.22,8.14,196
2020-10-28T19:44:32Z,28.66,-88.22,8.14,196
2020-10-28T19:44:33Z,28.66,-88.22,8.14,196
2020-10-28T19:44:34Z,28.66,-88.22,8.14,196
2020-10-28T19:44:35Z,28.66,-88.22,8.14,196
2020-10-28T19:44:36Z,28.66,-88.22,8.14,196
2020-10-28T19:44:37Z,28.66,-88.22,8.14,196
2020-10-28T19:44:38Z,28.66,-88.22,8.14,196
2020-10-28T19:44:39Z,28.66,-88.22,8.14,196
2020-10-28T19:44:40Z,28.66,-88.22,8.14,196
2020-10-28T19:44:41Z,28.66,-88.22,8.14,196
2020-10-28T19:44:42Z,28.66,-88.22,8.14,196
2020-10-28T19:44:43Z,28.66,-88.22,8.14,196
2020-10-28T19:44:44Z,28.66,-88.22,8.14,196
2020-10-28T19:44:45Z,28.66,-88.22,8.14,196
2020-10-28T19:44:46Z,28.66,-88.22,8.14,196
2020-10-28T19:44:47Z,28.66,-88.22,8.14,196
2020-10-28T19:44:48Z,28.66,-88.22,8.14,196
2020-10-28T19:44:49Z,28.66,-88.22,8.14,196
2020-10-28T19:44:50Z,28.66,-88.22,8.14,196
2020-10-28T19:44:51Z,28.66,-88.22,8.14,196
2020-10-28T19:44:52Z,28.66,-88.21,8.14,196
2020-10-28T19:44:53Z,28.66,-88.22,8.14,196
2020-10-28T19:44:54Z,28.66,-88.22,8.14,196
2020-10-28T19:44:55Z,28.66,-88.22,8.14,196
2020-10-28T19:44:56Z,28.66,-88.22,8.14,196
2020-10-28T19:44:57Z,28.66,-88.22,8.14,196
2020-10-28T19:44:58Z,28.66,-88.22,8.14,196
2020-10-28T19:44:59Z,28.66,-88.22,8.14,196
2020-10-28T19:45:00Z,28.66,-88.22,8.14,196
2020-10-28T19:45:01Z,28.66,-88.22,8.14,196
2020-10-28T19:45:02Z,28.66,-88.22,8.14,196
2020-10-28T19:45:03Z,28.66,-88.22,8.14,196
2020-10-28T19:45:04Z,28.66,-88.22,8.14,196
2020-10-28T19:45:05Z,28.66,-88.22,8.14,196
2020-10-28T19:45:06Z,28.66,-88.22,8.14,196
2020-10-28T19:45:07Z,28.66,-88.21,8.14,196
2020-10-28T19:45:08Z,28.66,-88.22,8.14,196
2020-10-28T19:45:09Z,28.66,-88.22,8.14,196
2020-10-28T19:45:10Z,28.66,-88.21,8.14,196
2020-10-28T19:45:11Z,28.66,-88.21,8.14,196
2020-10-28T19:45:12Z,28.66,-88.21,8.14,196
2020-10-28T19:45:13Z,28.66,-88.22,8.14,196
2020-10-28T19:45:14Z,28.66,-88.21,8.14,196
2020-10-28T19:45:15Z,28.66,-88.21,8.14,196
2020-10-28T19:45:16Z,28.66,-88.21,8.14,196
2020-10-28T19:45:17Z,28.66,-88.22,8.14,196
2020-10-28T19:45:18Z,28.66,-88.21,8.14,196
2020-10-28T19:45:19Z,28.66,-88.21,8.14,196
2020-10-28T19:45:20Z,28.66,-88.21,8.14,196
2020-10-28T19:45:21Z,28.66,-88.21,8.14,196
2020-10-28T19:45:22Z,28.66,-88.21,8.14,196
2020-10-28T19:45:23Z,28.66,-88.21,8.14,196
2020-10-28T19:45:24Z,28.66,-88.21,8.14,196
2020-10-28T19:45:25Z,28.66,-88.21,8.14,196
2020-10-28T19:45:26Z,28.66,-88.21,8.14,196
2020-10-28T19:45:27Z,28.66,-88.21,8.14,196
2020-10-28T19:45:28Z,28.66,-88.21,8.14,196
2020-10-28T19:45:29Z,28.66,-88.21,8.14,196
2020-10-28T19:45:30Z,28.66,-88.21,8.14,196
2020-10-28T19:45:31Z,28.66,-88.21,8.14,196
2020-10-28T19:45:32Z,28.66,-88.21,8.14,196
2020-10-28T19:45:33Z,28.66,-88.21,8.14,196
2020-10-28T19:45:34Z,28.66,-88.21,8.14,196
2020-10-28T19:45:35Z,28.66,-88.21,8.14,196
2020-10-28T19:45:36Z,28.66,-88.21,8.14,196
2020-10-28T19:45:37Z,28.66,-88.21,8.14,196
2020-10-28T19:45:38Z,28.66,-88.21,8.14,196
2020-10-28T19:45:39Z,28.66,-88.21,8.14,196
2020-10-28T19:45:40Z,28.66,-88.21,8.14,196
2020-10-28T19:45:41Z,28.66,-88.21,8.14,196
2020-10-28T19:45:42Z,28.66,-88.21,8.14,196
2020-10-28T19:45:43Z,28.66,-88.21,8.14,196
2020-10-28T19:45:44Z,28.66,-88.19,8.14,196
2020-10-28T19:45:45Z,28.66,-88.19,8.14,196
2020-10-28T19:45:46Z,28.66,-88.21,8.14,196
2020-10-28T19:45:47Z,28.66,-88.19,8.14,196
2020-10-28T19:45:48Z,28.66,-88.19,8.14,196
2020-10-28T19:45:49Z,28.66,-88.21,8.14,196
2020-10-28T19:45:50Z,28.66,-88.21,8.14,196
2020-10-28T19:45:51Z,28.66,-88.19,8.14,196
2020-10-28T19:45:52Z,28.66,-88.19,8.14,196
2020-10-28T19:45:53Z,28.66,-88.19,8.14,196
2020-10-28T19:45:54Z,28.66,-88.19,8.14,196
2020-10-28T19:45:55Z,28.66,-88.19,8.14,196
2020-10-28T19:45:56Z,28.66,-88.19,8.14,196
2020-10-28T19:45:57Z,28.66,-88.19,8.14,196
2020-10-28T19:45:58Z,28.66,-88.19,8.14,196
2020-10-28T19:45:59Z,28.66,-88.19,8.14,196
2020-10-28T19:46:00Z,28.68,-88.19,8.14,196
2020-10-28T19:46:01Z,28.68,-88.19,8.14,196
2020-10-28T19:46:02Z,28.68,-88.19,8.14,196
2020-10-28T19:46:03Z,28.68,-88.19,8.14,196
2020-10-28T19:46:04Z,28.68,-88.19,8.14,196
2020-10-28T19:46:05Z,28.68,-88.17,8.14,196
2020-10-28T19:46:06Z,28.68,-88.17,8.14,196
2020-10-28T19:46:07Z,28.68,-88.19,8.14,196
2020-10-28T19:46:08Z,28.68,-88.17,8.14,196
2020-10-28T19:46:09Z,28.68,-88.17,8.14,196
2020-10-28T19:46:10Z,28.68,-88.17,8.14,196
2020-10-28T19:46:11Z,28.68,-88.17,8.14,196
2020-10-28T19:46:12Z,28.68,-88.17,8.14,196
2020-10-28T19:46:13Z,28.68,-88.17,8.14,196
2020-10-28T19:46:14Z,28.68,-88.17,8.14,196
2020-10-28T19:46:15Z,28.68,-88.17,8.14,196
2020-10-28T19:46:16Z,28.68,-88.17,8.14,196
2020-10-28T19:46:17Z,28.68,-88.17,8.14,196
2020-10-28T19:46:18Z,28.68,-88.17,8.14,196
2020-10-28T19:46:19Z,28.68,-88.17,8.14,196
2020-10-28T19:46:20Z,28.68,-88.17,8.14,196
2020-10-28T19:46:21Z,28.68,-88.17,8.14,196
2020-10-28T19:46:22Z,28.68,-88.16,8.14,196
2020-10-28T19:46:23Z,28.68,-88.16,8.14,196
2020-10-28T19:46:24Z,28.68,-88.16,8.14,196
2020-10-28T19:46:25Z,28.68,-88.16,8.14,196
2020-10-28T19:46:26Z,28.68,-88.16,8.14,196
2020-10-28T19:46:27Z,28.68,-88.16,8.14,196
2020-10-28T19:46:28Z,28.68,-88.16,8.14,196
2020-10-28T19:46:29Z,28.68,-88.16,8.14,196
2020-10-28T19:46:30Z,28.68,-88.14,8.14,196
2020-10-28T19:46:31Z,28.68,-88.16,8.14,196
2020-10-28T19:46:32Z,28.68,-88.14,8.14,196
2020-10-28T19:46:33Z,28.68,-88.14,8.14,196
2020-10-28T19:46:34Z,28.68,-88.16,8.14,196
2020-10-28T19:46:35Z,28.68,-88.14,8.14,196
2020-10-28T19:46:36Z,28.68,-88.16,8.14,196
2020-10-28T19:46:37Z,28.68,-88.14,8.14,196
2020-10-28T19:46:38Z,28.68,-88.14,8.14,196
2020-10-28T19:46:39Z,28.68,-88.14,8.14,196
2020-10-28T19:46:40Z,28.71,-88.14,8.14,196
2020-10-28T19:46:41Z,28.71,-88.14,8.14,196
2020-10-28T19:46:42Z,28.71,-88.14,8.14,196
2020-10-28T19:46:43Z,28.71,-88.14,8.14,196
2020-10-28T19:46:44Z,28.71,-88.14,8.14,196
2020-10-28T19:46:45Z,28.71,-88.14,8.14,196
2020-10-28T19:46:46Z,28.71,-88.13,8.14,196
2020-10-28T19:46:47Z,28.71,-88.14,8.14,196
2020-10-28T19:46:48Z,28.71,-88.13,8.14,196
2020-10-28T19:46:49Z,28.71,-88.13,8.14,196
2020-10-28T19:46:50Z,28.71,-88.13,8.14,196
2020-10-28T19:46:51Z,28.71,-88.13,8.14,196
2020-10-28T19:46:52Z,28.71,-88.13,8.14,196
2020-10-28T19:46:53Z,28.71,-88.13,8.14,196
2020-10-28T19:46:54Z,28.71,-88.13,8.14,196
2020-10-28T19:46:55Z,28.71,-88.13,8.14,196
2020-10-28T19:46:56Z,28.71,-88.13,8.14,196
2020-10-28T19:46:57Z,28.71,-88.13,8.14,196
2020-10-28T19:46:58Z,28.71,-88.11,8.14,196
2020-10-28T19:46:59Z,28.71,-88.11,8.14,196
2020-10-28T19:47:00Z,28.71,-88.11,8.14,196
2020-10-28T19:47:01Z,28.71,-88.11,8.14,196
2020-10-28T19:47:02Z,28.71,-88.11,8.14,196
2020-10-28T19:47:03Z,28.71,-88.11,8.14,196
2020-10-28T19:47:04Z,28.71,-88.11,8.14,196
2020-10-28T19:47:05Z,28.71,-88.11,8.14,196
2020-10-28T19:47:06Z,28.71,-88.11,8.14,196
2020-10-28T19:47:07Z,28.71,-88.11,8.14,196
2020-10-28T19:47:08Z,28.71,-88.11,8.14,196
2020-10-28T19:47:09Z,28.71,-88.11,8.14,196
2020-10-28T19:47:10Z,28.71,-88.11,8.14,196
2020-10-28T19:47:11Z,28.71,-88.1,8.14,196
2020-10-28T19:47:12Z,28.71,-88.11,8.14,196
2020-10-28T19:47:13Z,28.71,-88.1,8.14,196
2020-10-28T19:47:14Z,28.71,-88.1,8.14,196
2020-10-28T19:47:15Z,28.71,-88.1,8.14,196
2020-10-28T19:47:16Z,28.71,-88.1,8.14,196
2020-10-28T19:47:17Z,28.71,-88.1,8.14,196
2020-10-28T19:47:18Z,28.73,-88.1,8.14,196
2020-10-28T19:47:19Z,28.73,-88.1,8.14,196
2020-10-28T19:47:20Z,28.73,-88.1,8.14,196
2020-10-28T19:47:21Z,28.73,-88.1,8.14,196
2020-10-28T19:47:22Z,28.73,-88.1,8.14,196
2020-10-28T19:47:23Z,28.73,-88.1,8.14,196
2020-10-28T19:47:24Z,28.73,-88.08,8.14,196
2020-10-28T19:47:25Z,28.73,-88.08,8.14,196
2020-10-28T19:47:26Z,28.73,-88.08,8.14,196
2020-10-28T19:47:27Z,28.73,-88.08,8.14,196
2020-10-28T19:47:28Z,28.73,-88.08,8.14,196
2020-10-28T19:47:29Z,28.73,-88.08,8.14,196
2020-10-28T19:47:30Z,28.73,-88.08,8.14,196
2020-10-28T19:47:31Z,28.73,-88.08,8.14,196
2020-10-28T19:47:32Z,28.73,-88.08,8.14,196
2020-10-28T19:47:33Z,28.73,-88.08,8.14,196
2020-10-28T19:47:34Z,28.73,-88.08,8.14,196
2020-10-28T19:47:35Z,28.73,-88.08,8.14,196
2020-10-28T19:47:36Z,28.73,-88.08,8.14,196
2020-10-28T19:47:37Z,28.73,-88.08,8.14,196
2020-10-28T19:47:38Z,28.73,-88.08,8.14,196
2020-10-28T19:47:39Z,28.73,-88.08,8.14,196
2020-10-28T19:47:40Z,28.73,-88.08,8.14,196
2020-10-28T19:47:41Z,28.73,-88.07,8.14,196
2020-10-28T19:47:42Z,28.73,-88.08,8.14,196
2020-10-28T19:47:43Z,28.73,-88.07,8.14,196
2020-10-28T19:47:44Z,28.73,-88.07,8.14,196
2020-10-28T19:47:45Z,28.73,-88.08,8.14,196
2020-10-28T19:47:46Z,28.73,-88.08,8.14,196
2020-10-28T19:47:47Z,28.73,-88.08,8.14,196
2020-10-28T19:47:48Z,28.73,-88.08,8.14,196
2020-10-28T19:47:49Z,28.75,-88.07,8.14,196
2020-10-28T19:47:50Z,28.75,-88.07,8.14,196
2020-10-28T19:47:51Z,28.75,-88.07,8.14,196
2020-10-28T19:47:52Z,28.75,-88.07,8.14,196
2020-10-28T19:47:53Z,28.75,-88.07,8.14,196
2020-10-28T19:47:54Z,28.75,-88.07,8.14,196
2020-10-28T19:47:55Z,28.75,-88.07,8.14,196
2020-10-28T19:47:56Z,28.75,-88.05,8.14,196
2020-10-28T19:47:57Z,28.75,-88.07,8.14,196
2020-10-28T19:47:58Z,28.75,-88.07,8.14,196
2020-10-28T19:47:59Z,28.75,-88.07,8.14,196
2020-10-28T19:48:00Z,28.75,-88.07,8.14,196
2020-10-28T19:48:01Z,28.75,-88.07,8.14,196
2020-10-28T19:48:02Z,28.75,-88.05,8.14,196
2020-10-28T19:48:03Z,28.75,-88.07,8.14,196
2020-10-28T19:48:04Z,28.75,-88.05,8.14,196
2020-10-28T19:48:05Z,28.75,-88.05,8.14,196
2020-10-28T19:48:06Z,28.75,-88.07,8.14,196
2020-10-28T19:48:07Z,28.75,-88.07,8.14,196
2020-10-28T19:48:08Z,28.75,-88.05,8.14,196
2020-10-28T19:48:09Z,28.75,-88.05,8.14,196
2020-10-28T19:48:10Z,28.75,-88.05,8.14,196
2020-10-28T19:48:11Z,28.75,-88.05,8.14,196
2020-10-28T19:48:12Z,28.75,-88.05,8.14,196
2020-10-28T19:48:13Z,28.75,-88.05,8.14,196
2020-10-28T19:48:14Z,28.75,-88.05,8.14,196
2020-10-28T19:48:15Z,28.75,-88.05,8.14,196
2020-10-28T19:48:16Z,28.75,-88.05,8.14,196
2020-10-28T19:48:17Z,28.75,-88.05,8.14,196
2020-10-28T19:48:18Z,28.75,-88.05,8.14,196
2020-10-28T19:48:19Z,28.75,-88.05,8.14,196
2020-10-28T19:48:20Z,28.78,-88.05,8.14,196
2020-10-28T19:48:21Z,28.78,-88.05,8.14,196
2020-10-28T19:48:22Z,28.78,-88.03,8.14,196
2020-10-28T19:48:23Z,28.78,-88.05,8.14,196
2020-10-28T19:48:24Z,28.78,-88.03,8.14,196
2020-10-28T19:48:25Z,28.78,-88.05,8.14,196
2020-10-28T19:48:26Z,28.78,-88.03,8.14,196
2020-10-28T19:48:27Z,28.78,-88.03,8.14,196
2020-10-28T19:48:28Z,28.78,-88.05,8.14,196
2020-10-28T19:48:29Z,28.78,-88.03,8.14,196
2020-10-28T19:48:30Z,28.78,-88.03,8.14,196
2020-10-28T19:48:31Z,28.78,-88.03,8.14,196
2020-10-28T19:48:32Z,28.78,-88.05,8.14,196
2020-10-28T19:48:33Z,28.78,-88.03,8.14,196
2020-10-28T19:48:34Z,28.78,-88.03,8.14,196
2020-10-28T19:48:35Z,28.78,-88.03,8.14,196
2020-10-28T19:48:36Z,28.78,-88.03,8.14,196
2020-10-28T19:48:37Z,28.78,-88.03,8.14,196
2020-10-28T19:48:38Z,28.78,-88.05,8.14,196
2020-10-28T19:48:39Z,28.78,-88.03,8.14,196
2020-10-28T19:48:40Z,28.78,-88.03,8.14,196
2020-10-28T19:48:41Z,28.78,-88.03,8.14,196
2020-10-28T19:48:42Z,28.78,-88.03,8.14,196
2020-10-28T19:48:43Z,28.78,-88.03,8.14,196
2020-10-28T19:48:44Z,28.78,-88.03,8.14,196
2020-10-28T19:48:45Z,28.78,-87.99,8.14,196
2020-10-28T19:48:46Z,28.78,-88.02,8.14,196
2020-10-28T19:48:47Z,28.78,-88.02,8.14,196
2020-10-28T19:48:48Z,28.78,-88.03,8.14,196
2020-10-28T19:48:49Z,28.78,-88.02,8.14,196
2020-10-28T19:48:50Z,28.78,-88.02,8.14,196
2020-10-28T19:48:51Z,28.78,-88.02,8.14,196
2020-10-28T19:48:52Z,28.78,-88.02,8.14,196
2020-10-28T19:48:53Z,28.78,-88.02,8.14,196
2020-10-28T19:48:54Z,28.8,-88.02,8.14,196
2020-10-28T19:48:55Z,28.8,-88.02,8.14,196
2020-10-28T19:48:56Z,28.8,-88.02,8.14,196
2020-10-28T19:48:57Z,28.8,-88.02,8.14,196
2020-10-28T19:48:58Z,28.8,-88.02,8.14,196
2020-10-28T19:48:59Z,28.8,-88.02,8.14,196
2020-10-28T19:49:00Z,28.8,-88.02,8.14,196
2020-10-28T19:49:01Z,28.8,-88.02,8.14,196
2020-10-28T19:49:02Z,28.8,-88.02,8.14,196
2020-10-28T19:49:03Z,28.8,-88.02,8.14,196
2020-10-28T19:49:04Z,28.8,-88.02,8.14,196
2020-10-28T19:49:05Z,28.8,-88.02,8.14,196
2020-10-28T19:49:06Z,28.8,-88.02,8.14,196
2020-10-28T19:49:07Z,28.8,-88.02,8.14,196
2020-10-28T19:49:08Z,28.8,-88.02,8.14,196
2020-10-28T19:49:09Z,28.8,-88.02,8.14,196
2020-10-28T19:49:10Z,28.8,-88,8.14,196
2020-10-28T19:49:11Z,28.8,-88,8.14,196
2020-10-28T19:49:12Z,28.8,-88.02,8.14,196
2020-10-28T19:49:13Z,28.8,-88.02,8.14,196
2020-10-28T19:49:14Z,28.8,-88,8.14,196
2020-10-28T19:49:15Z,28.8,-88,8.14,196
2020-10-28T19:49:16Z,28.8,-88.02,8.14,196
2020-10-28T19:49:17Z,28.8,-88.02,8.14,196
2020-10-28T19:49:18Z,28.8,-88,8.14,196
2020-10-28T19:49:19Z,28.8,-88,8.14,196
2020-10-28T19:49:20Z,28.8,-88,8.14,196
2020-10-28T19:49:21Z,28.8,-88,8.14,196
2020-10-28T19:49:22Z,28.8,-88,8.14,196
2020-10-28T19:49:23Z,28.83,-88,8.14,196
2020-10-28T19:49:24Z,28.83,-88,8.14,196
2020-10-28T19:49:25Z,28.83,-88,8.14,196
2020-10-28T19:49:26Z,28.83,-88,8.14,196
2020-10-28T19:49:27Z,28.83,-88,8.14,196
2020-10-28T19:49:28Z,28.83,-88,8.14,196
2020-10-28T19:49:29Z,28.83,-87.99,8.14,196
2020-10-28T19:49:30Z,28.83,-88,8.14,196
2020-10-28T19:49:31Z,28.83,-88,8.14,196
2020-10-28T19:49:32Z,28.83,-88,8.14,196
2020-10-28T19:49:33Z,28.83,-88,8.14,196
2020-10-28T19:49:34Z,28.83,-88,8.14,196
2020-10-28T19:49:35Z,28.83,-87.99,8.14,196
2020-10-28T19:49:36Z,28.83,-87.99,8.14,196
2020-10-28T19:49:37Z,28.83,-88,8.14,196
2020-10-28T19:49:38Z,28.83,-87.99,8.14,196
2020-10-28T19:49:39Z,28.83,-87.99,8.14,196
2020-10-28T19:49:40Z,28.83,-87.99,8.14,196
2020-10-28T19:49:41Z,28.83,-87.99,8.14,196
2020-10-28T19:49:42Z,28.83,-87.99,8.14,196
2020-10-28T19:49:43Z,28.83,-87.99,8.14,196
2020-10-28T19:49:44Z,28.83,-87.99,8.14,196
2020-10-28T19:49:45Z,28.83,-87.99,8.14,196
2020-10-28T19:49:46Z,28.83,-87.99,8.14,196
2020-10-28T19:49:47Z,28.83,-87.99,8.14,196
2020-10-28T19:49:48Z,28.83,-87.99,8.14,196
2020-10-28T19:49:49Z,28.83,-87.99,8.14,196
2020-10-28T19:49:50Z,28.83,-87.99,8.14,196
2020-10-28T19:49:51Z,28.83,-87.99,8.14,196
2020-10-28T19:49:52Z,28.83,-87.99,8.14,196
2020-10-28T19:49:53Z,28.83,-87.99,8.14,196
2020-10-28T19:49:54Z,28.83,-87.99,8.14,196
2020-10-28T19:49:55Z,28.85,-87.99,8.14,196
2020-10-28T19:49:56Z,28.85,-87.97,8.14,196
2020-10-28T19:49:57Z,28.85,-87.97,8.14,196
2020-10-28T19:49:58Z,28.85,-87.97,8.14,196
2020-10-28T19:49:59Z,28.85,-87.97,8.14,196
2020-10-28T19:50:00Z,28.85,-87.99,8.14,196
2020-10-28T19:50:01Z,28.85,-87.97,8.14,196
2020-10-28T19:50:02Z,28.85,-87.97,8.14,196
2020-10-28T19:50:03Z,28.85,-87.97,8.14,196
2020-10-28T19:50:04Z,28.85,-87.97,8.14,196
2020-10-28T19:50:05Z,28.85,-87.97,8.14,196
2020-10-28T19:50:06Z,28.85,-87.97,8.14,196
2020-10-28T19:50:07Z,28.85,-87.97,8.14,196
2020-10-28T19:50:08Z,28.85,-87.97,8.14,196
2020-10-28T19:50:09Z,28.85,-87.97,8.14,196
2020-10-28T19:50:10Z,28.85,-87.97,8.14,196
2020-10-28T19:50:11Z,28.85,-87.97,8.14,196
2020-10-28T19:50:12Z,28.85,-87.96,8.14,196
2020-10-28T19:50:13Z,28.85,-87.96,8.14,196
2020-10-28T19:50:14Z,28.85,-87.96,8.14,196
2020-10-28T19:50:15Z,28.85,-87.96,8.14,196
2020-10-28T19:50:16Z,28.85,-87.96,8.14,196
2020-10-28T19:50:17Z,28.85,-87.96,8.14,196
2020-10-28T19:50:18Z,28.85,-87.96,8.14,196
2020-10-28T19:50:19Z,28.85,-87.96,8.14,196
2020-10-28T19:50:20Z,28.85,-87.96,8.14,196
2020-10-28T19:50:21Z,28.85,-87.96,8.14,196
2020-10-28T19:50:22Z,28.85,-87.96,8.14,196
2020-10-28T19:50:23Z,28.85,-87.96,8.14,196
2020-10-28T19:50:24Z,28.85,-87.96,8.14,196
2020-10-28T19:50:25Z,28.85,-87.96,8.14,196
2020-10-28T19:50:26Z,28.85,-87.96,8.14,196
2020-10-28T19:50:27Z,28.85,-87.96,8.14,196
2020-10-28T19:50:28Z,28.88,-87.96,8.14,196
2020-10-28T19:50:29Z,28.88,-87.94,8.14,196
2020-10-28T19:50:30Z,28.88,-87.94,8.14,196
2020-10-28T19:50:31Z,28.88,-87.94,8.14,196
2020-10-28T19:50:32Z,28.88,-87.94,8.14,196
2020-10-28T19:50:33Z,28.88,-87.94,8.14,196
2020-10-28T19:50:34Z,28.88,-87.94,8.14,196
2020-10-28T19:50:35Z,28.88,-87.94,8.14,196
2020-10-28T19:50:36Z,28.88,-87.94,8.14,196
2020-10-28T19:50:37Z,28.88,-87.91,8.14,196
2020-10-28T19:50:38Z,28.88,-87.92,8.14,196
2020-10-28T19:50:39Z,28.88,-87.92,8.14,196
2020-10-28T19:50:40Z,28.88,-87.92,8.14,196
2020-10-28T19:50:41Z,28.88,-87.92,8.14,196
2020-10-28T19:50:42Z,28.88,-87.94,8.14,196
2020-10-28T19:50:43Z,28.88,-87.92,8.14,196
2020-10-28T19:50:44Z,28.88,-87.92,8.14,196
2020-10-28T19:50:45Z,28.88,-87.94,8.14,196
2020-10-28T19:50:46Z,28.88,-87.94,8.14,196
2020-10-28T19:50:47Z,28.88,-87.92,8.14,196
2020-10-28T19:50:48Z,28.88,-87.92,8.14,196
2020-10-28T19:50:49Z,28.88,-87.92,8.14,196
2020-10-28T19:50:50Z,28.88,-87.92,8.14,196
2020-10-28T19:50:51Z,28.88,-87.92,8.14,196
2020-10-28T19:50:52Z,28.88,-87.92,8.14,196
2020-10-28T19:50:53Z,28.88,-87.92,8.14,196
2020-10-28T19:50:54Z,28.88,-87.92,8.14,196
2020-10-28T19:50:55Z,28.88,-87.92,8.14,196
2020-10-28T19:50:56Z,28.88,-87.92,8.14,196
2020-10-28T19:50:57Z,28.88,-87.92,8.14,196
2020-10-28T19:50:58Z,28.88,-87.92,8.14,196
2020-10-28T19:50:59Z,28.88,-87.91,8.14,196
2020-10-28T19:51:00Z,28.88,-87.92,8.14,196
2020-10-28T19:51:01Z,28.88,-87.92,8.14,196
2020-10-28T19:51:02Z,28.9,-87.91,8.14,196
2020-10-28T19:51:03Z,28.9,-87.91,8.14,196
2020-10-28T19:51:04Z,28.9,-87.91,8.14,196
2020-10-28T19:51:05Z,28.9,-87.91,8.14,196
2020-10-28T19:51:06Z,28.9,-87.91,8.14,196
2020-10-28T19:51:07Z,28.9,-87.91,8.14,196
2020-10-28T19:51:08Z,28.9,-87.91,8.14,196
2020-10-28T19:51:09Z,28.9,-87.91,8.14,196
2020-10-28T19:51:10Z,28.9,-87.91,8.14,196
2020-10-28T19:51:11Z,28.9,-87.91,8.14,196
2020-10-28T19:51:12Z,28.9,-87.91,8.14,196
2020-10-28T19:51:13Z,28.9,-87.89,8.14,196
2020-10-28T19:51:14Z,28.9,-87.91,8.14,196
2020-10-28T19:51:15Z,28.9,-87.89,8.14,196
2020-10-28T19:51:16Z,28.9,-87.89,8.14,196
2020-10-28T19:51:17Z,28.9,-87.88,8.14,196
2020-10-28T19:51:18Z,28.9,-87.89,8.14,196
2020-10-28T19:51:19Z,28.9,-87.89,8.14,196
2020-10-28T19:51:20Z,28.9,-87.89,8.14,196
2020-10-28T19:51:21Z,28.9,-87.89,8.14,196
2020-10-28T19:51:22Z,28.9,-87.89,8.14,196
2020-10-28T19:51:23Z,28.9,-87.89,8.14,196
2020-10-28T19:51:24Z,28.9,-87.89,8.14,196
2020-10-28T19:51:25Z,28.9,-87.89,8.14,196
2020-10-28T19:51:26Z,28.9,-87.89,8.14,196
2020-10-28T19:51:27Z,28.9,-87.88,8.14,196
2020-10-28T19:51:28Z,28.9,-87.89,8.14,196
2020-10-28T19:51:29Z,28.9,-87.89,8.14,196
2020-10-28T19:51:30Z,28.9,-87.89,8.14,196
2020-10-28T19:51:31Z,28.9,-87.88,8.14,196
2020-10-28T19:51:32Z,28.9,-87.88,8.14,196
2020-10-28T19:51:33Z,28.9,-87.88,8.14,196
2020-10-28T19:51:34Z,28.93,-87.88,8.14,196
2020-10-28T19:51:35Z,28.93,-87.88,8.14,196
2020-10-28T19:51:36Z,28.93,-87.88,8.14,196
2020-10-28T19:51:37Z,28.93,-87.88,8.14,196
2020-10-28T19:51:38Z,28.93,-87.88,8.14,196
2020-10-28T19:51:39Z,28.93,-87.88,8.14,196
2020-10-28T19:51:40Z,28.93,-87.88,8.14,196
2020-10-28T19:51:41Z,28.93,-87.88,8.14,196
2020-10-28T19:51:42Z,28.93,-87.88,8.14,196
2020-10-28T19:51:43Z,28.93,-87.86,8.14,196
2020-10-28T19:51:44Z,28.93,-87.86,8.14,196
2020-10-28T19:51:45Z,28.93,-87.88,8.14,196
2020-10-28T19:51:46Z,28.93,-87.86,8.14,196
2020-10-28T19:51:47Z,28.93,-87.86,8.14,196
2020-10-28T19:51:48Z,28.93,-87.86,8.14,196
2020-10-28T19:51:49Z,28.93,-87.86,8.14,196
2020-10-28T19:51:50Z,28.93,-87.86,8.14,196
2020-10-28T19:51:51Z,28.93,-87.86,8.14,196
2020-10-28T19:51:52Z,28.93,-87.86,8.14,196
2020-10-28T19:51:53Z,28.93,-87.86,8.14,196
2020-10-28T19:51:54Z,28.93,-87.86,8.14,196
2020-10-28T19:51:55Z,28.93,-87.86,8.14,196
2020-10-28T19:51:56Z,28.93,-87.86,8.14,196
2020-10-28T19:51:57Z,28.93,-87.85,8.14,196
2020-10-28T19:51:58Z,28.93,-87.85,8.14,196
2020-10-28T19:51:59Z,28.93,-87.86,8.14,196
2020-10-28T19:52:00Z,28.93,-87.86,8.14,196
2020-10-28T19:52:01Z,28.93,-87.85,8.14,196
2020-10-28T19:52:02Z,28.93,-87.85,8.14,196
2020-10-28T19:52:03Z,28.93,-87.85,8.14,196
2020-10-28T19:52:04Z,28.93,-87.85,8.14,196
2020-10-28T19:52:05Z,28.95,-87.85,8.14,196
2020-10-28T19:52:06Z,28.95,-87.85,8.14,196
2020-10-28T19:52:07Z,28.95,-87.85,8.14,196
2020-10-28T19:52:08Z,28.95,-87.85,8.14,196
2020-10-28T19:52:09Z,28.95,-87.85,8.14,196
2020-10-28T19:52:10Z,28.95,-87.85,8.14,196
2020-10-28T19:52:11Z,28.95,-87.85,8.14,196
2020-10-28T19:52:12Z,28.95,-87.85,8.14,196
2020-10-28T19:52:13Z,28.95,-87.85,8.14,196
2020-10-28T19:52:14Z,28.95,-87.85,8.14,196
2020-10-28T19:52:15Z,28.95,-87.85,8.14,196
2020-10-28T19:52:16Z,28.95,-87.85,8.14,196
2020-10-28T19:52:17Z,28.95,-87.83,8.14,196
2020-10-28T19:52:18Z,28.95,-87.83,8.14,196
2020-10-28T19:52:19Z,28.95,-87.83,8.14,196
2020-10-28T19:52:20Z,28.95,-87.83,8.14,196
2020-10-28T19:52:21Z,28.95,-87.64,8.13,196
2020-10-28T19:52:22Z,28.95,-87.75,8.13,196
2020-10-28T19:52:23Z,28.95,-87.8,8.14,196
2020-10-28T19:52:24Z,28.95,-87.8,8.14,196
2020-10-28T19:52:25Z,28.95,-87.82,8.14,196
2020-10-28T19:52:26Z,28.95,-87.82,8.14,196
2020-10-28T19:52:27Z,28.95,-87.82,8.14,196
2020-10-28T19:52:28Z,28.95,-87.82,8.14,196
2020-10-28T19:52:29Z,28.95,-87.82,8.14,196
2020-10-28T19:52:30Z,28.95,-87.82,8.14,196
2020-10-28T19:52:31Z,28.95,-87.82,8.14,196
2020-10-28T19:52:32Z,28.95,-87.82,8.14,196
2020-10-28T19:52:33Z,28.95,-87.82,8.14,196
2020-10-28T19:52:34Z,28.95,-87.82,8.14,196
2020-10-28T19:52:35Z,28.95,-87.82,8.14,196
2020-10-28T19:52:36Z,28.98,-87.82,8.14,196
2020-10-28T19:52:37Z,28.98,-87.82,8.14,196
2020-10-28T19:52:38Z,28.98,-87.82,8.14,196
2020-10-28T19:52:39Z,28.98,-87.82,8.14,196
2020-10-28T19:52:40Z,28.98,-87.82,8.14,196
2020-10-28T19:52:41Z,28.98,-87.82,8.14,196
2020-10-28T19:52:42Z,28.98,-87.82,8.14,196
2020-10-28T19:52:43Z,28.98,-87.82,8.14,196
2020-10-28T19:52:44Z,28.98,-87.8,8.14,196
2020-10-28T19:52:45Z,28.98,-87.8,8.14,196
2020-10-28T19:52:46Z,28.98,-87.8,8.14,196
2020-10-28T19:52:47Z,28.98,-87.8,8.14,196
2020-10-28T19:52:48Z,28.98,-87.8,8.14,196
2020-10-28T19:52:49Z,28.98,-87.8,8.14,196
2020-10-28T19:52:50Z,28.98,-87.8,8.14,196
2020-10-28T19:52:51Z,28.98,-87.8,8.14,196
2020-10-28T19:52:52Z,28.98,-87.8,8.14,196
2020-10-28T19:52:53Z,28.98,-87.8,8.14,196
2020-10-28T19:52:54Z,28.98,-87.8,8.14,196
2020-10-28T19:52:55Z,28.98,-87.8,8.14,196
2020-10-28T19:52:56Z,28.98,-87.8,8.14,196
2020-10-28T19:52:57Z,28.98,-87.8,8.14,196
2020-10-28T19:52:58Z,28.98,-87.8,8.14,196
2020-10-28T19:52:59Z,28.98,-87.78,8.13,196
2020-10-28T19:53:00Z,28.98,-87.8,8.14,196
2020-10-28T19:53:01Z,28.98,-87.8,8.14,196
2020-10-28T19:53:02Z,28.98,-87.8,8.14,196
2020-10-28T19:53:03Z,28.98,-87.8,8.14,196
2020-10-28T19:53:04Z,28.98,-87.78,8.13,196
2020-10-28T19:53:05Z,28.98,-87.8,8.14,196
2020-10-28T19:53:06Z,28.98,-87.78,8.13,196
2020-10-28T19:53:07Z,28.98,-87.78,8.13,196
2020-10-28T19:53:08Z,28.98,-87.78,8.13,196
2020-10-28T19:53:09Z,28.98,-87.78,8.13,196
2020-10-28T19:53:10Z,28.98,-87.78,8.13,196
2020-10-28T19:53:11Z,29,-87.78,8.13,196
2020-10-28T19:53:12Z,29,-87.78,8.13,196
2020-10-28T19:53:13Z,29,-87.78,8.13,196
2020-10-28T19:53:14Z,29,-87.78,8.13,196
2020-10-28T19:53:15Z,29,-87.78,8.13,196
2020-10-28T19:53:16Z,29,-87.77,8.13,196
2020-10-28T19:53:17Z,29,-87.77,8.13,196
2020-10-28T19:53:18Z,29,-87.78,8.13,196
2020-10-28T19:53:19Z,29,-87.78,8.13,196
2020-10-28T19:53:20Z,29,-87.77,8.13,196
2020-10-28T19:53:21Z,29,-87.77,8.13,196
2020-10-28T19:53:22Z,29,-87.77,8.13,196
2020-10-28T19:53:23Z,29,-87.77,8.13,196
2020-10-28T19:53:24Z,29,-87.77,8.13,196
2020-10-28T19:53:25Z,29,-87.77,8.13,196
2020-10-28T19:53:26Z,29,-87.77,8.13,196
2020-10-28T19:53:27Z,29,-87.77,8.13,196
2020-10-28T19:53:28Z,29,-87.77,8.13,196
2020-10-28T19:53:29Z,29,-87.77,8.13,196
2020-10-28T19:53:30Z,29,-87.77,8.13,196
2020-10-28T19:53:31Z,29,-87.77,8.13,196
2020-10-28T19:53:32Z,29,-87.77,8.13,196
2020-10-28T19:53:33Z,29,-87.77,8.13,196
2020-10-28T19:53:34Z,29,-87.77,8.13,196
2020-10-28T19:53:35Z,29,-87.77,8.13,196
2020-10-28T19:53:36Z,29,-87.77,8.13,196
2020-10-28T19:53:37Z,29,-87.77,8.13,196
2020-10-28T19:53:38Z,29,-87.77,8.13,196
2020-10-28T19:53:39Z,29,-87.75,8.13,196
2020-10-28T19:53:40Z,29,-87.75,8.13,196
2020-10-28T19:53:41Z,29,-87.75,8.13,196
2020-10-28T19:53:42Z,29,-87.75,8.13,196
2020-10-28T19:53:43Z,29,-87.75,8.13,196
2020-10-28T19:53:44Z,29,-87.75,8.13,196
2020-10-28T19:53:45Z,29,-87.75,8.13,196
2020-10-28T19:53:46Z,29,-87.75,8.13,196
2020-10-28T19:53:47Z,29,-87.75,8.13,196
2020-10-28T19:53:48Z,29,-87.75,8.13,196
2020-10-28T19:53:49Z,29,-87.75,8.13,196
2020-10-28T19:53:50Z,29,-87.75,8.13,196
2020-10-28T19:53:51Z,29.03,-87.75,8.13,196
2020-10-28T19:53:52Z,29.03,-87.75,8.13,196
2020-10-28T19:53:53Z,29.03,-87.75,8.13,196
2020-10-28T19:53:54Z,29.03,-87.75,8.13,196
2020-10-28T19:53:55Z,29.03,-87.75,8.13,196
2020-10-28T19:53:56Z,29.03,-87.74,8.13,196
2020-10-28T19:53:57Z,29.03,-87.74,8.13,196
2020-10-28T19:53:58Z,29.03,-87.74,8.13,196
2020-10-28T19:53:59Z,29.03,-87.74,8.13,196
2020-10-28T19:54:00Z,29.03,-87.74,8.13,196
2020-10-28T19:54:01Z,29.03,-87.74,8.13,196
2020-10-28T19:54:02Z,29.03,-87.74,8.13,196
2020-10-28T19:54:03Z,29.03,-87.74,8.13,196
2020-10-28T19:54:04Z,29.03,-87.74,8.13,196
2020-10-28T19:54:05Z,29.03,-87.74,8.13,196
2020-10-28T19:54:06Z,29.03,-87.74,8.13,196
2020-10-28T19:54:07Z,29.03,-87.74,8.13,196
2020-10-28T19:54:08Z,29.03,-87.74,8.13,196
2020-10-28T19:54:09Z,29.03,-87.74,8.13,196
2020-10-28T19:54:10Z,29.03,-87.74,8.13,196
2020-10-28T19:54:11Z,29.03,-87.74,8.13,196
2020-10-28T19:54:12Z,29.03,-87.74,8.13,196
2020-10-28T19:54:13Z,29.03,-87.72,8.13,196
2020-10-28T19:54:14Z,29.03,-87.72,8.13,196
2020-10-28T19:54:15Z,29.03,-87.72,8.13,196
2020-10-28T19:54:16Z,29.03,-87.72,8.13,196
2020-10-28T19:54:17Z,29.03,-87.72,8.13,196
2020-10-28T19:54:18Z,29.03,-87.72,8.13,196
2020-10-28T19:54:19Z,29.03,-87.72,8.13,196
2020-10-28T19:54:20Z,29.03,-87.72,8.13,196
2020-10-28T19:54:21Z,29.03,-87.72,8.13,196
2020-10-28T19:54:22Z,29.03,-87.72,8.13,196
2020-10-28T19:54:23Z,29.03,-87.72,8.13,196
2020-10-28T19:54:24Z,29.03,-87.72,8.13,196
2020-10-28T19:54:25Z,29.03,-87.72,8.13,196
2020-10-28T19:54:26Z,29.03,-87.72,8.13,196
2020-10-28T19:54:27Z,29.03,-87.72,8.13,196
2020-10-28T19:54:28Z,29.03,-87.78,8.13,196
2020-10-28T19:54:29Z,29.03,-87.74,8.13,196
2020-10-28T19:54:30Z,29.03,-87.72,8.13,196
2020-10-28T19:54:31Z,29.03,-87.72,8.13,196
2020-10-28T19:54:32Z,29.03,-87.72,8.13,196
2020-10-28T19:54:33Z,29.03,-87.72,8.13,196
2020-10-28T19:54:34Z,29.05,-87.72,8.13,196
2020-10-28T19:54:35Z,29.05,-87.72,8.13,196
2020-10-28T19:54:36Z,29.05,-87.71,8.13,196
2020-10-28T19:54:37Z,29.05,-87.71,8.13,196
2020-10-28T19:54:38Z,29.05,-87.71,8.13,196
2020-10-28T19:54:39Z,29.05,-87.71,8.13,196
2020-10-28T19:54:40Z,29.05,-87.71,8.13,196
2020-10-28T19:54:41Z,29.05,-87.71,8.13,196
2020-10-28T19:54:42Z,29.05,-87.71,8.13,196
2020-10-28T19:54:43Z,29.05,-87.71,8.13,196
2020-10-28T19:54:44Z,29.05,-87.71,8.13,196
2020-10-28T19:54:45Z,29.05,-87.71,8.13,196
2020-10-28T19:54:46Z,29.05,-87.71,8.13,196
2020-10-28T19:54:47Z,29.05,-87.71,8.13,196
2020-10-28T19:54:48Z,29.05,-87.71,8.13,196
2020-10-28T19:54:49Z,29.05,-87.71,8.13,196
2020-10-28T19:54:50Z,29.05,-87.69,8.13,196
2020-10-28T19:54:51Z,29.05,-87.69,8.13,196
2020-10-28T19:54:52Z,29.05,-87.71,8.13,196
2020-10-28T19:54:53Z,29.05,-87.69,8.13,196
2020-10-28T19:54:54Z,29.05,-87.69,8.13,196
2020-10-28T19:54:55Z,29.05,-87.69,8.13,196
2020-10-28T19:54:56Z,29.05,-87.69,8.13,196
2020-10-28T19:54:57Z,29.05,-87.69,8.13,196
2020-10-28T19:54:58Z,29.05,-87.69,8.13,196
2020-10-28T19:54:59Z,29.05,-87.69,8.13,196
2020-10-28T19:55:00Z,29.05,-87.69,8.13,196
2020-10-28T19:55:01Z,29.05,-87.69,8.13,196
2020-10-28T19:55:02Z,29.05,-87.69,8.13,196
2020-10-28T19:55:03Z,29.05,-87.69,8.13,196
2020-10-28T19:55:04Z,29.05,-87.69,8.13,196
2020-10-28T19:55:05Z,29.05,-87.69,8.13,196
2020-10-28T19:55:06Z,29.05,-87.69,8.13,196
2020-10-28T19:55:07Z,29.05,-87.69,8.13,196
2020-10-28T19:55:08Z,29.05,-87.69,8.13,196
2020-10-28T19:55:09Z,29.05,-87.69,8.13,196
2020-10-28T19:55:10Z,29.05,-87.67,8.13,196
2020-10-28T19:55:11Z,29.05,-87.69,8.13,196
2020-10-28T19:55:12Z,29.05,-87.69,8.13,196
2020-10-28T19:55:13Z,29.05,-87.67,8.13,196
2020-10-28T19:55:14Z,29.05,-87.67,8.13,196
2020-10-28T19:55:15Z,29.05,-87.67,8.13,196
2020-10-28T19:55:16Z,29.05,-87.67,8.13,196
2020-10-28T19:55:17Z,29.05,-87.67,8.13,196
2020-10-28T19:55:18Z,29.05,-87.67,8.13,196
2020-10-28T19:55:19Z,29.05,-87.67,8.13,196
2020-10-28T19:55:20Z,29.05,-87.67,8.13,196
2020-10-28T19:55:21Z,29.05,-87.67,8.13,196
2020-10-28T19:55:22Z,29.05,-87.67,8.13,196
2020-10-28T19:55:23Z,29.08,-87.67,8.13,196
2020-10-28T19:55:24Z,29.08,-87.67,8.13,196
2020-10-28T19:55:25Z,29.08,-87.67,8.13,196
2020-10-28T19:55:26Z,29.08,-87.67,8.13,196
2020-10-28T19:55:27Z,29.08,-87.66,8.13,196
2020-10-28T19:55:28Z,29.08,-87.61,8.13,196
2020-10-28T19:55:29Z,29.08,-87.67,8.13,196
2020-10-28T19:55:30Z,29.08,-87.67,8.13,196
2020-10-28T19:55:31Z,29.1,-87.66,8.13,196
2020-10-28T19:55:32Z,29.1,-87.66,8.13,196
2020-10-28T19:55:33Z,29.1,-87.66,8.13,196
2020-10-28T19:55:34Z,29.1,-87.66,8.13,196
2020-10-28T19:55:35Z,29.1,-87.66,8.13,196
2020-10-28T19:55:36Z,29.1,-88.17,8.14,196
2020-10-28T19:55:37Z,29.1,-87.8,8.13,196
2020-10-28T19:55:38Z,29.1,-87.72,8.13,196
2020-10-28T19:55:39Z,29.1,-87.69,8.13,196
2020-10-28T19:55:40Z,29.1,-87.67,8.13,196
2020-10-28T19:55:41Z,29.1,-87.67,8.13,196
2020-10-28T19:55:42Z,29.1,-87.66,8.13,196
2020-10-28T19:55:43Z,29.1,-87.66,8.13,196
2020-10-28T19:55:44Z,29.08,-87.66,8.13,196
2020-10-28T19:55:45Z,29.08,-87.66,8.13,196
2020-10-28T19:55:46Z,29.08,-87.71,8.13,196
2020-10-28T19:55:47Z,29.08,-87.58,8.13,196
2020-10-28T19:55:48Z,29.08,-87.85,8.14,196
2020-10-28T19:55:49Z,29.1,-87.63,8.13,196
2020-10-28T19:55:50Z,29.1,-87.53,8.13,196
2020-10-28T19:55:51Z,29.13,-87.52,8.13,196
2020-10-28T19:55:52Z,29.13,-87.71,8.13,196
2020-10-28T19:55:53Z,29.15,-87.49,8.13,196
2020-10-28T19:55:54Z,29.15,-87.71,8.13,196
2020-10-28T19:55:55Z,29.15,-87.6,8.13,196
2020-10-28T19:55:56Z,29.15,-87.58,8.13,196
2020-10-28T19:55:57Z,29.15,-87.6,8.13,196
2020-10-28T19:55:58Z,29.13,-87.57,8.13,196
2020-10-28T19:55:59Z,29.13,-87.6,8.13,196
2020-10-28T19:56:00Z,29.13,-87.57,8.13,196
2020-10-28T19:56:01Z,29.13,-87.58,8.13,196
2020-10-28T19:56:02Z,29.13,-87.6,8.13,196
2020-10-28T19:56:03Z,29.13,-87.6,8.13,196
2020-10-28T19:56:04Z,29.13,-87.6,8.13,196
2020-10-28T19:56:05Z,29.1,-87.61,8.13,196
2020-10-28T19:56:06Z,29.1,-87.6,8.13,196
2020-10-28T19:56:07Z,29.1,-87.6,8.13,196
2020-10-28T19:56:08Z,29.1,-87.6,8.13,196
2020-10-28T19:56:09Z,29.1,-87.6,8.13,196
2020-10-28T19:56:10Z,29.1,-87.6,8.13,196
2020-10-28T19:56:11Z,29.1,-87.6,8.13,196
2020-10-28T19:56:12Z,29.1,-87.6,8.13,196
2020-10-28T19:56:13Z,29.08,-87.6,8.13,196
2020-10-28T19:56:14Z,29.08,-87.6,8.13,196
2020-10-28T19:56:15Z,29.08,-87.6,8.13,196
2020-10-28T19:56:16Z,29.08,-87.61,8.13,196
2020-10-28T19:56:17Z,29.08,-87.6,8.13,196
2020-10-28T19:56:18Z,29.08,-87.6,8.13,196
2020-10-28T19:56:19Z,29.08,-87.6,8.13,196
2020-10-28T19:56:20Z,29.08,-87.61,8.13,196
2020-10-28T19:56:21Z,29.08,-87.61,8.13,196
2020-10-28T19:56:22Z,29.08,-87.61,8.13,196
2020-10-28T19:56:23Z,29.08,-87.64,8.13,196
2020-10-28T19:56:24Z,29.08,-87.64,8.13,196
2020-10-28T19:56:25Z,29.08,-87.61,8.13,196
2020-10-28T19:56:26Z,29.08,-87.61,8.13,196
2020-10-28T19:56:27Z,29.08,-87.61,8.13,196
2020-10-28T19:56:28Z,29.08,-87.61,8.13,196
2020-10-28T19:56:29Z,29.08,-87.6,8.13,196
2020-10-28T19:56:30Z,29.08,-87.61,8.13,196
2020-10-28T19:56:31Z,29.08,-87.61,8.13,196
2020-10-28T19:56:32Z,29.08,-87.61,8.13,196
2020-10-28T19:56:33Z,29.08,-87.61,8.13,196
2020-10-28T19:56:34Z,29.08,-87.61,8.13,196
2020-10-28T19:56:35Z,29.08,-87.6,8.13,196
2020-10-28T19:56:36Z,29.08,-87.6,8.13,196
2020-10-28T19:56:37Z,29.08,-87.61,8.13,196
2020-10-28T19:56:38Z,29.08,-87.61,8.13,196
2020-10-28T19:56:39Z,29.08,-87.61,8.13,196
2020-10-28T19:56:40Z,29.08,-87.61,8.13,196
2020-10-28T19:56:41Z,29.08,-87.6,8.13,196
2020-10-28T19:56:42Z,29.08,-87.61,8.13,196
2020-10-28T19:56:43Z,29.08,-87.61,8.13,196
2020-10-28T19:56:44Z,29.08,-87.6,8.13,196
2020-10-28T19:56:45Z,29.08,-87.6,8.13,196
2020-10-28T19:56:46Z,29.08,-87.61,8.13,196
2020-10-28T19:56:47Z,29.08,-87.6,8.13,196
2020-10-28T19:56:48Z,29.08,-87.6,8.13,196
2020-10-28T19:56:49Z,29.08,-87.6,8.13,196
2020-10-28T19:56:50Z,29.08,-87.6,8.13,196
2020-10-28T19:56:51Z,29.08,-87.6,8.13,196
2020-10-28T19:56:52Z,29.1,-87.6,8.13,196
2020-10-28T19:56:53Z,29.1,-87.6,8.13,196
2020-10-28T19:56:54Z,29.1,-87.6,8.13,196
2020-10-28T19:56:55Z,29.1,-87.58,8.13,196
2020-10-28T19:56:56Z,29.1,-87.6,8.13,196
2020-10-28T19:56:57Z,29.1,-87.61,8.13,196
2020-10-28T19:56:58Z,29.1,-87.6,8.13,196
2020-10-28T19:56:59Z,29.1,-87.58,8.13,196
2020-10-28T19:57:00Z,29.1,-87.6,8.13,196
2020-10-28T19:57:01Z,29.1,-87.6,8.13,196
2020-10-28T19:57:02Z,29.1,-87.58,8.13,196
2020-10-28T19:57:03Z,29.1,-87.6,8.13,196
2020-10-28T19:57:04Z,29.1,-87.6,8.13,196
2020-10-28T19:57:05Z,29.1,-87.6,8.13,196
2020-10-28T19:57:06Z,29.1,-87.6,8.13,196
2020-10-28T19:57:07Z,29.1,-87.63,8.13,196
2020-10-28T19:57:08Z,29.1,-87.64,8.13,196
2020-10-28T19:57:09Z,29.1,-87.6,8.13,196
2020-10-28T19:57:10Z,29.1,-87.6,8.13,196
2020-10-28T19:57:11Z,29.1,-87.57,8.13,196
2020-10-28T19:57:12Z,29.1,-87.57,8.13,196
2020-10-28T19:57:13Z,29.1,-87.58,8.13,196
2020-10-28T19:57:14Z,29.13,-87.71,8.13,196
2020-10-28T19:57:15Z,29.13,-87.58,8.13,196
2020-10-28T19:57:16Z,29.13,-87.55,8.13,196
2020-10-28T19:57:17Z,29.13,-87.57,8.13,196
2020-10-28T19:57:18Z,29.13,-87.55,8.13,196
2020-10-28T19:57:19Z,29.13,-87.55,8.13,196
2020-10-28T19:57:20Z,29.13,-87.57,8.13,196
2020-10-28T19:57:21Z,29.13,-87.55,8.13,196
2020-10-28T19:57:22Z,29.13,-87.55,8.13,196
2020-10-28T19:57:23Z,29.13,-87.55,8.13,196
2020-10-28T19:57:24Z,29.13,-87.55,8.13,196
2020-10-28T19:57:25Z,29.13,-87.55,8.13,196
2020-10-28T19:57:26Z,29.13,-87.55,8.13,196
2020-10-28T19:57:27Z,29.13,-87.55,8.13,196
2020-10-28T19:57:28Z,29.13,-87.55,8.13,196
2020-10-28T19:57:29Z,29.13,-87.55,8.13,196
2020-10-28T19:57:30Z,29.13,-87.55,8.13,196
2020-10-28T19:57:31Z,29.13,-87.53,8.13,196
2020-10-28T19:57:32Z,29.13,-87.53,8.13,196
2020-10-28T19:57:33Z,29.13,-87.53,8.13,196
2020-10-28T19:57:34Z,29.13,-87.53,8.13,196
2020-10-28T19:57:35Z,29.13,-87.53,8.13,196
2020-10-28T19:57:36Z,29.13,-87.53,8.13,196
2020-10-28T19:57:37Z,29.13,-87.53,8.13,196
2020-10-28T19:57:38Z,29.13,-87.53,8.13,196
2020-10-28T19:57:39Z,29.13,-87.53,8.13,196
2020-10-28T19:57:40Z,29.15,-87.53,8.13,196
2020-10-28T19:57:41Z,29.15,-87.53,8.13,196
2020-10-28T19:57:42Z,29.15,-87.53,8.13,196
2020-10-28T19:57:43Z,29.15,-87.53,8.13,196
2020-10-28T19:57:44Z,29.15,-87.52,8.13,196
2020-10-28T19:57:45Z,29.15,-87.53,8.13,196
2020-10-28T19:57:46Z,29.15,-87.52,8.13,196
2020-10-28T19:57:47Z,29.15,-87.52,8.13,196
2020-10-28T19:57:48Z,29.15,-87.52,8.13,196
2020-10-28T19:57:49Z,29.15,-87.52,8.13,196
2020-10-28T19:57:50Z,29.15,-87.52,8.13,196
2020-10-28T19:57:51Z,29.15,-87.52,8.13,196
2020-10-28T19:57:52Z,29.15,-87.52,8.13,196
2020-10-28T19:57:53Z,29.15,-87.5,8.13,196
2020-10-28T19:57:54Z,29.15,-87.52,8.13,196
2020-10-28T19:57:55Z,29.15,-87.52,8.13,196
2020-10-28T19:57:56Z,29.15,-87.5,8.13,196
2020-10-28T19:57:57Z,29.15,-87.5,8.13,196
2020-10-28T19:57:58Z,29.15,-87.5,8.13,196
2020-10-28T19:57:59Z,29.15,-87.5,8.13,196
2020-10-28T19:58:00Z,29.15,-87.5,8.13,196
2020-10-28T19:58:01Z,29.15,-87.5,8.13,196
2020-10-28T19:58:02Z,29.15,-87.5,8.13,196
2020-10-28T19:58:03Z,29.15,-87.5,8.13,196
2020-10-28T19:58:04Z,29.15,-87.5,8.13,196
2020-10-28T19:58:05Z,29.15,-87.5,8.13,196
2020-10-28T19:58:06Z,29.15,-87.49,8.13,196
2020-10-28T19:58:07Z,29.15,-87.5,8.13,196
2020-10-28T19:58:08Z,29.15,-87.5,8.13,196
2020-10-28T19:58:09Z,29.15,-87.53,8.13,196
2020-10-28T19:58:10Z,29.18,-87.52,8.13,196
2020-10-28T19:58:11Z,29.18,-87.47,8.13,196
2020-10-28T19:58:12Z,29.18,-87.49,8.13,196
2020-10-28T19:58:13Z,29.18,-87.49,8.13,196
2020-10-28T19:58:14Z,29.18,-87.49,8.13,196
2020-10-28T19:58:15Z,29.18,-87.49,8.13,196
2020-10-28T19:58:16Z,29.18,-87.49,8.13,196
2020-10-28T19:58:17Z,29.18,-87.61,8.13,196
2020-10-28T19:58:18Z,29.18,-87.53,8.13,196
2020-10-28T19:58:19Z,29.18,-87.46,8.13,196
2020-10-28T19:58:20Z,29.18,-87.47,8.13,196
2020-10-28T19:58:21Z,29.18,-87.47,8.13,196
2020-10-28T19:58:22Z,29.18,-87.47,8.13,196
2020-10-28T19:58:23Z,29.18,-87.47,8.13,196
2020-10-28T19:58:24Z,29.18,-87.47,8.13,196
2020-10-28T19:58:25Z,29.18,-87.39,8.13,196
2020-10-28T19:58:26Z,29.18,-87.52,8.13,196
2020-10-28T19:58:27Z,29.18,-87.39,8.13,196
2020-10-28T19:58:28Z,29.18,-87.46,8.13,196
2020-10-28T19:58:29Z,29.18,-87.46,8.13,196
2020-10-28T19:58:30Z,29.18,-87.46,8.13,196
2020-10-28T19:58:31Z,29.18,-87.47,8.13,196
2020-10-28T19:58:32Z,29.2,-87.47,8.13,196
2020-10-28T19:58:33Z,29.2,-87.47,8.13,196
2020-10-28T19:58:34Z,29.2,-87.47,8.13,196
2020-10-28T19:58:35Z,29.2,-87.46,8.13,196
2020-10-28T19:58:36Z,29.2,-87.47,8.13,196
2020-10-28T19:58:37Z,29.2,-87.46,8.13,196
2020-10-28T19:58:38Z,29.2,-87.47,8.13,196
2020-10-28T19:58:39Z,29.2,-87.47,8.13,196
2020-10-28T19:58:40Z,29.2,-87.47,8.13,196
2020-10-28T19:58:41Z,29.2,-87.47,8.13,196
2020-10-28T19:58:42Z,29.2,-87.46,8.13,196
2020-10-28T19:58:43Z,29.2,-87.46,8.13,196
2020-10-28T19:58:44Z,29.2,-87.46,8.13,196
2020-10-28T19:58:45Z,29.2,-87.46,8.13,196
2020-10-28T19:58:46Z,29.2,-87.46,8.13,196
2020-10-28T19:58:47Z,29.2,-87.46,8.13,196
2020-10-28T19:58:48Z,29.2,-87.46,8.13,196
2020-10-28T19:58:49Z,29.2,-87.46,8.13,196
2020-10-28T19:58:50Z,29.2,-87.46,8.13,196
2020-10-28T19:58:51Z,29.2,-87.46,8.13,196
2020-10-28T19:58:52Z,29.2,-87.46,8.13,196
2020-10-28T19:58:53Z,29.2,-87.46,8.13,196
2020-10-28T19:58:54Z,29.2,-87.46,8.13,196
2020-10-28T19:58:55Z,29.23,-87.46,8.13,196
2020-10-28T19:58:56Z,29.23,-87.44,8.13,196
2020-10-28T19:58:57Z,29.23,-87.46,8.13,196
2020-10-28T19:58:58Z,29.23,-87.46,8.13,196
2020-10-28T19:58:59Z,29.23,-87.46,8.13,196
2020-10-28T19:59:00Z,29.23,-87.46,8.13,196
2020-10-28T19:59:01Z,29.23,-87.44,8.13,196
2020-10-28T19:59:02Z,29.23,-87.44,8.13,196
2020-10-28T19:59:03Z,29.23,-87.44,8.13,196
2020-10-28T19:59:04Z,29.23,-87.44,8.13,196
2020-10-28T19:59:05Z,29.23,-87.44,8.13,196
2020-10-28T19:59:06Z,29.23,-87.44,8.13,196
2020-10-28T19:59:07Z,29.23,-87.44,8.13,196
2020-10-28T19:59:08Z,29.23,-87.44,8.13,196
2020-10-28T19:59:09Z,29.23,-87.44,8.13,196
2020-10-28T19:59:10Z,29.23,-87.44,8.13,196
2020-10-28T19:59:11Z,29.23,-87.42,8.13,196
2020-10-28T19:59:12Z,29.23,-87.42,8.13,196
2020-10-28T19:59:13Z,29.23,-87.42,8.13,196
2020-10-28T19:59:14Z,29.23,-87.42,8.13,196
2020-10-28T19:59:15Z,29.23,-87.42,8.13,196
2020-10-28T19:59:16Z,29.23,-87.42,8.13,196
2020-10-28T19:59:17Z,29.23,-87.42,8.13,196
2020-10-28T19:59:18Z,29.23,-87.42,8.13,196
2020-10-28T19:59:19Z,29.23,-87.42,8.13,196
2020-10-28T19:59:20Z,29.23,-87.42,8.13,196
2020-10-28T19:59:21Z,29.23,-87.42,8.13,196
2020-10-28T19:59:22Z,29.23,-87.42,8.13,196
2020-10-28T19:59:23Z,29.25,-87.42,8.13,196
2020-10-28T19:59:24Z,29.25,-87.41,8.13,196
2020-10-28T19:59:25Z,29.25,-87.42,8.13,196
2020-10-28T19:59:26Z,29.25,-87.41,8.13,196
2020-10-28T19:59:27Z,29.25,-87.41,8.13,196
2020-10-28T19:59:28Z,29.25,-87.41,8.13,196
2020-10-28T19:59:29Z,29.25,-87.41,8.13,196
2020-10-28T19:59:30Z,29.25,-87.41,8.13,196
2020-10-28T19:59:31Z,29.25,-87.41,8.13,196
2020-10-28T19:59:32Z,29.25,-87.41,8.13,196
2020-10-28T19:59:33Z,29.25,-87.41,8.13,196
2020-10-28T19:59:34Z,29.25,-87.41,8.13,196
2020-10-28T19:59:35Z,29.25,-87.41,8.13,196
2020-10-28T19:59:36Z,29.25,-87.39,8.13,196
2020-10-28T19:59:37Z,29.25,-87.41,8.13,196
2020-10-28T19:59:38Z,29.25,-87.39,8.13,196
2020-10-28T19:59:39Z,29.25,-87.39,8.13,196
2020-10-28T19:59:40Z,29.25,-87.39,8.13,196
2020-10-28T19:59:41Z,29.25,-87.39,8.13,196
2020-10-28T19:59:42Z,29.25,-87.39,8.13,196
2020-10-28T19:59:43Z,29.25,-87.39,8.13,196
2020-10-28T19:59:44Z,29.25,-87.38,8.13,196
2020-10-28T19:59:45Z,29.25,-87.39,8.13,196
2020-10-28T19:59:46Z,29.25,-87.39,8.13,196
2020-10-28T19:59:47Z,29.25,-87.39,8.13,196
2020-10-28T19:59:48Z,29.25,-87.38,8.13,196
2020-10-28T19:59:49Z,29.25,-87.39,8.13,196
2020-10-28T19:59:50Z,29.25,-87.38,8.13,196
2020-10-28T19:59:51Z,29.25,-87.38,8.13,196
2020-10-28T19:59:52Z,29.25,-87.38,8.13,196
2020-10-28T19:59:53Z,29.25,-87.38,8.13,196
2020-10-28T19:59:54Z,29.25,-87.38,8.13,196
2020-10-28T19:59:55Z,29.25,-87.38,8.13,196
2020-10-28T19:59:56Z,29.25,-87.38,8.13,196
2020-10-28T19:59:57Z,29.28,-87.38,8.13,196
2020-10-28T19:59:58Z,29.28,-87.38,8.13,196
2020-10-28T19:59:59Z,29.28,-87.38,8.13,196
2020-10-28T20:00:00Z,29.28,-87.38,8.13,196
2020-10-28T20:00:01Z,29.28,-87.36,8.13,196
2020-10-28T20:00:02Z,29.28,-87.38,8.13,196
2020-10-28T20:00:03Z,29.28,-87.36,8.13,196
2020-10-28T20:00:04Z,29.28,-87.38,8.13,196
2020-10-28T20:00:05Z,29.28,-87.36,8.13,196
2020-10-28T20:00:06Z,29.28,-87.36,8.13,196
2020-10-28T20:00:07Z,29.28,-87.36,8.13,196
2020-10-28T20:00:08Z,29.28,-87.36,8.13,196
2020-10-28T20:00:09Z,29.28,-87.36,8.13,196
2020-10-28T20:00:10Z,29.28,-87.36,8.13,196
2020-10-28T20:00:11Z,29.28,-87.42,8.13,196
2020-10-28T20:00:12Z,29.28,-87.38,8.13,196
2020-10-28T20:00:13Z,29.28,-87.38,8.13,196
2020-10-28T20:00:14Z,29.28,-87.36,8.13,196
2020-10-28T20:00:15Z,29.28,-87.36,8.13,196
2020-10-28T20:00:16Z,29.28,-87.36,8.13,196
2020-10-28T20:00:17Z,29.28,-87.36,8.13,196
2020-10-28T20:00:18Z,29.28,-87.35,8.13,196
2020-10-28T20:00:19Z,29.28,-87.35,8.13,196
2020-10-28T20:00:20Z,29.28,-87.35,8.13,196
2020-10-28T20:00:21Z,29.28,-87.35,8.13,196
2020-10-28T20:00:22Z,29.28,-87.35,8.13,196
2020-10-28T20:00:23Z,29.28,-87.35,8.13,196
2020-10-28T20:00:24Z,29.28,-87.35,8.13,196
2020-10-28T20:00:25Z,29.28,-87.35,8.13,196
2020-10-28T20:00:26Z,29.28,-87.35,8.13,196
2020-10-28T20:00:27Z,29.28,-87.35,8.13,196
2020-10-28T20:00:28Z,29.28,-87.35,8.13,196
2020-10-28T20:00:29Z,29.28,-87.35,8.13,196
2020-10-28T20:00:30Z,29.28,-87.35,8.13,196
2020-10-28T20:00:31Z,29.28,-87.33,8.13,196
2020-10-28T20:00:32Z,29.3,-87.35,8.13,196
2020-10-28T20:00:33Z,29.3,-87.33,8.13,196
2020-10-28T20:00:34Z,29.3,-87.33,8.13,196
2020-10-28T20:00:35Z,29.3,-87.33,8.13,196
2020-10-28T20:00:36Z,29.3,-87.33,8.13,196
2020-10-28T20:00:37Z,29.3,-87.35,8.13,196
2020-10-28T20:00:38Z,29.3,-87.33,8.13,196
2020-10-28T20:00:39Z,29.3,-87.33,8.13,196
2020-10-28T20:00:40Z,29.3,-87.33,8.13,196
2020-10-28T20:00:41Z,29.3,-87.33,8.13,196
2020-10-28T20:00:42Z,29.3,-87.33,8.13,196
2020-10-28T20:00:43Z,29.3,-87.33,8.13,196
2020-10-28T20:00:44Z,29.3,-87.33,8.13,196
2020-10-28T20:00:45Z,29.3,-87.33,8.13,196
2020-10-28T20:00:46Z,29.3,-87.33,8.13,196
2020-10-28T20:00:47Z,29.3,-87.33,8.13,196
2020-10-28T20:00:48Z,29.3,-87.33,8.13,196
2020-10-28T20:00:49Z,29.3,-87.33,8.13,196
2020-10-28T20:00:50Z,29.3,-87.33,8.13,196
2020-10-28T20:00:51Z,29.3,-87.32,8.13,196
2020-10-28T20:00:52Z,29.3,-87.33,8.13,196
2020-10-28T20:00:53Z,29.3,-87.33,8.13,196
2020-10-28T20:00:54Z,29.3,-87.32,8.13,196
2020-10-28T20:00:55Z,29.3,-87.32,8.13,196
2020-10-28T20:00:56Z,29.3,-87.32,8.13,196
2020-10-28T20:00:57Z,29.3,-87.32,8.13,196
2020-10-28T20:00:58Z,29.3,-87.32,8.13,196
2020-10-28T20:00:59Z,29.3,-87.32,8.13,196
2020-10-28T20:01:00Z,29.3,-87.32,8.13,196
2020-10-28T20:01:01Z,29.3,-87.32,8.13,196
2020-10-28T20:01:02Z,29.3,-87.32,8.13,196
2020-10-28T20:01:03Z,29.3,-87.32,8.13,196
2020-10-28T20:01:04Z,29.3,-87.32,8.13,196
2020-10-28T20:01:05Z,29.3,-87.32,8.13,196
2020-10-28T20:01:06Z,29.3,-87.32,8.13,196
2020-10-28T20:01:07Z,29.3,-87.3,8.13,196
2020-10-28T20:01:08Z,29.3,-87.32,8.13,196
2020-10-28T20:01:09Z,29.3,-87.32,8.13,196
2020-10-28T20:01:10Z,29.3,-87.3,8.13,196
2020-10-28T20:01:11Z,29.3,-87.3,8.13,196
2020-10-28T20:01:12Z,29.3,-87.3,8.13,196
2020-10-28T20:01:13Z,29.3,-87.3,8.13,196
2020-10-28T20:01:14Z,29.33,-87.3,8.13,196
2020-10-28T20:01:15Z,29.33,-87.3,8.13,196
2020-10-28T20:01:16Z,29.33,-87.3,8.13,196
2020-10-28T20:01:17Z,29.33,-87.3,8.13,196
2020-10-28T20:01:18Z,29.33,-87.3,8.13,196
2020-10-28T20:01:19Z,29.33,-87.3,8.13,196
2020-10-28T20:01:20Z,29.33,-87.3,8.13,196
2020-10-28T20:01:21Z,29.33,-87.3,8.13,196
2020-10-28T20:01:22Z,29.33,-87.3,8.13,196
2020-10-28T20:01:23Z,29.33,-87.28,8.13,196
2020-10-28T20:01:24Z,29.33,-87.28,8.13,196
2020-10-28T20:01:25Z,29.33,-87.3,8.13,196
2020-10-28T20:01:26Z,29.33,-87.28,8.13,196
2020-10-28T20:01:27Z,29.33,-87.28,8.13,196
2020-10-28T20:01:28Z,29.33,-87.28,8.13,196
2020-10-28T20:01:29Z,29.33,-87.28,8.13,196
2020-10-28T20:01:30Z,29.33,-87.28,8.13,196
2020-10-28T20:01:31Z,29.33,-87.28,8.13,196
2020-10-28T20:01:32Z,29.33,-87.28,8.13,196
2020-10-28T20:01:33Z,29.33,-87.28,8.13,196
2020-10-28T20:01:34Z,29.33,-87.28,8.13,196
2020-10-28T20:01:35Z,29.33,-87.28,8.13,196
2020-10-28T20:01:36Z,29.33,-87.28,8.13,196
2020-10-28T20:01:37Z,29.33,-87.27,8.12,196
2020-10-28T20:01:38Z,29.33,-87.28,8.13,196
2020-10-28T20:01:39Z,29.33,-87.28,8.13,196
2020-10-28T20:01:40Z,29.33,-87.27,8.12,196
2020-10-28T20:01:41Z,29.33,-87.28,8.13,196
2020-10-28T20:01:42Z,29.33,-87.28,8.13,196
2020-10-28T20:01:43Z,29.33,-87.27,8.12,196
2020-10-28T20:01:44Z,29.33,-87.27,8.12,196
2020-10-28T20:01:45Z,29.33,-87.27,8.12,196
2020-10-28T20:01:46Z,29.33,-87.27,8.12,196
2020-10-28T20:01:47Z,29.33,-87.27,8.12,196
2020-10-28T20:01:48Z,29.33,-87.27,8.12,196
2020-10-28T20:01:49Z,29.33,-87.27,8.12,196
2020-10-28T20:01:50Z,29.33,-87.27,8.12,196
2020-10-28T20:01:51Z,29.33,-87.27,8.12,196
2020-10-28T20:01:52Z,29.33,-87.27,8.12,196
2020-10-28T20:01:53Z,29.33,-87.25,8.12,196
2020-10-28T20:01:54Z,29.33,-87.27,8.12,196
2020-10-28T20:01:55Z,29.33,-87.27,8.12,196
2020-10-28T20:01:56Z,29.33,-87.25,8.12,196
2020-10-28T20:01:57Z,29.33,-87.25,8.12,196
2020-10-28T20:01:58Z,29.33,-87.25,8.12,196
2020-10-28T20:01:59Z,29.33,-87.27,8.12,196
2020-10-28T20:02:00Z,29.33,-87.25,8.12,196
2020-10-28T20:02:01Z,29.33,-87.27,8.12,196
2020-10-28T20:02:02Z,29.35,-87.25,8.12,196
2020-10-28T20:02:03Z,29.35,-87.27,8.12,196
2020-10-28T20:02:04Z,29.35,-87.25,8.12,196
2020-10-28T20:02:05Z,29.35,-87.25,8.12,196
2020-10-28T20:02:06Z,29.35,-87.25,8.12,196
2020-10-28T20:02:07Z,29.35,-87.25,8.12,196
2020-10-28T20:02:08Z,29.35,-87.25,8.12,196
2020-10-28T20:02:09Z,29.35,-87.25,8.12,196
2020-10-28T20:02:10Z,29.35,-87.25,8.12,196
2020-10-28T20:02:11Z,29.35,-87.24,8.12,196
2020-10-28T20:02:12Z,29.35,-87.24,8.12,196
2020-10-28T20:02:13Z,29.35,-87.24,8.12,196
2020-10-28T20:02:14Z,29.35,-87.24,8.12,196
2020-10-28T20:02:15Z,29.35,-87.24,8.12,196
2020-10-28T20:02:16Z,29.35,-87.24,8.12,196
2020-10-28T20:02:17Z,29.35,-87.24,8.12,196
2020-10-28T20:02:18Z,29.35,-87.24,8.12,196
2020-10-28T20:02:19Z,29.35,-87.24,8.12,196
2020-10-28T20:02:20Z,29.35,-87.24,8.12,196
2020-10-28T20:02:21Z,29.35,-87.24,8.12,196
2020-10-28T20:02:22Z,29.35,-87.24,8.12,196
2020-10-28T20:02:23Z,29.35,-87.24,8.12,196
2020-10-28T20:02:24Z,29.35,-87.24,8.12,196
2020-10-28T20:02:25Z,29.35,-87.24,8.12,196
2020-10-28T20:02:26Z,29.35,-87.24,8.12,196
2020-10-28T20:02:27Z,29.35,-87.24,8.12,196
2020-10-28T20:02:28Z,29.35,-87.24,8.12,196
2020-10-28T20:02:29Z,29.35,-87.22,8.12,196
2020-10-28T20:02:30Z,29.35,-87.22,8.12,196
2020-10-28T20:02:31Z,29.35,-87.22,8.12,196
2020-10-28T20:02:32Z,29.35,-87.22,8.12,196
2020-10-28T20:02:33Z,29.35,-87.22,8.12,196
2020-10-28T20:02:34Z,29.35,-87.22,8.12,196
2020-10-28T20:02:35Z,29.35,-87.22,8.12,196
2020-10-28T20:02:36Z,29.35,-87.22,8.12,196
2020-10-28T20:02:37Z,29.35,-87.22,8.12,196
2020-10-28T20:02:38Z,29.35,-87.22,8.12,196
2020-10-28T20:02:39Z,29.35,-87.22,8.12,196
2020-10-28T20:02:40Z,29.35,-87.22,8.12,196
2020-10-28T20:02:41Z,29.35,-87.22,8.12,196
2020-10-28T20:02:42Z,29.35,-87.22,8.12,196
2020-10-28T20:02:43Z,29.35,-87.22,8.12,196
2020-10-28T20:02:44Z,29.35,-87.22,8.12,196
2020-10-28T20:02:45Z,29.35,-87.22,8.12,196
2020-10-28T20:02:46Z,29.35,-87.21,8.12,196
2020-10-28T20:02:47Z,29.35,-87.21,8.12,196
2020-10-28T20:02:48Z,29.35,-87.21,8.12,196
2020-10-28T20:02:49Z,29.35,-87.21,8.12,196
2020-10-28T20:02:50Z,29.35,-87.21,8.12,196
2020-10-28T20:02:51Z,29.35,-87.21,8.12,196
2020-10-28T20:02:52Z,29.35,-87.21,8.12,196
2020-10-28T20:02:53Z,29.35,-87.21,8.12,196
2020-10-28T20:02:54Z,29.35,-87.21,8.12,196
2020-10-28T20:02:55Z,29.35,-87.21,8.12,196
2020-10-28T20:02:56Z,29.35,-87.21,8.12,196
2020-10-28T20:02:57Z,29.35,-87.21,8.12,196
2020-10-28T20:02:58Z,29.35,-87.21,8.12,196
2020-10-28T20:02:59Z,29.35,-87.21,8.12,196
2020-10-28T20:03:00Z,29.38,-87.21,8.12,196
2020-10-28T20:03:01Z,29.38,-87.22,8.12,196
2020-10-28T20:03:02Z,29.38,-87.21,8.12,196
2020-10-28T20:03:03Z,29.38,-87.21,8.12,196
2020-10-28T20:03:04Z,29.38,-87.21,8.12,196
2020-10-28T20:03:05Z,29.38,-87.21,8.12,196
2020-10-28T20:03:06Z,29.38,-87.19,8.12,196
2020-10-28T20:03:07Z,29.38,-87.19,8.12,196
2020-10-28T20:03:08Z,29.38,-87.19,8.12,196
2020-10-28T20:03:09Z,29.38,-87.19,8.12,196
2020-10-28T20:03:10Z,29.38,-87.19,8.12,196
2020-10-28T20:03:11Z,29.38,-87.19,8.12,196
2020-10-28T20:03:12Z,29.38,-87.19,8.12,196
2020-10-28T20:03:13Z,29.38,-87.19,8.12,196
2020-10-28T20:03:14Z,29.38,-87.19,8.12,196
2020-10-28T20:03:15Z,29.38,-87.19,8.12,196
2020-10-28T20:03:16Z,29.38,-87.19,8.12,196
2020-10-28T20:03:17Z,29.38,-87.19,8.12,196
2020-10-28T20:03:18Z,29.38,-87.19,8.12,196
2020-10-28T20:03:19Z,29.38,-87.17,8.12,196
2020-10-28T20:03:20Z,29.38,-87.19,8.12,196
2020-10-28T20:03:21Z,29.38,-87.17,8.12,196
2020-10-28T20:03:22Z,29.38,-87.17,8.12,196
2020-10-28T20:03:23Z,29.38,-87.17,8.12,196
2020-10-28T20:03:24Z,29.38,-87.17,8.12,196
2020-10-28T20:03:25Z,29.38,-87.17,8.12,196
2020-10-28T20:03:26Z,29.38,-87.17,8.12,196
2020-10-28T20:03:27Z,29.38,-87.17,8.12,196
2020-10-28T20:03:28Z,29.38,-87.17,8.12,196
2020-10-28T20:03:29Z,29.38,-87.17,8.12,196
2020-10-28T20:03:30Z,29.38,-87.17,8.12,196
2020-10-28T20:03:31Z,29.38,-87.17,8.12,196
2020-10-28T20:03:32Z,29.38,-87.17,8.12,196
2020-10-28T20:03:33Z,29.38,-87.17,8.12,196
2020-10-28T20:03:34Z,29.38,-87.17,8.12,196
2020-10-28T20:03:35Z,29.38,-87.17,8.12,196
2020-10-28T20:03:36Z,29.38,-87.17,8.12,196
2020-10-28T20:03:37Z,29.38,-87.17,8.12,196
2020-10-28T20:03:38Z,29.38,-87.16,8.12,196
2020-10-28T20:03:39Z,29.38,-87.17,8.12,196
2020-10-28T20:03:40Z,29.38,-87.17,8.12,196
2020-10-28T20:03:41Z,29.38,-87.17,8.12,196
2020-10-28T20:03:42Z,29.38,-87.17,8.12,196
2020-10-28T20:03:43Z,29.38,-87.17,8.12,196
2020-10-28T20:03:44Z,29.38,-87.16,8.12,196
2020-10-28T20:03:45Z,29.38,-87.16,8.12,196
2020-10-28T20:03:46Z,29.38,-87.16,8.12,196
2020-10-28T20:03:47Z,29.38,-87.17,8.12,196
2020-10-28T20:03:48Z,29.38,-87.17,8.12,196
2020-10-28T20:03:49Z,29.38,-87.11,8.12,196
2020-10-28T20:03:50Z,29.38,-87.21,8.12,196
2020-10-28T20:03:51Z,29.38,-87.17,8.12,196
2020-10-28T20:03:52Z,29.38,-87.17,8.12,196
2020-10-28T20:03:53Z,29.38,-87.17,8.12,196
2020-10-28T20:03:54Z,29.38,-87.17,8.12,196
2020-10-28T20:03:55Z,29.38,-87.17,8.12,196
2020-10-28T20:03:56Z,29.38,-87.17,8.12,196
2020-10-28T20:03:57Z,29.38,-87.17,8.12,196
2020-10-28T20:03:58Z,29.38,-87.16,8.12,196
2020-10-28T20:03:59Z,29.38,-87.16,8.12,196
2020-10-28T20:04:00Z,29.38,-87.16,8.12,196
2020-10-28T20:04:01Z,29.38,-87.16,8.12,196
2020-10-28T20:04:02Z,29.38,-87.16,8.12,196
2020-10-28T20:04:03Z,29.38,-87.16,8.12,196
2020-10-28T20:04:04Z,29.38,-87.16,8.12,196
2020-10-28T20:04:05Z,29.38,-87.16,8.12,196
2020-10-28T20:04:06Z,29.38,-87.16,8.12,196
2020-10-28T20:04:07Z,29.38,-87.16,8.12,196
2020-10-28T20:04:08Z,29.38,-87.16,8.12,196
2020-10-28T20:04:09Z,29.38,-87.16,8.12,196
2020-10-28T20:04:10Z,29.4,-87.16,8.12,196
2020-10-28T20:04:11Z,29.4,-87.16,8.12,196
2020-10-28T20:04:12Z,29.4,-87.16,8.12,196
2020-10-28T20:04:13Z,29.4,-87.16,8.12,196
2020-10-28T20:04:14Z,29.4,-87.16,8.12,196
2020-10-28T20:04:15Z,29.4,-87.16,8.12,196
2020-10-28T20:04:16Z,29.4,-87.16,8.12,196
2020-10-28T20:04:17Z,29.4,-87.16,8.12,196
2020-10-28T20:04:18Z,29.4,-87.16,8.12,196
2020-10-28T20:04:19Z,29.4,-87.16,8.12,196
2020-10-28T20:04:20Z,29.4,-87.16,8.12,196
2020-10-28T20:04:21Z,29.4,-87.16,8.12,196
2020-10-28T20:04:22Z,29.4,-87.14,8.12,196
2020-10-28T20:04:23Z,29.4,-87.16,8.12,196
2020-10-28T20:04:24Z,29.4,-87.16,8.12,196
2020-10-28T20:04:25Z,29.4,-87.16,8.12,196
2020-10-28T20:04:26Z,29.4,-87.16,8.12,196
2020-10-28T20:04:27Z,29.4,-87.16,8.12,196
2020-10-28T20:04:28Z,29.4,-87.16,8.12,196
2020-10-28T20:04:29Z,29.4,-87.16,8.12,196
2020-10-28T20:04:30Z,29.4,-87.16,8.12,196
2020-10-28T20:04:31Z,29.4,-87.16,8.12,196
2020-10-28T20:04:32Z,29.4,-87.16,8.12,196
2020-10-28T20:04:33Z,29.4,-87.13,8.12,196
2020-10-28T20:04:34Z,29.4,-87.14,8.12,196
2020-10-28T20:04:35Z,29.4,-87.14,8.12,196
2020-10-28T20:04:36Z,29.4,-87.14,8.12,196
2020-10-28T20:04:37Z,29.4,-87.14,8.12,196
2020-10-28T20:04:38Z,29.4,-87.14,8.12,196
2020-10-28T20:04:39Z,29.4,-87.14,8.12,196
2020-10-28T20:04:40Z,29.4,-87.16,8.12,196
2020-10-28T20:04:41Z,29.4,-87.14,8.12,196
2020-10-28T20:04:42Z,29.4,-87.14,8.12,196
2020-10-28T20:04:43Z,29.4,-87.14,8.12,196
2020-10-28T20:04:44Z,29.4,-87.14,8.12,196
2020-10-28T20:04:45Z,29.43,-87.14,8.12,196
2020-10-28T20:04:46Z,29.43,-87.14,8.12,196
2020-10-28T20:04:47Z,29.43,-87.14,8.12,196
2020-10-28T20:04:48Z,29.43,-87.14,8.12,196
2020-10-28T20:04:49Z,29.43,-87.14,8.12,196
2020-10-28T20:04:50Z,29.43,-87.14,8.12,196
2020-10-28T20:04:51Z,29.43,-87.14,8.12,196
2020-10-28T20:04:52Z,29.43,-87.14,8.12,196
2020-10-28T20:04:53Z,29.43,-87.14,8.12,196
2020-10-28T20:04:54Z,29.43,-87.14,8.12,196
2020-10-28T20:04:55Z,29.43,-87.14,8.12,196
2020-10-28T20:04:56Z,29.43,-87.14,8.12,196
2020-10-28T20:04:57Z,29.43,-87.14,8.12,196
2020-10-28T20:04:58Z,29.43,-87.14,8.12,196
2020-10-28T20:04:59Z,29.43,-87.13,8.12,196
2020-10-28T20:05:00Z,29.43,-87.13,8.12,196
2020-10-28T20:05:01Z,29.43,-87.14,8.12,196
2020-10-28T20:05:02Z,29.43,-87.13,8.12,196
2020-10-28T20:05:03Z,29.43,-87.13,8.12,196
2020-10-28T20:05:04Z,29.43,-87.33,8.13,196
2020-10-28T20:05:05Z,29.43,-86.66,8.11,196
2020-10-28T20:05:06Z,29.43,-85.52,8.09,196
2020-10-28T20:05:07Z,29.4,-83.63,8.06,196
2020-10-28T20:05:08Z,29.4,-78.36,7.97,196
2020-10-28T20:05:09Z,29.35,-87.22,8.12,196
2020-10-28T20:05:10Z,29.35,-86.78,8.12,196
2020-10-28T20:05:11Z,29.38,-86.97,8.12,196
2020-10-28T20:05:12Z,29.4,-87.05,8.12,196
2020-10-28T20:05:13Z,29.4,-87.1,8.12,196
2020-10-28T20:05:14Z,29.4,-87.11,8.12,196
2020-10-28T20:05:15Z,29.43,-87.14,8.12,196
2020-10-28T20:05:16Z,29.43,-87.14,8.12,196
2020-10-28T20:05:17Z,29.43,-87.16,8.12,196
2020-10-28T20:05:18Z,29.43,-87.16,8.12,196
2020-10-28T20:05:19Z,29.43,-87.17,8.12,196
2020-10-28T20:05:20Z,29.43,-87.17,8.12,196
2020-10-28T20:05:21Z,29.43,-87.17,8.12,196
2020-10-28T20:05:22Z,29.43,-87.16,8.12,196
2020-10-28T20:05:23Z,29.43,-87.17,8.12,196
2020-10-28T20:05:24Z,29.43,-87.19,8.12,196
2020-10-28T20:05:25Z,29.43,-87.19,8.12,196
2020-10-28T20:05:26Z,29.43,-87.19,8.12,196
2020-10-28T20:05:27Z,29.43,-87.19,8.12,196
2020-10-28T20:05:28Z,29.43,-87.19,8.12,196
2020-10-28T20:05:29Z,29.43,-87.19,8.12,196
2020-10-28T20:05:30Z,29.43,-87.19,8.12,196
2020-10-28T20:05:31Z,29.43,-87.19,8.12,196
2020-10-28T20:05:32Z,29.43,-87.19,8.12,196
2020-10-28T20:05:33Z,29.43,-87.19,8.12,196
2020-10-28T20:05:34Z,29.43,-87.19,8.12,196
2020-10-28T20:05:35Z,29.43,-87.19,8.12,196
2020-10-28T20:05:36Z,29.43,-87.19,8.12,196
2020-10-28T20:05:37Z,29.43,-87.19,8.12,196
2020-10-28T20:05:38Z,29.43,-87.19,8.12,196
2020-10-28T20:05:39Z,29.43,-87.21,8.12,196
2020-10-28T20:05:40Z,29.43,-87.19,8.12,196
2020-10-28T20:05:41Z,29.43,-87.19,8.12,196
2020-10-28T20:05:42Z,29.43,-87.19,8.12,196
2020-10-28T20:05:43Z,29.43,-87.19,8.12,196
2020-10-28T20:05:44Z,29.43,-86.89,8.12,196
2020-10-28T20:05:45Z,29.43,-83.92,8.07,196
2020-10-28T20:05:46Z,29.4,-79.66,8,196
2020-10-28T20:05:47Z,29.38,-75.22,7.92,196
